   2   3   5   6   7   8   9  10  11  14   -1.00000000000E+00  -1.65601329975E+03   1.75387833959E-01
   1   4   5   6   7   8   9  10  12  13   -1.00000000000E+00  -1.65601329975E+03   1.75387833959E-01
   3   4   5   6   7   8   9  10  11  12    9.91492928780E-01  -1.65603456845E+03   1.64760816276E-01
   1   2   5   6   7   8   9  10  13  14    9.57909234834E-01  -1.65602414656E+03   2.05752924107E-01
   2   3   5   6   7   8   9  10  11  12   -7.15932109112E-01  -1.65599492190E+03   3.88591877003E-01
   1   4   5   6   7   8   9  10  11  12    7.15932109112E-01  -1.65599492190E+03   3.88591877003E-01
   1   3   4   5   6   7   8   9  10  12    7.06613607331E-01  -1.65601031895E+03   3.62726729203E-01
   2   3   4   5   6   7   8   9  10  11   -7.06613607331E-01  -1.65601031895E+03   3.62726729203E-01
   1   2   5   6   7   8   9  10  12  13   -7.07155258786E-01  -1.65599208261E+03   4.06197175968E-01
   1   2   5   6   7   8   9  10  11  14    7.07155258786E-01  -1.65599208261E+03   4.06197175968E-01
   1   2   4   5   6   7   8   9  10  13    6.96975110037E-01  -1.65600265730E+03   3.98489122564E-01
   1   2   3   5   6   7   8   9  10  14   -6.96975110037E-01  -1.65600265730E+03   3.98489122564E-01
   4   5   6   7   8   9  10  11  12  13    6.71328082917E-01  -1.65601522445E+03   3.65754346949E-01
   3   5   6   7   8   9  10  11  12  14   -6.71328082917E-01  -1.65601522445E+03   3.65754346949E-01
   2   5   6   7   8   9  10  11  13  14   -6.55931405232E-01  -1.65602826860E+03   3.75318574768E-01
   1   5   6   7   8   9  10  12  13  14    6.55931405232E-01  -1.65602826860E+03   3.75318574768E-01
   3   4   5   6   7   8   9  10  12  13   -6.57290812047E-01  -1.65599384289E+03   3.44692847288E-01
   3   4   5   6   7   8   9  10  11  14    6.57290812047E-01  -1.65599384289E+03   3.44692847288E-01
   2   3   5   6   7   8   9  10  13  14   -6.39856363618E-01  -1.65601733101E+03   3.63383590562E-01
   1   4   5   6   7   8   9  10  13  14    6.39856363618E-01  -1.65601733101E+03   3.63383590562E-01
   1   2   3   5   6   7   8   9  10  12   -5.06793997158E-01  -1.65603740551E+03   5.73800900766E-01
   1   2   4   5   6   7   8   9  10  11    5.06793997158E-01  -1.65603740551E+03   5.73800900766E-01
   1   3   5   6   7   8   9  10  12  14    4.98411746945E-01  -1.65603896354E+03   4.76749021195E-01
   2   4   5   6   7   8   9  10  11  13    4.98411746945E-01  -1.65603896354E+03   4.76749021195E-01
   1   4   5   6   7   8   9  10  11  14    4.90351524957E-01  -1.65605740618E+03   5.00366049379E-01
   2   3   5   6   7   8   9  10  12  13    4.90351524957E-01  -1.65605740618E+03   5.00366049379E-01
   1   5   6   7   8   9  10  11  12  14   -4.80847306068E-01  -1.65601537686E+03   6.07466250456E-01
   2   5   6   7   8   9  10  11  12  13    4.80847306068E-01  -1.65601537686E+03   6.07466250456E-01
   1   2   5   6   7   8   9  10  11  12    4.72235272075E-01  -1.65599650246E+03   8.48734610391E-01
   1   3   4   5   6   7   8   9  10  14    4.63251748789E-01  -1.65601868848E+03   5.79793175177E-01
   2   3   4   5   6   7   8   9  10  13   -4.63251748789E-01  -1.65601868848E+03   5.79793175177E-01
   1   2   3   4   5   6   7   8   9  10    4.63859503368E-01  -1.65596917332E+03   8.06946240889E-01
   3   5   6   7   8   9  10  12  13  14    4.41215846059E-01  -1.65601327391E+03   5.00850018534E-01
   4   5   6   7   8   9  10  11  13  14   -4.41215846059E-01  -1.65601327391E+03   5.00850018534E-01
   5   6   7   8   9  10  11  12  13  14    4.12502509738E-01  -1.65600895611E+03   8.44373532840E-01
   3   4   5   6   7   8   9  10  13  14    3.93434372842E-01  -1.65597815678E+03   7.96877233730E-01
   2   3   5   7   8   9  10  11  12  14    3.50275978289E-01  -1.65602613922E+03   8.82836198609E-01
   1   4   6   7   8   9  10  11  12  13    3.50275978289E-01  -1.65602613922E+03   8.82836198609E-01
   1   2   5   7   8   9  10  12  13  14    3.47727688909E-01  -1.65603297117E+03   8.01599565923E-01
   1   2   6   7   8   9  10  11  13  14   -3.47727688909E-01  -1.65603297117E+03   8.01599565923E-01
   2   3   4   5   6   7   9  10  11  14   -3.23106458972E-01  -1.65603256908E+03   4.65177442213E-01
   1   3   4   5   6   8   9  10  12  13   -3.23106458972E-01  -1.65603256908E+03   4.65177442213E-01
   1   2   4   5   6   7   9  10  12  13   -3.08394368723E-01  -1.65619622245E+03   4.63089875373E-01
   1   2   3   5   6   8   9  10  11  14   -3.08394368723E-01  -1.65619622245E+03   4.63089875373E-01
   1   2   4   5   6   7   9  10  13  14    3.18458271150E-01  -1.65601499191E+03   4.23667148135E-01
   1   2   3   5   6   8   9  10  13  14   -3.18458271150E-01  -1.65601499191E+03   4.23667148135E-01
   2   3   4   5   6   7   9  10  11  12   -3.20660578865E-01  -1.65603026356E+03   4.59706869368E-01
   1   3   4   5   6   8   9  10  11  12    3.20660578865E-01  -1.65603026356E+03   4.59706869368E-01
   2   3   6   7   8   9  10  11  13  14    3.23849941427E-01  -1.65601859921E+03   7.00557882016E-01
   1   4   5   7   8   9  10  12  13  14    3.23849941427E-01  -1.65601859921E+03   7.00557882016E-01
   3   4   5   7   8   9  10  11  12  14   -3.22633519332E-01  -1.65601833276E+03   7.64500543081E-01
   3   4   6   7   8   9  10  11  12  13    3.22633519332E-01  -1.65601833276E+03   7.64500543081E-01
   1   2   3   5   7   8   9  10  12  14   -2.52704457483E-01  -1.65604291851E+03   1.04336089105E+00
   1   2   4   6   7   8   9  10  11  13   -2.52704457483E-01  -1.65604291851E+03   1.04336089105E+00
   1   2   6   7   8   9  10  11  12  13    2.48721714501E-01  -1.65607509625E+03   1.22657108889E+00
   1   2   5   7   8   9  10  11  12  14   -2.48721714501E-01  -1.65607509625E+03   1.22657108889E+00
   1   2   4   5   6   7   9  10  11  14    2.42049232867E-01  -1.65607479724E+03   7.19889070908E-01
   1   2   3   5   6   8   9  10  12  13    2.42049232867E-01  -1.65607479724E+03   7.19889070908E-01
   1   2   4   5   6   7   9  10  11  12    2.25378503450E-01  -1.65617839572E+03   8.17317155501E-01
   1   2   3   5   6   8   9  10  11  12   -2.25378503450E-01  -1.65617839572E+03   8.17317155501E-01
   1   2   3   4   5   6   7   9  10  14   -2.17459342978E-01  -1.65630378551E+03   7.78690456492E-01
   1   2   3   4   5   6   8   9  10  13    2.17459342978E-01  -1.65630378551E+03   7.78690456492E-01
   2   3   6   7   8   9  10  11  12  13   -2.35262462302E-01  -1.65610429878E+03   1.01237020722E+00
   1   4   5   7   8   9  10  11  12  14   -2.35262462302E-01  -1.65610429878E+03   1.01237020722E+00
   1   2   3   4   5   6   7   9  10  12   -2.24769847951E-01  -1.65606772400E+03   7.68162289500E-01
   1   2   3   4   5   6   8   9  10  11    2.24769847951E-01  -1.65606772400E+03   7.68162289500E-01
   2   3   5   7   8   9  10  12  13  14   -2.35304463923E-01  -1.65604280794E+03   9.42150895508E-01
   1   4   6   7   8   9  10  11  13  14   -2.35304463923E-01  -1.65604280794E+03   9.42150895508E-01
   2   5   7   8   9  10  11  12  13  14    2.38035179027E-01  -1.65601241456E+03   1.11369340489E+00
   1   6   7   8   9  10  11  12  13  14   -2.38035179027E-01  -1.65601241456E+03   1.11369340489E+00
   2   3   4   6   7   8   9  10  11  13    2.33796229483E-01  -1.65603591235E+03   9.51657326702E-01
   1   3   4   5   7   8   9  10  12  14    2.33796229483E-01  -1.65603591235E+03   9.51657326702E-01
   2   4   5   6   7   9  10  11  13  14   -2.13668752157E-01  -1.65621984840E+03   6.94632795462E-01
   1   3   5   6   8   9  10  12  13  14   -2.13668752157E-01  -1.65621984840E+03   6.94632795462E-01
   2   4   5   6   7   9  10  11  12  13    2.19494038725E-01  -1.65604061034E+03   7.19957702543E-01
   1   3   5   6   8   9  10  11  12  14    2.19494038725E-01  -1.65604061034E+03   7.19957702543E-01
   2   3   4   5   6   7   9  10  12  13    2.18261503874E-01  -1.65596933537E+03   6.41776581999E-01
   1   3   4   5   6   8   9  10  11  14    2.18261503874E-01  -1.65596933537E+03   6.41776581999E-01
   1   3   4   5   6   8   9  10  13  14    2.07867703713E-01  -1.65616792741E+03   6.40901334412E-01
   2   3   4   5   6   7   9  10  13  14   -2.07867703713E-01  -1.65616792741E+03   6.40901334412E-01
   4   5   7   8   9  10  11  12  13  14    2.21255716203E-01  -1.65598337786E+03   9.94072546883E-01
   3   6   7   8   9  10  11  12  13  14   -2.21255716203E-01  -1.65598337786E+03   9.94072546883E-01
   3   4   5   7   8   9  10  12  13  14    2.13492818460E-01  -1.65596967649E+03   9.40983612261E-01
   3   4   6   7   8   9  10  11  13  14   -2.13492818460E-01  -1.65596967649E+03   9.40983612261E-01
   1   2   4   5   7   8   9  10  12  13    1.60091417399E-01  -1.65600182380E+03   2.34164118138E+00
   1   2   3   6   7   8   9  10  11  14    1.60091417399E-01  -1.65600182380E+03   2.34164118138E+00
   2   3   4   5   7   8   9  10  11  12    1.53918520566E-01  -1.65609790799E+03   2.55395375197E+00
   1   3   4   6   7   8   9  10  11  12   -1.53918520566E-01  -1.65609790799E+03   2.55395375197E+00
   2   3   5   6   8   9  10  11  13  14    1.51784514848E-01  -1.65599083457E+03   1.67235702731E+00
   1   4   5   6   7   9  10  12  13  14    1.51784514848E-01  -1.65599083457E+03   1.67235702731E+00
   3   4   5   6   8   9  10  11  12  13    1.57838994528E-01  -1.65592871970E+03   1.64560076927E+00
   3   4   5   6   7   9  10  11  12  14   -1.57838994528E-01  -1.65592871970E+03   1.64560076927E+00
   1   3   4   6   7   8   9  10  12  13   -1.26430298689E-01  -1.65603182912E+03   3.21165700242E+00
   2   3   4   5   7   8   9  10  11  14   -1.26430298689E-01  -1.65603182912E+03   3.21165700242E+00
   1   2   4   5   7   8   9  10  13  14    1.24126469971E-01  -1.65607817047E+03   3.16634669050E+00
   1   2   3   6   7   8   9  10  13  14   -1.24126469971E-01  -1.65607817047E+03   3.16634669050E+00
   1   4   5   6   8   9  10  11  12  13   -1.10109080961E-01  -1.65608406273E+03   2.78191587610E+00
   2   3   5   6   7   9  10  11  12  14   -1.10109080961E-01  -1.65608406273E+03   2.78191587610E+00
   1   2   5   6   8   9  10  11  13  14    1.13629821988E-01  -1.65576034365E+03   2.63911355973E+00
   1   2   5   6   7   9  10  12  13  14   -1.13629821988E-01  -1.65576034365E+03   2.63911355973E+00
   1   2   4   5   7   8   9  10  11  12   -1.09124663488E-01  -1.65615522065E+03   3.09894676044E+00
   1   2   3   6   7   8   9  10  11  12    1.09124663488E-01  -1.65615522065E+03   3.09894676044E+00
   1   4   5   6   7   9  10  11  12  14   -1.21059117451E-01  -1.65582641843E+03   2.00124936169E+00
   2   3   5   6   8   9  10  11  12  13   -1.21059117451E-01  -1.65582641843E+03   2.00124936169E+00
   1   2   3   4   5   7   8   9  10  12    1.08604786372E-01  -1.65611926271E+03   2.68228371158E+00
   1   2   3   4   6   7   8   9  10  11   -1.08604786372E-01  -1.65611926271E+03   2.68228371158E+00
   1   3   4   5   6   7   9  10  12  14    1.10790915434E-01  -1.65588101153E+03   2.02283585226E+00
   2   3   4   5   6   8   9  10  11  13    1.10790915434E-01  -1.65588101153E+03   2.02283585226E+00
   2   3   4   5   7   8   9  10  12  13   -1.08246832541E-01  -1.65606669818E+03   2.70402483733E+00
   1   3   4   6   7   8   9  10  11  14   -1.08246832541E-01  -1.65606669818E+03   2.70402483733E+00
   2   4   5   7   8   9  10  11  12  13   -1.11384740981E-01  -1.65593869106E+03   3.07189276254E+00
   1   3   6   7   8   9  10  11  12  14   -1.11384740981E-01  -1.65593869106E+03   3.07189276254E+00
   4   5   6   7   9  10  11  12  13  14    1.03580669861E-01  -1.65590403236E+03   2.19243162311E+00
   3   5   6   8   9  10  11  12  13  14   -1.03580669861E-01  -1.65590403236E+03   2.19243162311E+00
   3   4   5   6   8   9  10  11  13  14   -1.00836227344E-01  -1.65608598323E+03   2.01654178083E+00
   3   4   5   6   7   9  10  12  13  14    1.00836227344E-01  -1.65608598323E+03   2.01654178083E+00
   1   2   4   5   7   8   9  10  11  14    9.22823057228E-02  -1.65618994376E+03   3.59402284746E+00
   1   2   3   6   7   8   9  10  12  13    9.22823057228E-02  -1.65618994376E+03   3.59402284746E+00
   1   2   3   4   6   7   8   9  10  13    8.76189925868E-02  -1.65614458694E+03   3.43895616828E+00
   1   2   3   4   5   7   8   9  10  14   -8.76189925868E-02  -1.65614458694E+03   3.43895616828E+00
   1   2   5   6   7   9  10  11  12  14    8.03980753964E-02  -1.65591475239E+03   3.49277482154E+00
   1   2   5   6   8   9  10  11  12  13   -8.03980753964E-02  -1.65591475239E+03   3.49277482154E+00
   2   4   5   7   8   9  10  11  13  14   -8.83669303281E-02  -1.65591491353E+03   3.88184752075E+00
   1   3   6   7   8   9  10  12  13  14   -8.83669303281E-02  -1.65591491353E+03   3.88184752075E+00
   1   2   3   5   6   7   9  10  12  14    8.08020976405E-02  -1.65589621396E+03   3.14935593908E+00
   1   2   4   5   6   8   9  10  11  13    8.08020976405E-02  -1.65589621396E+03   3.14935593908E+00
   2   3   4   5   7   8   9  10  13  14   -8.14987933369E-02  -1.65609264441E+03   3.82628110355E+00
   1   3   4   6   7   8   9  10  13  14    8.14987933369E-02  -1.65609264441E+03   3.82628110355E+00
   2   3   5   6   7   9  10  12  13  14    6.85786486488E-02  -1.65644160123E+03   3.53041306539E+00
   1   4   5   6   8   9  10  11  13  14    6.85786486488E-02  -1.65644160123E+03   3.53041306539E+00
   2   5   6   7   9  10  11  12  13  14   -7.83319556522E-02  -1.65599598753E+03   3.09255313631E+00
   1   5   6   8   9  10  11  12  13  14    7.83319556522E-02  -1.65599598753E+03   3.09255313631E+00
   1   2   4   7   9  10  11  12  13  14   -7.12484913892E-02  -1.65597722910E+03   5.93656789657E-01
   1   2   3   8   9  10  11  12  13  14    7.12484913892E-02  -1.65597722910E+03   5.93656789657E-01
   1   2   3   4   6   9  10  11  12  13   -7.17937699523E-02  -1.65587756576E+03   4.89999894847E-01
   1   2   3   4   5   9  10  11  12  14    7.17937699523E-02  -1.65587756576E+03   4.89999894847E-01
   1   2   3   4   6   9  10  11  13  14    6.79772106460E-02  -1.65599566243E+03   5.30165340783E-01
   1   2   3   4   5   9  10  12  13  14   -6.79772106460E-02  -1.65599566243E+03   5.30165340783E-01
   2   3   4   7   9  10  11  12  13  14    6.54976187061E-02  -1.65614274978E+03   5.56145792030E-01
   1   3   4   8   9  10  11  12  13  14   -6.54976187061E-02  -1.65614274978E+03   5.56145792030E-01
   1   2   3   4   5   6   9  10  11  12    1.86639780567E-07   5.87496238000E+05   1.42844658702E+06
   3   4   7   8   9  10  11  12  13  14    3.14820960370E-05   6.55438420723E+02   9.36338164992E+03
   1   2   3   4   5   6   9  10  11  14   -2.44414357543E-02  -1.65605631111E+03   5.74934126421E+00
   1   2   3   4   5   6   9  10  12  13    2.44414357543E-02  -1.65605631111E+03   5.74934126421E+00
   1   4   7   8   9  10  11  12  13  14    2.29214350313E-04  -1.36285345308E+03   1.39665464251E+03
   2   3   7   8   9  10  11  12  13  14   -2.29214350313E-04  -1.36285345308E+03   1.39665464251E+03
   1   2   3   4   5   6   9  10  13  14    9.74236485248E-05  -6.71676909690E+02   2.66038486156E+03
   1   2   7   8   9  10  11  12  13  14    2.28643851352E-04  -1.45511705542E+03   1.55847670724E+03
   1   2   3   4   7   9  10  11  12  14    2.98357312031E-02  -1.65603698549E+03   2.37428167438E+00
   1   2   3   4   8   9  10  11  12  13   -2.98357312031E-02  -1.65603698549E+03   2.37428167438E+00
   2   3   4   5   9  10  11  12  13  14   -2.82363110737E-02  -1.65623195987E+03   3.08317554702E+00
   1   3   4   6   9  10  11  12  13  14    2.82363110737E-02  -1.65623195987E+03   3.08317554702E+00
   1   2   3   4   7   9  10  12  13  14    2.58613936482E-02  -1.65619855764E+03   3.41751307424E+00
   1   2   3   4   8   9  10  11  13  14   -2.58613936482E-02  -1.65619855764E+03   3.41751307424E+00
   1   2   3   4   9  10  11  12  13  14    2.02655073741E-02  -1.65661672146E+03   9.79094140981E-01
   2   3   4   7   8   9  10  11  13  14   -2.39480199982E-04  -1.46212336576E+03   9.17404024709E+02
   1   3   4   7   8   9  10  12  13  14    2.39480199982E-04  -1.46212336576E+03   9.17404024709E+02
   1   2   3   6   9  10  11  12  13  14    2.90044768690E-02  -1.65553208339E+03   2.91064636988E+00
   1   2   4   5   9  10  11  12  13  14   -2.90044768690E-02  -1.65553208339E+03   2.91064636988E+00
   1   2   4   5   6   9  10  11  12  13   -1.59395637645E-03  -1.68358147390E+03   8.17367869926E+01
   1   2   3   5   6   9  10  11  12  14    1.59395637645E-03  -1.68358147390E+03   8.17367869926E+01
   2   3   4   6   7   9  10  11  13  14    1.59456529863E-02  -1.65793744031E+03   1.17083206905E+01
   1   3   4   5   8   9  10  12  13  14    1.59456529863E-02  -1.65793744031E+03   1.17083206905E+01
   2   3   4   6   7   9  10  11  12  13   -2.94000559742E-02  -1.65543104022E+03   5.91442846278E+00
   1   3   4   5   8   9  10  11  12  14   -2.94000559742E-02  -1.65543104022E+03   5.91442846278E+00
   1   2   3   5   8   9  10  11  12  14    2.25090663797E-02  -1.65624231899E+03   9.75539637673E+00
   1   2   4   6   7   9  10  11  12  13    2.25090663797E-02  -1.65624231899E+03   9.75539637673E+00
   1   3   4   5   6   9  10  12  13  14    3.98053871382E-03  -1.64657484448E+03   4.15153613865E+01
   2   3   4   5   6   9  10  11  13  14   -3.98053871382E-03  -1.64657484448E+03   4.15153613865E+01
   2   3   5   6   7   8  10  11  13  14    1.99168540478E-02  -1.65594238993E+03   7.89196572577E+01
   1   4   5   6   7   8   9  12  13  14    1.99168540478E-02  -1.65594238993E+03   7.89196572577E+01
   3   4   5   6   7   8  10  11  12  13    1.98510173618E-02  -1.65542932901E+03   8.09737672335E+01
   3   4   5   6   7   8   9  11  12  14   -1.98510173618E-02  -1.65542932901E+03   8.09737672335E+01
   1   3   4   5   6   7   8  10  12  13   -1.81844530651E-02  -1.65630808569E+03   9.67353023504E+01
   2   3   4   5   6   7   8   9  11  14   -1.81844530651E-02  -1.65630808569E+03   9.67353023504E+01
   1   2   3   4   5   8   9  10  13  14    9.17760971164E-03  -1.65703746241E+03   1.66857226891E+01
   1   2   3   4   6   7   9  10  13  14   -9.17760971164E-03  -1.65703746241E+03   1.66857226891E+01
   1   2   3   7   8   9  10  11  12  14   -3.09256944562E-04  -1.55396456154E+03   9.03439917256E+02
   1   2   4   7   8   9  10  11  12  13    3.09256944562E-04  -1.55396456154E+03   9.03439917256E+02
   1   2   3   4   7   8   9  10  13  14    2.92120382714E-04  -1.55930648377E+03   6.25389085200E+02
   1   2   4   7   8   9  10  11  13  14   -1.90390071576E-04  -1.77517573076E+03   1.01127794146E+03
   1   2   3   7   8   9  10  12  13  14    1.90390071576E-04  -1.77517573076E+03   1.01127794146E+03
   1   3   4   5   6   7   8   9  12  14    1.70232594879E-02  -1.65598242147E+03   6.74498446734E+01
   2   3   4   5   6   7   8  10  11  13    1.70232594879E-02  -1.65598242147E+03   6.74498446734E+01
   1   3   4   6   7   9  10  12  13  14    4.53597591269E-04  -1.55478131061E+03   3.47605618838E+02
   2   3   4   5   8   9  10  11  13  14    4.53597591269E-04  -1.55478131061E+03   3.47605618838E+02
   1   2   3   5   6   7   8  10  13  14   -1.60221578484E-02  -1.65703177410E+03   1.07273126795E+02
   1   2   4   5   6   7   8   9  13  14    1.60221578484E-02  -1.65703177410E+03   1.07273126795E+02
   3   4   5   6   7   8   9  12  13  14    1.46570372806E-02  -1.65849425676E+03   6.83317740817E+01
   3   4   5   6   7   8  10  11  13  14   -1.46570372806E-02  -1.65849425676E+03   6.83317740817E+01
   1   2   4   5   8   9  10  11  12  13    5.03138016438E-04  -1.58817140033E+03   3.12448746549E+02
   1   2   3   6   7   9  10  11  12  14    5.03138016438E-04  -1.58817140033E+03   3.12448746549E+02
   1   2   5   6   9  10  11  12  13  14    2.25110328133E-05  -9.62889149312E+02   7.05406838991E+03
   2   3   4   5   6   7   8   9  13  14   -1.32823493110E-02  -1.65870030059E+03   8.11254021878E+01
   1   3   4   5   6   7   8  10  13  14    1.32823493110E-02  -1.65870030059E+03   8.11254021878E+01
   1   2   4   6   7   9  10  11  13  14   -1.43363059905E-02  -1.65663173669E+03   1.57800417109E+01
   1   2   3   5   8   9  10  12  13  14   -1.43363059905E-02  -1.65663173669E+03   1.57800417109E+01
   1   2   5   8   9  10  11  12  13  14   -1.10181741700E-02  -1.65583126948E+03   1.43715945734E+01
   1   2   6   7   9  10  11  12  13  14    1.10181741700E-02  -1.65583126948E+03   1.43715945734E+01
   1   2   4   5   6   9  10  11  13  14    1.31562576271E-02  -1.65652407648E+03   8.73171037719E+00
   1   2   3   5   6   9  10  12  13  14   -1.31562576271E-02  -1.65652407648E+03   8.73171037719E+00
   2   3   4   5   7   9  10  11  12  14    1.74127444644E-02  -1.65703194800E+03   1.30078996973E+01
   1   3   4   6   8   9  10  11  12  13    1.74127444644E-02  -1.65703194800E+03   1.30078996973E+01
   3   4   6   7   9  10  11  12  13  14   -6.35969304707E-03  -1.65798174132E+03   2.50327011868E+01
   3   4   5   8   9  10  11  12  13  14    6.35969304707E-03  -1.65798174132E+03   2.50327011868E+01
   1   2   3   5   6   7   8   9  12  14   -1.13267177446E-02  -1.65794647048E+03   1.50957273740E+02
   1   2   4   5   6   7   8  10  11  13   -1.13267177446E-02  -1.65794647048E+03   1.50957273740E+02
   1   3   4   5   6   9  10  11  12  14    1.93303158142E-03  -1.66869367745E+03   7.17554373404E+01
   2   3   4   5   6   9  10  11  12  13   -1.93303158142E-03  -1.66869367745E+03   7.17554373404E+01
   1   2   5   6   7   8   9  12  13  14    1.38518166959E-02  -1.65484542346E+03   1.67811898805E+02
   1   2   5   6   7   8  10  11  13  14   -1.38518166959E-02  -1.65484542346E+03   1.67811898805E+02
   1   2   3   4   5   6   7   8  10  13    1.33397457198E-02  -1.65523725037E+03   9.32985738081E+01
   1   2   3   4   5   6   7   8   9  14   -1.33397457198E-02  -1.65523725037E+03   9.32985738081E+01
   3   4   5   6   9  10  11  12  13  14    1.92136027649E-04  -1.57861560317E+03   8.33970556708E+02
   1   4   5   6   7   8   9  11  12  14   -1.26807123501E-02  -1.65615112286E+03   9.47793221728E+01
   2   3   5   6   7   8  10  11  12  13   -1.26807123501E-02  -1.65615112286E+03   9.47793221728E+01
   1   2   5   7   8  10  11  12  13  14    7.36254896725E-03  -1.65773641818E+03   9.75514624027E+01
   1   2   6   7   8   9  11  12  13  14   -7.36254896725E-03  -1.65773641818E+03   9.75514624027E+01
   1   2   3   4   5   8   9  10  11  12   -5.52097212778E-03  -1.65885599303E+03   3.63739399814E+01
   1   2   3   4   6   7   9  10  11  12    5.52097212778E-03  -1.65885599303E+03   3.63739399814E+01
   2   3   6   7   8   9  11  12  13  14    8.42803024091E-03  -1.65391823447E+03   7.96388301293E+01
   1   4   5   7   8  10  11  12  13  14    8.42803024091E-03  -1.65391823447E+03   7.96388301293E+01
   1   2   3   4   7   8   9  10  11  12    1.50421336306E-04  -1.51395987366E+03   1.51626110541E+03
   2   3   5   6   7   8   9  11  12  14    1.09712923765E-02  -1.65681012933E+03   2.20167482442E+02
   1   4   5   6   7   8  10  11  12  13    1.09712923765E-02  -1.65681012933E+03   2.20167482442E+02
   1   3   4   7   8   9  10  11  12  14   -7.78307666987E-04  -1.67184848237E+03   2.86785647731E+02
   2   3   4   7   8   9  10  11  12  13    7.78307666987E-04  -1.67184848237E+03   2.86785647731E+02
   1   2   4   5   7   9  10  12  13  14    2.34330103153E-02  -1.65528379842E+03   1.02388123852E+01
   1   2   3   6   8   9  10  11  13  14    2.34330103153E-02  -1.65528379842E+03   1.02388123852E+01
   1   3   5   6   7   8  10  12  13  14   -1.07616197626E-02  -1.65608650505E+03   1.12774850258E+02
   2   4   5   6   7   8   9  11  13  14   -1.07616197626E-02  -1.65608650505E+03   1.12774850258E+02
   1   2   5   6   7   8  10  11  12  13    8.22289256191E-03  -1.65976929322E+03   2.06558928063E+02
   1   2   5   6   7   8   9  11  12  14   -8.22289256191E-03  -1.65976929322E+03   2.06558928063E+02
   2   3   4   5   8   9  10  11  12  13    1.15535093884E-03  -1.65755013068E+03   1.24986768261E+02
   1   3   4   6   7   9  10  11  12  14    1.15535093884E-03  -1.65755013068E+03   1.24986768261E+02
   1   2   3   5   6   8   9  11  12  14   -8.55062543093E-03  -1.65523817212E+03   7.79161474458E+01
   1   2   4   5   6   7  10  11  12  13   -8.55062543093E-03  -1.65523817212E+03   7.79161474458E+01
   1   4   6   7   8   9  11  12  13  14   -4.66348472119E-03  -1.65942056483E+03   1.07915842263E+02
   2   3   5   7   8  10  11  12  13  14   -4.66348472119E-03  -1.65942056483E+03   1.07915842263E+02
   1   2   4   5   6   7   8   9  11  14    1.05255114103E-02  -1.65535569266E+03   1.25769974452E+02
   1   2   3   5   6   7   8  10  12  13    1.05255114103E-02  -1.65535569266E+03   1.25769974452E+02
   1   3   4   5   6   8  10  11  12  13   -7.33126326854E-03  -1.65687975436E+03   9.52628944528E+01
   2   3   4   5   6   7   9  11  12  14   -7.33126326854E-03  -1.65687975436E+03   9.52628944528E+01
   1   2   4   5   6   7  10  11  13  14    8.02512095886E-03  -1.65922063683E+03   8.21600937858E+01
   1   2   3   5   6   8   9  12  13  14    8.02512095886E-03  -1.65922063683E+03   8.21600937858E+01
   3   4   5   7   8  10  11  12  13  14    4.33709362539E-03  -1.65635710842E+03   1.08260934191E+02
   3   4   6   7   8   9  11  12  13  14   -4.33709362539E-03  -1.65635710842E+03   1.08260934191E+02
   2   3   5   6   7   8   9  12  13  14   -9.01636868974E-03  -1.65571293163E+03   1.77538321208E+02
   1   4   5   6   7   8  10  11  13  14   -9.01636868974E-03  -1.65571293163E+03   1.77538321208E+02
   4   5   6   7   8   9  11  12  13  14    1.17616711564E-02  -1.65231339911E+03   9.41141107770E+01
   3   5   6   7   8  10  11  12  13  14   -1.17616711564E-02  -1.65231339911E+03   9.41141107770E+01
   1   2   4   5   6   7   9  12  13  14   -7.62868670682E-03  -1.65783366643E+03   8.98427634447E+01
   1   2   3   5   6   8  10  11  13  14   -7.62868670682E-03  -1.65783366643E+03   8.98427634447E+01
   1   2   3   4   6   7   9  10  12  13    8.19589147612E-03  -1.65766236505E+03   2.08211485159E+01
   1   2   3   4   5   8   9  10  11  14    8.19589147612E-03  -1.65766236505E+03   2.08211485159E+01
   2   4   5   7   9  10  11  12  13  14    1.06550238390E-02  -1.65706560023E+03   1.89738839581E+01
   1   3   6   8   9  10  11  12  13  14    1.06550238390E-02  -1.65706560023E+03   1.89738839581E+01
   1   2   3   4   5   7   9  10  12  14   -1.66858658721E-02  -1.65562560379E+03   1.05272029471E+01
   1   2   3   4   6   8   9  10  11  13   -1.66858658721E-02  -1.65562560379E+03   1.05272029471E+01
   1   2   4   6   7   8   9  11  12  13   -4.17560962192E-03  -1.66078447444E+03   2.33024865683E+02
   1   2   3   5   7   8  10  11  12  14   -4.17560962192E-03  -1.66078447444E+03   2.33024865683E+02
   1   3   4   6   8   9  10  11  13  14   -1.18209670321E-02  -1.65663969909E+03   1.52372573387E+01
   2   3   4   5   7   9  10  12  13  14   -1.18209670321E-02  -1.65663969909E+03   1.52372573387E+01
   1   3   4   5   7   8  10  11  12  14    4.95587579274E-03  -1.65850704260E+03   1.81577716507E+02
   2   3   4   6   7   8   9  11  12  13    4.95587579274E-03  -1.65850704260E+03   1.81577716507E+02
   1   2   4   6   7   9  11  12  13  14    6.33527965573E-03  -1.65926444731E+03   9.22607538293E+00
   1   2   3   5   8  10  11  12  13  14    6.33527965573E-03  -1.65926444731E+03   9.22607538293E+00
   1   2   4   5   7  10  11  12  13  14   -6.64422834058E-03  -1.65390659110E+03   1.30973503597E+01
   1   2   3   6   8   9  11  12  13  14   -6.64422834058E-03  -1.65390659110E+03   1.30973503597E+01
   2   3   4   5   6   7  10  11  12  13    7.32313099206E-03  -1.65724639256E+03   6.37428656472E+01
   1   3   4   5   6   8   9  11  12  14    7.32313099206E-03  -1.65724639256E+03   6.37428656472E+01
   2   3   6   7   9  10  11  12  13  14   -8.06287215501E-03  -1.65712980813E+03   1.86407808187E+01
   1   4   5   8   9  10  11  12  13  14   -8.06287215501E-03  -1.65712980813E+03   1.86407808187E+01
   1   3   4   6   8   9  11  12  13  14    6.16210760029E-03  -1.65657656490E+03   8.88679629218E+00
   2   3   4   5   7  10  11  12  13  14    6.16210760029E-03  -1.65657656490E+03   8.88679629218E+00
   1   2   3   4   5   6   9  12  13  14   -6.45253302510E-03  -1.65962503625E+03   5.50997406063E+00
   1   2   3   4   5   6  10  11  13  14    6.45253302510E-03  -1.65962503625E+03   5.50997406063E+00
   2   4   5   6   7   9  11  12  13  14   -3.96329381193E-03  -1.66038150640E+03   1.20291510072E+02
   1   3   5   6   8  10  11  12  13  14   -3.96329381193E-03  -1.66038150640E+03   1.20291510072E+02
   1   2   3   4   5   6   9  11  12  14    3.01457336443E-03  -1.67071707724E+03   2.75740543523E+01
   1   2   3   4   5   6  10  11  12  13   -3.01457336443E-03  -1.67071707724E+03   2.75740543523E+01
   1   3   4   5   8  10  11  12  13  14   -7.35852570092E-03  -1.65303442343E+03   8.36798338441E+00
   2   3   4   6   7   9  11  12  13  14   -7.35852570092E-03  -1.65303442343E+03   8.36798338441E+00
   2   3   4   5   6   7  10  11  13  14   -6.68145644346E-03  -1.65300174269E+03   6.94857452069E+01
   1   3   4   5   6   8   9  12  13  14   -6.68145644346E-03  -1.65300174269E+03   6.94857452069E+01
   1   2   3   4   5   6   7  10  11  12   -5.09008596161E-03  -1.65256289379E+03   1.76167361114E+02
   1   2   3   4   5   6   8   9  11  12    5.09008596161E-03  -1.65256289379E+03   1.76167361114E+02
   1   2   4   5   6   7   9  11  12  14    6.15716711916E-03  -1.65528948407E+03   8.53693402202E+01
   1   2   3   5   6   8  10  11  12  13    6.15716711916E-03  -1.65528948407E+03   8.53693402202E+01
   1   2   4   5   7   9  10  11  12  14   -1.77447010733E-02  -1.65482962124E+03   1.12729692660E+01
   1   2   3   6   8   9  10  11  12  13   -1.77447010733E-02  -1.65482962124E+03   1.12729692660E+01
   1   2   3   4   5   6   7   9  12  14    5.82299999256E-03  -1.65083649118E+03   8.68344830189E+01
   1   2   3   4   5   6   8  10  11  13    5.82299999256E-03  -1.65083649118E+03   8.68344830189E+01
   1   2   3   5   6   7   8  10  11  12    1.91336804122E-03  -1.68748220311E+03   1.06755987234E+03
   1   2   4   5   6   7   8   9  11  12   -1.91336804122E-03  -1.68748220311E+03   1.06755987234E+03
   1   2   4   5   7   8  10  11  12  13    4.02698071088E-03  -1.65294172559E+03   9.28451803490E+01
   1   2   3   6   7   8   9  11  12  14    4.02698071088E-03  -1.65294172559E+03   9.28451803490E+01
   1   2   3   4   5   6   7  10  11  14   -5.37909435035E-03  -1.65057666083E+03   1.68126088080E+02
   1   2   3   4   5   6   8   9  12  13   -5.37909435035E-03  -1.65057666083E+03   1.68126088080E+02
   2   3   4   5   6   7   9  12  13  14    4.87758602194E-03  -1.65754398720E+03   9.36799921142E+01
   1   3   4   5   6   8  10  11  13  14    4.87758602194E-03  -1.65754398720E+03   9.36799921142E+01
   1   2   4   5   8   9  10  11  13  14   -7.90846131886E-04  -1.67234401557E+03   1.48214156476E+02
   1   2   3   6   7   9  10  12  13  14   -7.90846131886E-04  -1.67234401557E+03   1.48214156476E+02
   1   2   3   4   5   6   7   8   9  12    2.58608791336E-03  -1.66620178050E+03   7.86057459542E+02
   1   2   3   4   5   6   7   8  10  11   -2.58608791336E-03  -1.66620178050E+03   7.86057459542E+02
   1   2   3   6   7   8   9  12  13  14    3.43315520215E-03  -1.65030935887E+03   8.71335577607E+01
   1   2   4   5   7   8  10  11  13  14    3.43315520215E-03  -1.65030935887E+03   8.71335577607E+01
   1   2   3   4   6   9  11  12  13  14    3.50857729548E-03  -1.65525960217E+03   4.07814006553E+01
   1   2   3   4   5  10  11  12  13  14   -3.50857729548E-03  -1.65525960217E+03   4.07814006553E+01
   1   2   5   6   8   9  11  12  13  14    5.72314227429E-04  -1.78006603291E+03   4.70753190265E+02
   1   2   5   6   7  10  11  12  13  14   -5.72314227429E-04  -1.78006603291E+03   4.70753190265E+02
   1   3   4   6   7   8   9  12  13  14   -1.93721634909E-03  -1.64849656341E+03   1.14138098237E+02
   2   3   4   5   7   8  10  11  13  14   -1.93721634909E-03  -1.64849656341E+03   1.14138098237E+02
   1   4   5   6   7  10  11  12  13  14    1.69157260610E-03  -1.68704778439E+03   2.00906241818E+02
   2   3   5   6   8   9  11  12  13  14    1.69157260610E-03  -1.68704778439E+03   2.00906241818E+02
   2   3   4   5   7   8   9  11  12  14   -3.68854246066E-03  -1.65473984225E+03   2.45219499333E+02
   1   3   4   6   7   8  10  11  12  13   -3.68854246066E-03  -1.65473984225E+03   2.45219499333E+02
   3   4   5   6   8   9  11  12  13  14   -3.15258808313E-03  -1.65366813087E+03   7.71179440192E+01
   3   4   5   6   7  10  11  12  13  14    3.15258808313E-03  -1.65366813087E+03   7.71179440192E+01
   1   3   4   6   7   8   9  11  12  14   -2.33591275106E-03  -1.65689719077E+03   1.15954635225E+02
   2   3   4   5   7   8  10  11  12  13   -2.33591275106E-03  -1.65689719077E+03   1.15954635225E+02
   1   2   3   5   6   7  10  11  12  14   -3.49068415789E-04  -1.50230913877E+03   1.10303633983E+03
   1   2   4   5   6   8   9  11  12  13   -3.49068415789E-04  -1.50230913877E+03   1.10303633983E+03
   1   2   3   5   6   7   8  10  11  14    4.06004538737E-03  -1.65254753233E+03   7.21365834617E+02
   1   2   4   5   6   7   8   9  12  13    4.06004538737E-03  -1.65254753233E+03   7.21365834617E+02
   1   2   3   4   5   7   8  10  11  12    2.17977552223E-03  -1.65238624794E+03   2.11675881729E+02
   1   2   3   4   6   7   8   9  11  12   -2.17977552223E-03  -1.65238624794E+03   2.11675881729E+02
   1   2   3   4   5   8  10  11  12  13   -1.87284798855E-03  -1.66681885827E+03   1.86578231179E+01
   1   2   3   4   6   7   9  11  12  14   -1.87284798855E-03  -1.66681885827E+03   1.86578231179E+01
   2   5   6   7   8   9  11  12  13  14    6.80253575194E-03  -1.65002531233E+03   2.36330628351E+02
   1   5   6   7   8  10  11  12  13  14   -6.80253575194E-03  -1.65002531233E+03   2.36330628351E+02
   1   2   3   4   6   8   9  11  12  13    8.37864517606E-04  -1.68327589082E+03   1.29638447773E+02
   1   2   3   4   5   7  10  11  12  14    8.37864517606E-04  -1.68327589082E+03   1.29638447773E+02
   1   2   4   5   7   8   9  12  13  14   -2.67375096247E-03  -1.65824753766E+03   3.39357887299E+02
   1   2   3   6   7   8  10  11  13  14   -2.67375096247E-03  -1.65824753766E+03   3.39357887299E+02
   1   2   3   4   5   7  10  12  13  14    1.22042791721E-03  -1.69983894822E+03   4.78309896716E+01
   1   2   3   4   6   8   9  11  13  14    1.22042791721E-03  -1.69983894822E+03   4.78309896716E+01
   1   2   5   6   7   8  11  12  13  14    3.44380365124E-07   2.75838591891E+05   5.29085556506E+05
   1   3   4   6   7   8  10  11  13  14    2.65577774119E-03  -1.65369077151E+03   2.27999346105E+02
   2   3   4   5   7   8   9  12  13  14    2.65577774119E-03  -1.65369077151E+03   2.27999346105E+02
   1   2   3   4   6   7   9  12  13  14   -2.73169359014E-03  -1.64859402932E+03   1.62468553417E+01
   1   2   3   4   5   8  10  11  13  14   -2.73169359014E-03  -1.64859402932E+03   1.62468553417E+01
   2   3   5   6   7  10  11  12  13  14   -2.02237386686E-04  -1.44756996857E+03   1.14183999455E+03
   1   4   5   6   8   9  11  12  13  14   -2.02237386686E-04  -1.44756996857E+03   1.14183999455E+03
   3   4   5   6   7   8  11  12  13  14    5.89026664603E-09   1.31826036743E+07   2.74136441350E+07
   1   4   5   6   7   8  11  12  13  14   -1.20131552286E-03  -1.67385878038E+03   7.47922115353E+01
   2   3   5   6   7   8  11  12  13  14    1.20131552286E-03  -1.67385878038E+03   7.47922115353E+01
   1   3   4   5   6  10  11  12  13  14    3.80355586157E-03  -1.65341464409E+03   5.50826295824E+00
   2   3   4   5   6   9  11  12  13  14   -3.80355586157E-03  -1.65341464409E+03   5.50826295824E+00
   1   3   6   7   8  10  11  12  13  14   -2.14669313951E-03  -1.65802166617E+03   2.91941417458E+02
   2   4   5   7   8   9  11  12  13  14   -2.14669313951E-03  -1.65802166617E+03   2.91941417458E+02
   1   2   3   4   6   7   8  10  11  13    2.33083938649E-03  -1.65378186472E+03   2.82100494312E+02
   1   2   3   4   5   7   8   9  12  14    2.33083938649E-03  -1.65378186472E+03   2.82100494312E+02
   1   2   4   5   6   9  11  12  13  14    9.81710845208E-04  -1.60140535701E+03   9.00606475832E+01
   1   2   3   5   6  10  11  12  13  14   -9.81710845208E-04  -1.60140535701E+03   9.00606475832E+01
   1   2   3   6   7   8  10  11  12  13    1.81661526342E-03  -1.65748129243E+03   3.63811937362E+02
   1   2   4   5   7   8   9  11  12  14    1.81661526342E-03  -1.65748129243E+03   3.63811937362E+02
   1   2   3   4   5   7   8  10  11  14   -1.86324944177E-03  -1.65215004864E+03   2.06517314026E+02
   1   2   3   4   6   7   8   9  12  13   -1.86324944177E-03  -1.65215004864E+03   2.06517314026E+02
   1   2   3   4   5   6   7   8  11  12    2.80077712388E-10   2.20192717434E+08   4.28830292407E+08
   1   2   3   5   6   7   8  11  12  14    8.88840927244E-04  -1.68063034225E+03   9.89039296887E+01
   1   2   4   5   6   7   8  11  12  13   -8.88840927244E-04  -1.68063034225E+03   9.89039296887E+01
   1   3   4   5   6   7  10  11  12  14    9.99165661959E-04  -1.69028694821E+03   4.56469416525E+02
   2   3   4   5   6   8   9  11  12  13    9.99165661959E-04  -1.69028694821E+03   4.56469416525E+02
   1   2   3   4   7   8   9  10  12  13    2.98244596607E-03  -1.65300309699E+03   5.76021895567E+01
   1   2   3   4   7   8   9  10  11  14   -2.98244596607E-03  -1.65300309699E+03   5.76021895567E+01
   2   3   5   6   9  10  11  12  13  14    1.64860592773E-04  -1.63460748862E+03   8.59684392819E+02
   1   4   5   6   9  10  11  12  13  14   -1.64860592773E-04  -1.63460748862E+03   8.59684392819E+02
   2   3   4   5   6   7   8   9  12  13   -8.50127473558E-04  -1.62080944624E+03   2.38230485949E+03
   1   3   4   5   6   7   8  10  11  14   -8.50127473558E-04  -1.62080944624E+03   2.38230485949E+03
   2   3   4   5   6   7   8  11  13  14    5.21039544894E-04  -1.68579954662E+03   1.96885493556E+02
   1   3   4   5   6   7   8  12  13  14   -5.21039544894E-04  -1.68579954662E+03   1.96885493556E+02
   1   3   5   6   7   8  10  11  12  14   -5.16237243473E-04  -1.61134736564E+03   4.00543443456E+03
   2   4   5   6   7   8   9  11  12  13   -5.16237243473E-04  -1.61134736564E+03   4.00543443456E+03
   1   2   3   4   5   6   7   8  13  14    1.02352938763E-06   3.89355415728E+04   1.42225171554E+05
   1   2   4   6   7   8   9  11  13  14    2.68568144048E-04  -1.66506775210E+03   2.49552141183E+03
   1   2   3   5   7   8  10  12  13  14    2.68568144048E-04  -1.66506775210E+03   2.49552141183E+03
   2   3   5   8   9  10  11  12  13  14   -4.27937605127E-03  -1.65344340826E+03   4.51129156588E+01
   1   4   6   7   9  10  11  12  13  14   -4.27937605127E-03  -1.65344340826E+03   4.51129156588E+01
   1   3   4   5   7   8  10  12  13  14   -7.27148633406E-04  -1.66758834824E+03   8.38271932230E+02
   2   3   4   6   7   8   9  11  13  14   -7.27148633406E-04  -1.66758834824E+03   8.38271932230E+02
   2   3   4   5   6   8   9  11  13  14    6.20764527910E-04  -1.62179686193E+03   5.04710172021E+02
   1   3   4   5   6   7  10  12  13  14    6.20764527910E-04  -1.62179686193E+03   5.04710172021E+02
   1   2   3   4   6   7   8   9  13  14    2.35195122190E-04  -1.69479877445E+03   1.11333312040E+03
   1   2   3   4   5   7   8  10  13  14   -2.35195122190E-04  -1.69479877445E+03   1.11333312040E+03
   2   3   4   5   6   7   8   9  11  12   -1.01931369215E-04  -1.53951491275E+03   2.91664144292E+04
   1   3   4   5   6   7   8  10  11  12    1.01931369215E-04  -1.53951491275E+03   2.91664144292E+04
   2   3   4   7   8   9  11  12  13  14    3.28653591766E-06  -3.13489501033E+03   9.87880935230E+03
   1   3   4   7   8  10  11  12  13  14   -3.28653591766E-06  -3.13489501033E+03   9.87880935230E+03
   1   3   4   5   6   7   8  11  12  14   -7.48416912451E-04  -1.64834214757E+03   1.50791704970E+02
   2   3   4   5   6   7   8  11  12  13    7.48416912451E-04  -1.64834214757E+03   1.50791704970E+02
   1   2   3   4   8   9  11  12  13  14   -3.07102118378E-04  -1.68486703220E+03   5.92138973294E+02
   1   2   3   4   7  10  11  12  13  14    3.07102118378E-04  -1.68486703220E+03   5.92138973294E+02
   1   2   3   4   5   6  11  12  13  14    9.18721114412E-04  -1.64578129818E+03   2.66435040143E+01
   1   3   4   5   6   8  11  12  13  14   -6.14348553676E-04  -1.64844715741E+03   7.77996656252E+01
   2   3   4   5   6   7  11  12  13  14    6.14348553676E-04  -1.64844715741E+03   7.77996656252E+01
   1   2   3   5   6   8  11  12  13  14    2.52048789605E-04  -1.66386667615E+03   2.38604769577E+02
   1   2   4   5   6   7  11  12  13  14   -2.52048789605E-04  -1.66386667615E+03   2.38604769577E+02
   1   2   3   4   5   6   7   8  11  14   -2.35124592426E-04  -1.69447978176E+03   4.57749691612E+02
   1   2   3   4   5   6   7   8  12  13    2.35124592426E-04  -1.69447978176E+03   4.57749691612E+02
   1   2   3   4   5   6   8   9  13  14    1.11411902640E-05  -2.18798467156E+03   5.56846979429E+04
   1   2   3   4   5   6   7  10  13  14   -1.11411902640E-05  -2.18798467156E+03   5.56846979429E+04
   1   2   4   5   6   7   8  11  13  14   -3.72341794813E-04  -1.65728595698E+03   2.94781698794E+02
   1   2   3   5   6   7   8  12  13  14    3.72341794813E-04  -1.65728595698E+03   2.94781698794E+02
   1   2   3   4   6   7  10  11  13  14    3.65332229283E-04  -1.60475961060E+03   2.36536257005E+02
   1   2   3   4   5   8   9  12  13  14    3.65332229283E-04  -1.60475961060E+03   2.36536257005E+02
   1   2   3   4   5   8   9  10  12  13    1.16909184109E-03  -1.66459925934E+03   1.77081415996E+02
   1   2   3   4   6   7   9  10  11  14    1.16909184109E-03  -1.66459925934E+03   1.77081415996E+02
   1   2   4   5   6   8   9  11  13  14   -9.26572454845E-05  -1.85795709840E+03   2.38227083083E+03
   1   2   3   5   6   7  10  12  13  14   -9.26572454845E-05  -1.85795709840E+03   2.38227083083E+03
   1   2   3   4   5   6   7  12  13  14    3.30455581087E-04  -1.65653092507E+03   9.51878334675E+01
   1   2   3   4   5   6   8  11  13  14   -3.30455581087E-04  -1.65653092507E+03   9.51878334675E+01
   1   2   3   4   5   6   7  11  12  14   -4.33824941267E-04  -1.63107019917E+03   1.23158831306E+02
   1   2   3   4   5   6   8  11  12  13    4.33824941267E-04  -1.63107019917E+03   1.23158831306E+02
   2   3   4   5   8   9  11  12  13  14    5.57401601423E-05  -1.81366003498E+03   5.27019661054E+02
   1   3   4   6   7  10  11  12  13  14    5.57401601423E-05  -1.81366003498E+03   5.27019661054E+02
   1   2   3   4   5   6   8   9  11  14   -2.34539769883E-03  -1.64773844442E+03   2.60331900347E+02
   1   2   3   4   5   6   7  10  12  13   -2.34539769883E-03  -1.64773844442E+03   2.60331900347E+02
   2   3   4   5   7   8  11  12  13  14    1.51463106667E-06   3.10102880256E+03   2.79355145688E+04
   1   3   4   6   7   8  11  12  13  14   -1.51463106667E-06   3.10102880256E+03   2.79355145688E+04
   1   2   3   4   5   7   8  10  12  13   -1.93336370974E-04  -1.68729639051E+03   1.75625695255E+03
   1   2   3   4   6   7   8   9  11  14   -1.93336370974E-04  -1.68729639051E+03   1.75625695255E+03
   1   2   4   7   8   9  11  12  13  14   -9.49006259171E-09  -5.89964662816E+05   3.59100864124E+06
   1   2   3   7   8  10  11  12  13  14    9.49006259171E-09  -5.89964662816E+05   3.59100864124E+06
   1   2   3   4   5   7   8  12  13  14    1.19629689696E-06   4.67087907459E+03   2.85571188774E+04
   1   2   3   4   6   7   8  11  13  14   -1.19629689696E-06   4.67087907459E+03   2.85571188774E+04
   1   2   3   4   7   8   9  12  13  14   -1.03923098411E-05  -1.42535312221E+03   2.53290619685E+03
   1   2   3   4   7   8  10  11  13  14    1.03923098411E-05  -1.42535312221E+03   2.53290619685E+03
   1   2   3   4   7   8  11  12  13  14    5.79579388279E-14   9.99999998429E+11   1.00000000000E+05
   1   2   3   4   6   7  10  11  12  13   -3.88415677072E-04  -1.66658116016E+03   2.54273824269E+02
   1   2   3   4   5   8   9  11  12  14   -3.88415677072E-04  -1.66658116016E+03   2.54273824269E+02
   1   2   3   4   5   7   8  11  12  14    6.71238709986E-09  -9.42234415244E+05   6.64388512957E+06
   1   2   3   4   6   7   8  11  12  13   -6.71238709986E-09  -9.42234415244E+05   6.64388512957E+06
   1   2   3   4   7   8  10  11  12  13    3.60882527981E-07  -1.64629240487E+04   8.82110875722E+04
   1   2   3   4   7   8   9  11  12  14   -3.60882527981E-07  -1.64629240487E+04   8.82110875722E+04
   1   2   3   4   6   7  11  12  13  14    1.35289279788E-04  -1.60545331507E+03   1.88142130424E+02
   1   2   3   4   5   8  11  12  13  14   -1.35289279788E-04  -1.60545331507E+03   1.88142130424E+02
   1   2   3   6   7   8  11  12  13  14    7.86933624834E-06  -1.84937299290E+03   6.43737945295E+03
   1   2   4   5   7   8  11  12  13  14   -7.86933624834E-06  -1.84937299290E+03   6.43737945295E+03
   1   2   4   5   8   9  11  12  13  14    2.33002885977E-06  -1.49903603824E+03   1.87538510712E+04
   1   2   3   6   7  10  11  12  13  14    2.33002885977E-06  -1.49903603824E+03   1.87538510712E+04
