# No.Blocks      Mean       Error        Error_in_Error
        1964 -0.68352946776985757        4.6849571899718437E-006   7.4770533450061350E-008
         982 -0.68352946776985690        6.1026082453952315E-006   1.3777359472351988E-007
         491 -0.68352946776985801        6.9419645119491033E-006   2.2175292208727636E-007
         245 -0.68352963734693883        7.5592119212213415E-006   3.4218944539063695E-007
         122 -0.68353000046106571        7.4776357131518244E-006   4.8068062909203282E-007
          61 -0.68353000046106571        7.7453759589920092E-006   7.0705285484968866E-007
          30 -0.68353023802083324        7.6896753992982789E-006   1.0097038465310196E-006
          15 -0.68353023802083324        8.4442532715119012E-006   1.5958138688617192E-006
           7 -0.68352755412946420        6.2878238649561709E-006   1.8151384005246994E-006
           3 -0.68352610377604162        1.8560736445067140E-006   9.2803682225335698E-007
