# No.Blocks      Mean       Error        Error_in_Error
        1964  -14689.184529081405       0.22431643246949995        3.5800240295173272E-003
         982  -14689.184529081431       0.31476536842639513        7.1062002604050474E-003
         491  -14689.184529081424       0.43910821438714753        1.4026797383545900E-002
         245  -14689.190304884492       0.60383427216654362        2.7334293158319603E-002
         122  -14689.204663564402       0.81151456919366216        5.2166132264410754E-002
          61  -14689.204663564398        1.0275079246277876        9.3798211388992886E-002
          30  -14689.258952143698        1.2065193128695590       0.15842374714926535     
          15  -14689.258952143697        1.3808353053082041       0.26095334424167538     
           7  -14689.234192212780        1.6994841116246575       0.49059880466499406     
           3  -14688.768059258138        2.6475269063876836        1.3237634531938418     
