# No.Blocks      Mean       Error        Error_in_Error
        1964   10043.664596334931        8.3629924854579721E-002   1.3347089077249499E-003
         982   10043.664596334924       0.11720204737841582        2.6459747581642221E-003
         491   10043.664596334926       0.16309025584600156        5.2097271219927422E-003
         245   10043.663540438576       0.22433091914910147        1.0154983562783904E-002
         122   10043.661615952662       0.30772698456328434        1.9781439776253310E-002
          61   10043.661615952662       0.41325581774600501        3.7724922233288445E-002
          30   10043.633355699216       0.51705193724805165        6.7892245483250777E-002
          15   10043.633355699219       0.65895509426409837       0.12453080747013780     
           7   10043.682176240345       0.81637527089308648       0.23566724120493859     
           3   10043.632398547916        1.1744953942338845       0.58724769711694225     
