# No.Blocks      Mean       Error        Error_in_Error
        2257  -812.99978158121780        8.9059458922352230E-002   1.3258534003652996E-003
        1128  -813.00050485377585       0.12415327486443611        2.6150573870070116E-003
         564  -813.00050485377596       0.17077822640280765        5.0893615414805320E-003
         282  -813.00050485377585       0.22872141321115827        9.6480305055374836E-003
         141  -813.00050485377642       0.29379855238910990        1.7557821759824691E-002
          70  -813.01389988876963       0.37833766154509085        3.2206240522225163E-002
          35  -813.01389988876952       0.46282085196416173        5.6125272305488048E-002
          17  -812.93122116673294       0.55895475183133692        9.8810173849095531E-002
           8  -813.10550227565238       0.70606653446143952       0.18870421887296593     
           4  -813.10550227565238       0.74161025259633906       0.30276111781292908     
           2  -813.10550227565227       0.24683811762624788       0.17454090682884252     
