# No.Blocks      Mean       Error        Error_in_Error
        2257  -1.1894001612760330        1.2385058555800939E-005   1.8437987608086307E-007
        1128  -1.1894004725177298        1.6158029134139434E-005   3.4033877473504809E-007
         564  -1.1894004725177294        1.8621303579630137E-005   5.5493342615511153E-007
         282  -1.1894004725177296        1.9073900840576378E-005   8.0458394597091521E-007
         141  -1.1894004725177303        1.9450068665081289E-005   1.1623639261011788E-006
          70  -1.1894016611607146        2.1524236052474008E-005   1.8322646509261406E-006
          35  -1.1894016611607143        2.0202369268152467E-005   2.4498971288330817E-006
          17  -1.1894025528492651        2.2200203942956504E-005   3.9244786879472180E-006
           8  -1.1894030917968750        2.6053309374034379E-005   6.9630398192330363E-006
           4  -1.1894030917968750        1.1337693631723885E-005   4.6285940429543031E-006
           2  -1.1894030917968750        1.9550787051649833E-005   1.3824494101755745E-005
