# No.Blocks      Mean       Error        Error_in_Error
        2257  -1.1889032414709804        1.2698092109996067E-005   1.8904009530159630E-007
        1128  -1.1889033395390072        1.6624795927776231E-005   3.5017034746675645E-007
         564  -1.1889033395390067        1.9640903750158984E-005   5.8531852854712930E-007
         282  -1.1889033395390074        2.1460454652571289E-005   9.0525464250939898E-007
         141  -1.1889033395390061        2.2728562405912714E-005   1.3582914018294515E-006
          70  -1.1889038616071426        2.5089242381392219E-005   2.1357381428949304E-006
          35  -1.1889038616071430        2.7460242240033237E-005   3.3300435076677866E-006
          17  -1.1889064531250000        3.2648794001757399E-005   5.7715459090513329E-006
           8  -1.1889038730468748        3.6547113508085161E-005   9.7676269444851811E-006
           4  -1.1889038730468751        4.1807711316756420E-005   1.7067926673272511E-005
           2  -1.1889038730468751        5.7774411602869754E-005   4.0852678223451956E-005
