# No.Blocks      Mean       Error        Error_in_Error
        2257   946.67266447431814        5.6471425427591371E-002   8.4070611176659412E-004
        1128   946.67214082602720        7.9218740082339686E-002   1.6685951431237886E-003
         564   946.67214082602698       0.11032419652382565        3.2877711328302417E-003
         282   946.67214082602698       0.15220554439257061        6.4204033841629852E-003
         141   946.67214082602698       0.20544778168377867        1.2277853319636944E-002
          70   946.66951307924148       0.27125312357701775        2.3090599293364624E-002
          35   946.66951307924171       0.35234373540786618        4.2727954047391575E-002
          17   946.68685562975975       0.45414646157741145        8.0282510658315862E-002
           8   946.61565023219498       0.55047940081363811       0.14712180830866017     
           4   946.61565023219487       0.43131863038970941       0.17608509350181367     
           2   946.61565023219487       0.38612181782499500       0.27302935574813070     
