# No.Blocks      Mean       Error        Error_in_Error
        2257  -794.99157941376222       0.10084054521863796        1.5012417702805713E-003
        1128  -794.99118674095837       0.14112041322386115        2.9724385398733574E-003
         564  -794.99118674095837       0.19571612022341078        5.8325356592204966E-003
         282  -794.99118674095962       0.26514378186290949        1.1184415397981321E-002
         141  -794.99118674095917       0.35079745242000809        2.0964157560700719E-002
          70  -794.99634318663050       0.45305796418588573        3.8566855082549846E-002
          35  -794.99634318663118       0.57280863687789030        6.9463250385694508E-002
          17  -795.02692873741466       0.71674292132411810       0.12670344500893499     
           8  -794.92759116238187       0.87649648510092248       0.23425353913994731     
           4  -794.92759116238187       0.77868010807545385       0.31789482294002014     
           2  -794.92759116238187       0.73219930176186931       0.51774309145587294     
