 # List of sign-inconsistent amplitudes in the trial wave function.
 # (Det. Index, FCI Amp., Trial Wfn. Amp., Occupation Numbers ...)

    133  7.28805345125E-02 -1.94692000000E-02    1  2  4  7  9 10 11 12 13 14
    134 -7.28805345125E-02  1.94692000000E-02    1  2  3  8  9 10 11 12 13 14
    135  7.21067553987E-02 -1.86854000000E-02    1  2  3  4  6  9 10 11 12 13
    136 -7.21067553987E-02  1.86854000000E-02    1  2  3  4  5  9 10 11 12 14
    137 -7.10346200823E-02  1.80604000000E-02    1  2  3  4  6  9 10 11 13 14
    138  7.10346200823E-02 -1.80604000000E-02    1  2  3  4  5  9 10 12 13 14
    139 -6.81808920348E-02  1.69501000000E-02    2  3  4  7  9 10 11 12 13 14
    140  6.81808920348E-02 -1.69501000000E-02    1  3  4  8  9 10 11 12 13 14
    141  4.74221877527E-02 -6.49911000000E-02    1  2  3  4  5  6  9 10 11 12
    142  4.56494719483E-02 -5.34802000000E-02    3  4  7  8  9 10 11 12 13 14
    143  4.21818583532E-02 -6.28173000000E-02    1  2  3  4  5  6  9 10 11 14
    144 -4.21818583532E-02  6.28173000000E-02    1  2  3  4  5  6  9 10 12 13
    145  4.08587114363E-02 -6.14284000000E-02    1  4  7  8  9 10 11 12 13 14
    146 -4.08587114363E-02  6.14284000000E-02    2  3  7  8  9 10 11 12 13 14
    147  3.96343240548E-02 -6.07163000000E-02    1  2  3  4  5  6  9 10 13 14
    148  3.75081766968E-02 -7.05579000000E-02    1  2  7  8  9 10 11 12 13 14
    149 -3.09344759854E-02  8.36006000000E-03    1  2  3  4  7  9 10 11 12 14
    150  3.09344759854E-02 -8.36006000000E-03    1  2  3  4  8  9 10 11 12 13
    151  3.08041003297E-02 -9.16322000000E-03    2  3  4  5  9 10 11 12 13 14
    152 -3.08041003297E-02  9.16322000000E-03    1  3  4  6  9 10 11 12 13 14
    153 -2.88223111099E-02  6.52806000000E-03    1  2  3  4  7  9 10 12 13 14
    154  2.88223111099E-02 -6.52806000000E-03    1  2  3  4  8  9 10 11 13 14
    156 -2.65921088143E-02  2.05970000000E-02    2  3  4  7  8  9 10 11 13 14
    157  2.65921088143E-02 -2.05970000000E-02    1  3  4  7  8  9 10 12 13 14
    158 -2.61624141992E-02  6.52040000000E-03    1  2  3  6  9 10 11 12 13 14
    159  2.61624141992E-02 -6.52040000000E-03    1  2  4  5  9 10 11 12 13 14
    160  2.54749733115E-02 -2.26791000000E-02    1  2  4  5  6  9 10 11 12 13
    161 -2.54749733115E-02  2.26791000000E-02    1  2  3  5  6  9 10 11 12 14
    162 -2.43504745001E-02  5.69835000000E-02    2  3  4  6  7  9 10 11 13 14
    163 -2.43504745001E-02  5.69835000000E-02    1  3  4  5  8  9 10 12 13 14
    164  2.36234044078E-02 -5.89554000000E-02    2  3  4  6  7  9 10 11 12 13
    165  2.36234044078E-02 -5.89554000000E-02    1  3  4  5  8  9 10 11 12 14
    166 -2.24327609669E-02  6.77173000000E-02    1  2  3  5  8  9 10 11 12 14
    167 -2.24327609669E-02  6.77173000000E-02    1  2  4  6  7  9 10 11 12 13
    168  1.97116157873E-02 -3.08053000000E-02    1  3  4  5  6  9 10 12 13 14
    169 -1.97116157873E-02  3.08053000000E-02    2  3  4  5  6  9 10 11 13 14
    176 -1.77988085717E-02  2.19463000000E-02    1  2  3  4  5  8  9 10 13 14
    177  1.77988085717E-02 -2.19463000000E-02    1  2  3  4  6  7  9 10 13 14
    178 -1.73953796609E-02  3.02975000000E-02    1  2  3  7  8  9 10 11 12 14
    179  1.73953796609E-02 -3.02975000000E-02    1  2  4  7  8  9 10 11 12 13
    180  1.73360934872E-02 -7.93262000000E-03    1  2  3  4  7  8  9 10 13 14
    181  1.72783354005E-02 -2.36582000000E-02    1  2  4  7  8  9 10 11 13 14
    182 -1.72783354005E-02  2.36582000000E-02    1  2  3  7  8  9 10 12 13 14
    185  1.69306684865E-02 -1.11348000000E-02    1  3  4  6  7  9 10 12 13 14
    186  1.69306684865E-02 -1.11348000000E-02    2  3  4  5  8  9 10 11 13 14
    191  1.67162143371E-02 -1.01469000000E-02    1  2  4  5  8  9 10 11 12 13
    192  1.67162143371E-02 -1.01469000000E-02    1  2  3  6  7  9 10 11 12 14
    193  1.62428718256E-02 -7.91400000000E-03    1  2  5  6  9 10 11 12 13 14
    196  1.60461189694E-02 -6.54524000000E-02    1  2  4  6  7  9 10 11 13 14
    197  1.60461189694E-02 -6.54524000000E-02    1  2  3  5  8  9 10 12 13 14
    198  1.59536488796E-02 -2.36304000000E-02    1  2  5  8  9 10 11 12 13 14
    199 -1.59536488796E-02  2.36304000000E-02    1  2  6  7  9 10 11 12 13 14
    200 -1.54804086670E-02  2.19205000000E-02    1  2  4  5  6  9 10 11 13 14
    201  1.54804086670E-02 -2.19205000000E-02    1  2  3  5  6  9 10 12 13 14
    202 -1.38910582764E-02  7.32149000000E-02    2  3  4  5  7  9 10 11 12 14
    203 -1.38910582764E-02  7.32149000000E-02    1  3  4  6  8  9 10 11 12 13
    204  1.36390487504E-02 -2.89114000000E-02    3  4  6  7  9 10 11 12 13 14
    205 -1.36390487504E-02  2.89114000000E-02    3  4  5  8  9 10 11 12 13 14
    208 -1.29778927705E-02  3.18713000000E-02    1  3  4  5  6  9 10 11 12 14
    209  1.29778927705E-02 -3.18713000000E-02    2  3  4  5  6  9 10 11 12 13
    214  1.26088556101E-02 -1.56295000000E-02    3  4  5  6  9 10 11 12 13 14
    217 -1.20667341204E-02  1.01558000000E-02    1  2  5  7  8 10 11 12 13 14
    218  1.20667341204E-02 -1.01558000000E-02    1  2  6  7  8  9 11 12 13 14
    219  1.20203344888E-02 -2.90777000000E-02    1  2  3  4  5  8  9 10 11 12
    220 -1.20203344888E-02  2.90777000000E-02    1  2  3  4  6  7  9 10 11 12
    221 -1.18927140886E-02  8.84171000000E-03    2  3  6  7  8  9 11 12 13 14
    222 -1.18927140886E-02  8.84171000000E-03    1  4  5  7  8 10 11 12 13 14
    223  1.18102221721E-02 -1.30097000000E-02    1  2  3  4  7  8  9 10 11 12
    226  1.11202329812E-02 -2.63773000000E-02    1  3  4  7  8  9 10 11 12 14
    227 -1.11202329812E-02  2.63773000000E-02    2  3  4  7  8  9 10 11 12 13
    228 -1.10867600004E-02  7.33757000000E-02    1  2  4  5  7  9 10 12 13 14
    229 -1.10867600004E-02  7.33757000000E-02    1  2  3  6  8  9 10 11 13 14
    236  9.63585428844E-03 -9.74690000000E-03    1  2  3  5  6  8  9 11 12 14
    237  9.63585428844E-03 -9.74690000000E-03    1  2  4  5  6  7 10 11 12 13
    238  9.51930700511E-03 -7.91496000000E-03    1  4  6  7  8  9 11 12 13 14
    239  9.51930700511E-03 -7.91496000000E-03    2  3  5  7  8 10 11 12 13 14
    242  8.91404025182E-03 -1.01157000000E-02    1  3  4  5  6  8 10 11 12 13
    243  8.91404025182E-03 -1.01157000000E-02    2  3  4  5  6  7  9 11 12 14
    244 -8.87764186937E-03  9.42090000000E-03    1  2  4  5  6  7 10 11 13 14
    245 -8.87764186937E-03  9.42090000000E-03    1  2  3  5  6  8  9 12 13 14
    246 -8.75840787725E-03  6.89085000000E-03    3  4  5  7  8 10 11 12 13 14
    247  8.75840787725E-03 -6.89085000000E-03    3  4  6  7  8  9 11 12 13 14
    252  8.42155602909E-03 -1.01379000000E-02    1  2  4  5  6  7  9 12 13 14
    253  8.42155602909E-03 -1.01379000000E-02    1  2  3  5  6  8 10 11 13 14
    254 -8.28235345748E-03  2.27057000000E-02    1  2  3  4  6  7  9 10 12 13
    255 -8.28235345748E-03  2.27057000000E-02    1  2  3  4  5  8  9 10 11 14
    256 -8.14505858408E-03  5.37810000000E-02    2  4  5  7  9 10 11 12 13 14
    257 -8.14505858408E-03  5.37810000000E-02    1  3  6  8  9 10 11 12 13 14
    258  7.75542543377E-03 -5.08109000000E-02    1  2  3  4  5  7  9 10 12 14
    259  7.75542543377E-03 -5.08109000000E-02    1  2  3  4  6  8  9 10 11 13
    260  7.49037950484E-03 -5.35292000000E-03    1  2  4  6  7  8  9 11 12 13
    261  7.49037950484E-03 -5.35292000000E-03    1  2  3  5  7  8 10 11 12 14
    262  7.41980192878E-03 -4.58487000000E-02    1  3  4  6  8  9 10 11 13 14
    263  7.41980192878E-03 -4.58487000000E-02    2  3  4  5  7  9 10 12 13 14
    264 -7.34387685041E-03  4.66030000000E-03    1  3  4  5  7  8 10 11 12 14
    265 -7.34387685041E-03  4.66030000000E-03    2  3  4  6  7  8  9 11 12 13
    266 -7.21893199707E-03  2.68995000000E-03    1  2  4  6  7  9 11 12 13 14
    267 -7.21893199707E-03  2.68995000000E-03    1  2  3  5  8 10 11 12 13 14
    268  7.17654585810E-03 -2.80231000000E-03    1  2  4  5  7 10 11 12 13 14
    269  7.17654585810E-03 -2.80231000000E-03    1  2  3  6  8  9 11 12 13 14
    270 -7.04429319203E-03  7.59631000000E-03    2  3  4  5  6  7 10 11 12 13
    271 -7.04429319203E-03  7.59631000000E-03    1  3  4  5  6  8  9 11 12 14
    272  6.89892143965E-03 -2.05729000000E-02    2  3  6  7  9 10 11 12 13 14
    273  6.89892143965E-03 -2.05729000000E-02    1  4  5  8  9 10 11 12 13 14
    274 -6.87516973624E-03  2.18400000000E-03    1  3  4  6  8  9 11 12 13 14
    275 -6.87516973624E-03  2.18400000000E-03    2  3  4  5  7 10 11 12 13 14
    276  6.67319013540E-03 -2.49530000000E-03    1  2  3  4  5  6  9 12 13 14
    277 -6.67319013540E-03  2.49530000000E-03    1  2  3  4  5  6 10 11 13 14
    278  6.66335286511E-03 -7.43061000000E-03    2  4  5  6  7  9 11 12 13 14
    279  6.66335286511E-03 -7.43061000000E-03    1  3  5  6  8 10 11 12 13 14
    280 -6.61836343131E-03  2.58165000000E-03    1  2  3  4  5  6  9 11 12 14
    281  6.61836343131E-03 -2.58165000000E-03    1  2  3  4  5  6 10 11 12 13
    282  6.55877500263E-03 -2.34190000000E-03    1  3  4  5  8 10 11 12 13 14
    283  6.55877500263E-03 -2.34190000000E-03    2  3  4  6  7  9 11 12 13 14
    284  6.53427459715E-03 -7.34224000000E-03    2  3  4  5  6  7 10 11 13 14
    285  6.53427459715E-03 -7.34224000000E-03    1  3  4  5  6  8  9 12 13 14
    286  6.25720815396E-03 -5.13741000000E-03    1  2  3  4  5  6  7 10 11 12
    287 -6.25720815396E-03  5.13741000000E-03    1  2  3  4  5  6  8  9 11 12
    288 -6.06587295736E-03  7.95417000000E-03    1  2  4  5  6  7  9 11 12 14
    289 -6.06587295736E-03  7.95417000000E-03    1  2  3  5  6  8 10 11 12 13
    290  5.71654298005E-03 -5.75704000000E-02    1  2  4  5  7  9 10 11 12 14
    291  5.71654298005E-03 -5.75704000000E-02    1  2  3  6  8  9 10 11 12 13
    292 -5.64864792618E-03  7.02024000000E-03    1  2  3  4  5  6  7  9 12 14
    293 -5.64864792618E-03  7.02024000000E-03    1  2  3  4  5  6  8 10 11 13
    296 -5.38382438260E-03  4.36087000000E-03    1  2  4  5  7  8 10 11 12 13
    297 -5.38382438260E-03  4.36087000000E-03    1  2  3  6  7  8  9 11 12 14
    298  5.35288120755E-03 -4.96558000000E-03    1  2  3  4  5  6  7 10 11 14
    299  5.35288120755E-03 -4.96558000000E-03    1  2  3  4  5  6  8  9 12 13
    300 -5.32691315364E-03  6.33465000000E-03    2  3  4  5  6  7  9 12 13 14
    301 -5.32691315364E-03  6.33465000000E-03    1  3  4  5  6  8 10 11 13 14
    306 -4.53112316862E-03  3.40524000000E-03    1  2  3  6  7  8  9 12 13 14
    307 -4.53112316862E-03  3.40524000000E-03    1  2  4  5  7  8 10 11 13 14
    310 -4.44878353873E-03  3.40124000000E-03    1  2  5  6  8  9 11 12 13 14
    311  4.44878353873E-03 -3.40124000000E-03    1  2  5  6  7 10 11 12 13 14
    312  4.12979164545E-03 -2.65390000000E-03    1  3  4  6  7  8  9 12 13 14
    313  4.12979164545E-03 -2.65390000000E-03    2  3  4  5  7  8 10 11 13 14
    314 -3.99281372993E-03  4.77983000000E-03    1  4  5  6  7 10 11 12 13 14
    315 -3.99281372993E-03  4.77983000000E-03    2  3  5  6  8  9 11 12 13 14
    316  3.72013793479E-03 -1.26163000000E-03    2  3  4  5  7  8  9 11 12 14
    317  3.72013793479E-03 -1.26163000000E-03    1  3  4  6  7  8 10 11 12 13
    318  3.63944047132E-03 -3.72519000000E-03    3  4  5  6  8  9 11 12 13 14
    319 -3.63944047132E-03  3.72519000000E-03    3  4  5  6  7 10 11 12 13 14
    320  3.62373886092E-03 -3.39867000000E-03    1  3  4  6  7  8  9 11 12 14
    321  3.62373886092E-03 -3.39867000000E-03    2  3  4  5  7  8 10 11 12 13
    322 -3.56998065732E-03  1.79273000000E-03    1  2  3  5  6  7 10 11 12 14
    323 -3.56998065732E-03  1.79273000000E-03    1  2  4  5  6  8  9 11 12 13
    326 -3.44209748337E-03  2.29853000000E-03    1  2  3  4  5  7  8 10 11 12
    327  3.44209748337E-03 -2.29853000000E-03    1  2  3  4  6  7  8  9 11 12
    328  3.42373699838E-03 -1.15506000000E-03    1  2  3  4  5  8 10 11 12 13
    329  3.42373699838E-03 -1.15506000000E-03    1  2  3  4  6  7  9 11 12 14
    332 -3.29636948800E-03  1.47704000000E-03    1  2  3  4  6  8  9 11 12 13
    333 -3.29636948800E-03  1.47704000000E-03    1  2  3  4  5  7 10 11 12 14
    334  3.25399798905E-03 -1.26440000000E-03    1  2  4  5  7  8  9 12 13 14
    335  3.25399798905E-03 -1.26440000000E-03    1  2  3  6  7  8 10 11 13 14
    336 -3.22844859664E-03  5.90728000000E-04    1  2  3  4  5  7 10 12 13 14
    337 -3.22844859664E-03  5.90728000000E-04    1  2  3  4  6  8  9 11 13 14
    338  2.94148963333E-03 -1.46177000000E-03    1  2  5  6  7  8 11 12 13 14
    339 -2.91198174777E-03  7.90061000000E-04    1  3  4  6  7  8 10 11 13 14
    340 -2.91198174777E-03  7.90061000000E-04    2  3  4  5  7  8  9 12 13 14
    341  2.69789135632E-03 -9.01943000000E-04    1  2  3  4  6  7  9 12 13 14
    342  2.69789135632E-03 -9.01943000000E-04    1  2  3  4  5  8 10 11 13 14
    343 -2.67053963240E-03  2.65078000000E-03    2  3  5  6  7 10 11 12 13 14
    344 -2.67053963240E-03  2.65078000000E-03    1  4  5  6  8  9 11 12 13 14
    345  2.65921837428E-03 -8.87875000000E-04    3  4  5  6  7  8 11 12 13 14
    346  2.45114292625E-03 -1.13924000000E-03    1  4  5  6  7  8 11 12 13 14
    347 -2.45114292625E-03  1.13924000000E-03    2  3  5  6  7  8 11 12 13 14
    348 -2.44393465625E-03  1.26603000000E-03    1  3  4  5  6 10 11 12 13 14
    349  2.44393465625E-03 -1.26603000000E-03    2  3  4  5  6  9 11 12 13 14
    350  2.37340706144E-03 -9.26750000000E-04    1  3  6  7  8 10 11 12 13 14
    351  2.37340706144E-03 -9.26750000000E-04    2  4  5  7  8  9 11 12 13 14
    352 -2.34669273318E-03  8.75568000000E-04    1  2  3  4  6  7  8 10 11 13
    353 -2.34669273318E-03  8.75568000000E-04    1  2  3  4  5  7  8  9 12 14
    354  2.15773428571E-03 -9.00884000000E-04    1  2  4  5  6  9 11 12 13 14
    355 -2.15773428571E-03  9.00884000000E-04    1  2  3  5  6 10 11 12 13 14
    356 -2.10655504528E-03  9.92048000000E-04    1  2  3  6  7  8 10 11 12 13
    357 -2.10655504528E-03  9.92048000000E-04    1  2  4  5  7  8  9 11 12 14
    358  2.10039075360E-03 -1.79484000000E-03    1  2  3  4  5  7  8 10 11 14
    359  2.10039075360E-03 -1.79484000000E-03    1  2  3  4  6  7  8  9 12 13
    360  1.94074249586E-03 -4.06102000000E-04    1  2  3  4  5  6  7  8 11 12
    361 -1.91103236550E-03  7.70473000000E-04    1  2  3  5  6  7  8 11 12 14
    362  1.91103236550E-03 -7.70473000000E-04    1  2  4  5  6  7  8 11 12 13
    363 -1.86974790816E-03  2.51936000000E-03    1  3  4  5  6  7 10 11 12 14
    364 -1.86974790816E-03  2.51936000000E-03    2  3  4  5  6  8  9 11 12 13
    369 -1.45094545345E-03  1.26058000000E-02    2  3  4  5  6  7  8  9 12 13
    370 -1.45094545345E-03  1.26058000000E-02    1  3  4  5  6  7  8 10 11 14
    371 -1.43113935777E-03  2.40153000000E-04    2  3  4  5  6  7  8 11 13 14
    372  1.43113935777E-03 -2.40153000000E-04    1  3  4  5  6  7  8 12 13 14
    373 -1.40380455059E-03  1.47867000000E-02    1  3  5  6  7  8 10 11 12 14
    374 -1.40380455059E-03  1.47867000000E-02    2  4  5  6  7  8  9 11 12 13
    375  1.37798012759E-03 -6.49565000000E-05    1  2  3  4  5  6  7  8 13 14
    376  1.27712519251E-03 -2.14084000000E-03    1  2  4  6  7  8  9 11 13 14
    377  1.27712519251E-03 -2.14084000000E-03    1  2  3  5  7  8 10 12 13 14
    378  1.24614127149E-03 -3.32082000000E-02    2  3  5  8  9 10 11 12 13 14
    379  1.24614127149E-03 -3.32082000000E-02    1  4  6  7  9 10 11 12 13 14
    380 -1.21780990048E-03  1.86384000000E-03    1  3  4  5  7  8 10 12 13 14
    381 -1.21780990048E-03  1.86384000000E-03    2  3  4  6  7  8  9 11 13 14
    382 -1.20736082601E-03  1.00759000000E-03    2  3  4  5  6  8  9 11 13 14
    383 -1.20736082601E-03  1.00759000000E-03    1  3  4  5  6  7 10 12 13 14
    384  1.17910214347E-03 -7.17827000000E-04    1  2  3  4  6  7  8  9 13 14
    385 -1.17910214347E-03  7.17827000000E-04    1  2  3  4  5  7  8 10 13 14
    390  7.89932090202E-04 -6.00473000000E-04    1  3  4  5  6  7  8 11 12 14
    391 -7.89932090202E-04  6.00473000000E-04    2  3  4  5  6  7  8 11 12 13
    395  7.59725834280E-04 -3.01750000000E-04    1  3  4  5  6  8 11 12 13 14
    396 -7.59725834280E-04  3.01750000000E-04    2  3  4  5  6  7 11 12 13 14
    397 -7.56483230392E-04  3.87178000000E-04    1  2  3  5  6  8 11 12 13 14
    398  7.56483230392E-04 -3.87178000000E-04    1  2  4  5  6  7 11 12 13 14
    401  6.41966126593E-04 -1.98593000000E-03    1  2  3  4  5  6  8  9 13 14
    402 -6.41966126593E-04  1.98593000000E-03    1  2  3  4  5  6  7 10 13 14
    403  5.67532622225E-04 -3.08142000000E-04    1  2  4  5  6  7  8 11 13 14
    404 -5.67532622225E-04  3.08142000000E-04    1  2  3  5  6  7  8 12 13 14
    411 -3.99510592019E-04  8.16173000000E-05    1  2  3  4  5  6  7 12 13 14
    412  3.99510592019E-04 -8.16173000000E-05    1  2  3  4  5  6  8 11 13 14
    413 -3.51035847435E-04  2.04074000000E-04    1  2  3  4  5  6  7 11 12 14
    414  3.51035847435E-04 -2.04074000000E-04    1  2  3  4  5  6  8 11 12 13
    417  2.95767595391E-04 -2.05465000000E-03    1  2  3  4  5  6  8  9 11 14
    418  2.95767595391E-04 -2.05465000000E-03    1  2  3  4  5  6  7 10 12 13
    432 -1.18171455781E-04  2.54523000000E-05    1  2  3  4  5  7  8 11 12 14
    433  1.18171455781E-04 -2.54523000000E-05    1  2  3  4  6  7  8 11 12 13
