# FIXED-NODE: TRIAL WAVE FUNCTION DUMP FILE [ nI | twfn amp. ]
 # Size of Hilbert Space:          441
 # Type of Trial Wave Function |  Slater =           3  |  Jastrow = T  |  Backflow = T
 
         1   1   2   3   4   5   6   7   8   9  10   4.54488461770E-01
         2   1   2   3   4   5   6   7   8   9  12   4.04469509388E-03
         3   1   2   3   4   5   6   7   8   9  14  -1.32235410957E-02
         4   1   2   3   4   5   6   7   8  10  11  -4.04469509388E-03
         5   1   2   3   4   5   6   7   8  10  13   1.32235410957E-02
         6   1   2   3   4   5   6   7   8  11  12   8.55578334759E-11
         7   1   2   3   4   5   6   7   8  11  14  -5.33616181113E-04
         8   1   2   3   4   5   6   7   8  12  13   5.33616181113E-04
         9   1   2   3   4   5   6   7   8  13  14   9.97405288668E-14
        10   1   2   3   4   5   6   7   9  10  12  -2.43235825798E-01
        11   1   2   3   4   5   6   7   9  10  14  -2.41420619333E-01
        12   1   2   3   4   5   6   7   9  12  14   5.84502363513E-03
        13   1   2   3   4   5   6   7  10  11  12  -5.68434009298E-03
        14   1   2   3   4   5   6   7  10  11  14  -5.70981559885E-03
        15   1   2   3   4   5   6   7  10  12  13   4.91944541937E-04
        16   1   2   3   4   5   6   7  10  13  14  -3.47502315785E-04
        17   1   2   3   4   5   6   7  11  12  14   8.53965778695E-21
        18   1   2   3   4   5   6   7  12  13  14  -4.93430284381E-21
        19   1   2   3   4   5   6   8   9  10  11   2.43235825798E-01
        20   1   2   3   4   5   6   8   9  10  13   2.41420619333E-01
        21   1   2   3   4   5   6   8   9  11  12   5.68434009298E-03
        22   1   2   3   4   5   6   8   9  11  14   4.91944541937E-04
        23   1   2   3   4   5   6   8   9  12  13  -5.70981559885E-03
        24   1   2   3   4   5   6   8   9  13  14   3.47502315785E-04
        25   1   2   3   4   5   6   8  10  11  13   5.84502363513E-03
        26   1   2   3   4   5   6   8  11  12  13  -8.53965778695E-21
        27   1   2   3   4   5   6   8  11  13  14   4.93430284381E-21
        28   1   2   3   4   5   6   9  10  11  12   1.16547918677E-03
        29   1   2   3   4   5   6   9  10  11  14  -6.15425004018E-05
        30   1   2   3   4   5   6   9  10  12  13   6.15425004018E-05
        31   1   2   3   4   5   6   9  10  13  14   2.78041540934E-04
        32   1   2   3   4   5   6   9  11  12  14   6.61636647795E-03
        33   1   2   3   4   5   6   9  12  13  14  -6.63415545422E-03
        34   1   2   3   4   5   6  10  11  12  13  -6.61636647795E-03
        35   1   2   3   4   5   6  10  11  13  14   6.63415545422E-03
        36   1   2   3   4   5   6  11  12  13  14   2.02706652351E-27
        37   1   2   3   4   5   7   8   9  10  12   1.09293424558E-01
        38   1   2   3   4   5   7   8   9  10  14  -8.82082532057E-02
        39   1   2   3   4   5   7   8   9  12  14   1.79701190403E-03
        40   1   2   3   4   5   7   8  10  11  12   2.22707283340E-03
        41   1   2   3   4   5   7   8  10  11  14  -2.40062341398E-03
        42   1   2   3   4   5   7   8  10  12  13   1.15537488973E-03
        43   1   2   3   4   5   7   8  10  13  14   5.50700923357E-04
        44   1   2   3   4   5   7   8  11  12  14   1.54188801954E-04
        45   1   2   3   4   5   7   8  12  13  14  -2.66398759641E-06
        46   1   2   3   4   5   7   9  10  12  14  -8.51640093554E-03
        47   1   2   3   4   5   7  10  11  12  14   3.77311107922E-03
        48   1   2   3   4   5   7  10  12  13  14   1.39165633603E-03
        49   1   2   3   4   5   8   9  10  11  12  -9.52907556900E-03
        50   1   2   3   4   5   8   9  10  11  14   1.24141804034E-02
        51   1   2   3   4   5   8   9  10  12  13   5.29925091924E-03
        52   1   2   3   4   5   8   9  10  13  14   1.48906338068E-02
        53   1   2   3   4   5   8   9  11  12  14  -1.32239080479E-04
        54   1   2   3   4   5   8   9  12  13  14  -5.09478568699E-04
        55   1   2   3   4   5   8  10  11  12  13  -3.64111434065E-03
        56   1   2   3   4   5   8  10  11  13  14  -2.56327114994E-03
        57   1   2   3   4   5   8  11  12  13  14  -4.59891495508E-21
        58   1   2   3   4   5   9  10  11  12  14   6.74881305514E-02
        59   1   2   3   4   5   9  10  12  13  14  -6.51955190488E-02
        60   1   2   3   4   5  10  11  12  13  14  -2.25749056714E-03
        61   1   2   3   4   6   7   8   9  10  11  -1.09293424558E-01
        62   1   2   3   4   6   7   8   9  10  13   8.82082532057E-02
        63   1   2   3   4   6   7   8   9  11  12  -2.22707283340E-03
        64   1   2   3   4   6   7   8   9  11  14   1.15537488973E-03
        65   1   2   3   4   6   7   8   9  12  13  -2.40062341398E-03
        66   1   2   3   4   6   7   8   9  13  14  -5.50700923357E-04
        67   1   2   3   4   6   7   8  10  11  13   1.79701190403E-03
        68   1   2   3   4   6   7   8  11  12  13  -1.54188801954E-04
        69   1   2   3   4   6   7   8  11  13  14   2.66398759641E-06
        70   1   2   3   4   6   7   9  10  11  12   9.52907556900E-03
        71   1   2   3   4   6   7   9  10  11  14   5.29925091924E-03
        72   1   2   3   4   6   7   9  10  12  13   1.24141804034E-02
        73   1   2   3   4   6   7   9  10  13  14  -1.48906338068E-02
        74   1   2   3   4   6   7   9  11  12  14  -3.64111434065E-03
        75   1   2   3   4   6   7   9  12  13  14  -2.56327114994E-03
        76   1   2   3   4   6   7  10  11  12  13  -1.32239080479E-04
        77   1   2   3   4   6   7  10  11  13  14  -5.09478568699E-04
        78   1   2   3   4   6   7  11  12  13  14   4.59891495508E-21
        79   1   2   3   4   6   8   9  10  11  13  -8.51640093554E-03
        80   1   2   3   4   6   8   9  11  12  13   3.77311107922E-03
        81   1   2   3   4   6   8   9  11  13  14   1.39165633603E-03
        82   1   2   3   4   6   9  10  11  12  13  -6.74881305514E-02
        83   1   2   3   4   6   9  10  11  13  14   6.51955190488E-02
        84   1   2   3   4   6   9  11  12  13  14   2.25749056714E-03
        85   1   2   3   4   7   8   9  10  11  12  -1.03601161367E-02
        86   1   2   3   4   7   8   9  10  11  14   2.00106153093E-03
        87   1   2   3   4   7   8   9  10  12  13  -2.00106153093E-03
        88   1   2   3   4   7   8   9  10  13  14  -1.47778622835E-02
        89   1   2   3   4   7   8   9  11  12  14   5.34851377009E-05
        90   1   2   3   4   7   8   9  12  13  14   2.89354490049E-04
        91   1   2   3   4   7   8  10  11  12  13  -5.34851377009E-05
        92   1   2   3   4   7   8  10  11  13  14  -2.89354490049E-04
        93   1   2   3   4   7   8  11  12  13  14  -2.49422442224E-15
        94   1   2   3   4   7   9  10  11  12  14   2.62551076525E-02
        95   1   2   3   4   7   9  10  12  13  14   3.66395196483E-02
        96   1   2   3   4   7  10  11  12  13  14   1.02105565803E-03
        97   1   2   3   4   8   9  10  11  12  13  -2.62551076525E-02
        98   1   2   3   4   8   9  10  11  13  14  -3.66395196483E-02
        99   1   2   3   4   8   9  11  12  13  14  -1.02105565803E-03
       100   1   2   3   4   9  10  11  12  13  14   2.38346835191E-02
       101   1   2   3   5   6   7   8   9  10  12  -5.06377254664E-01
       102   1   2   3   5   6   7   8   9  10  14  -6.94930861043E-01
       103   1   2   3   5   6   7   8   9  12  14  -1.33234652225E-02
       104   1   2   3   5   6   7   8  10  11  12   4.24119272325E-03
       105   1   2   3   5   6   7   8  10  11  14   3.85266898433E-03
       106   1   2   3   5   6   7   8  10  12  13   1.01955976064E-02
       107   1   2   3   5   6   7   8  10  13  14  -1.73184558451E-02
       108   1   2   3   5   6   7   8  11  12  14   1.76391489867E-03
       109   1   2   3   5   6   7   8  12  13  14   6.87070889283E-04
       110   1   2   3   5   6   7   9  10  12  14   8.61524957426E-02
       111   1   2   3   5   6   7  10  11  12  14   2.40926574890E-03
       112   1   2   3   5   6   7  10  12  13  14  -6.89463830397E-05
       113   1   2   3   5   6   8   9  10  11  12  -2.48790754903E-01
       114   1   2   3   5   6   8   9  10  11  14  -3.44046885107E-01
       115   1   2   3   5   6   8   9  10  12  13   2.58493797184E-01
       116   1   2   3   5   6   8   9  10  13  14  -3.42938756019E-01
       117   1   2   3   5   6   8   9  11  12  14  -9.62720966892E-03
       118   1   2   3   5   6   8   9  12  13  14   9.68295456401E-03
       119   1   2   3   5   6   8  10  11  12  13   5.68242046984E-03
       120   1   2   3   5   6   8  10  11  13  14  -8.55315938243E-03
       121   1   2   3   5   6   8  11  12  13  14  -2.94726949729E-21
       122   1   2   3   5   6   9  10  11  12  14   7.34388427501E-03
       123   1   2   3   5   6   9  10  12  13  14  -5.63729145850E-03
       124   1   2   3   5   6  10  11  12  13  14   1.41117077105E-03
       125   1   2   3   5   7   8   9  10  12  14  -2.52313185124E-01
       126   1   2   3   5   7   8  10  11  12  14  -6.18617462704E-03
       127   1   2   3   5   7   8  10  12  13  14  -2.89308266019E-03
       128   1   2   3   5   8   9  10  11  12  14   2.38659389108E-02
       129   1   2   3   5   8   9  10  12  13  14  -1.92973775519E-02
       130   1   2   3   5   8  10  11  12  13  14   6.82792210973E-03
       131   1   2   3   6   7   8   9  10  11  12   1.08226195406E-01
       132   1   2   3   6   7   8   9  10  11  14   1.57041753219E-01
       133   1   2   3   6   7   8   9  10  12  13   9.94281941693E-02
       134   1   2   3   6   7   8   9  10  13  14  -1.25189453565E-01
       135   1   2   3   6   7   8   9  11  12  14   5.40956778237E-03
       136   1   2   3   6   7   8   9  12  13  14   4.75544120679E-03
       137   1   2   3   6   7   8  10  11  12  13   1.86202804695E-03
       138   1   2   3   6   7   8  10  11  13  14  -1.90615373676E-03
       139   1   2   3   6   7   8  11  12  13  14  -6.37267542505E-05
       140   1   2   3   6   7   9  10  11  12  14  -3.41233755607E-03
       141   1   2   3   6   7   9  10  12  13  14  -4.68422416664E-03
       142   1   2   3   6   7  10  11  12  13  14  -1.19143509065E-04
       143   1   2   3   6   8   9  10  11  12  13  -8.13930791254E-03
       144   1   2   3   6   8   9  10  11  13  14   1.25560037386E-02
       145   1   2   3   6   8   9  11  12  13  14  -7.40111621054E-03
       146   1   2   3   6   9  10  11  12  13  14   2.51044426460E-02
       147   1   2   3   7   8   9  10  11  12  14   1.85547647017E-02
       148   1   2   3   7   8   9  10  12  13  14   1.65989919453E-02
       149   1   2   3   7   8  10  11  12  13  14   5.61589871711E-04
       150   1   2   3   8   9  10  11  12  13  14   7.02425563446E-02
       151   1   2   4   5   6   7   8   9  10  11   5.06377254664E-01
       152   1   2   4   5   6   7   8   9  10  13   6.94930861043E-01
       153   1   2   4   5   6   7   8   9  11  12  -4.24119272325E-03
       154   1   2   4   5   6   7   8   9  11  14   1.01955976064E-02
       155   1   2   4   5   6   7   8   9  12  13   3.85266898433E-03
       156   1   2   4   5   6   7   8   9  13  14   1.73184558451E-02
       157   1   2   4   5   6   7   8  10  11  13  -1.33234652225E-02
       158   1   2   4   5   6   7   8  11  12  13  -1.76391489867E-03
       159   1   2   4   5   6   7   8  11  13  14  -6.87070889283E-04
       160   1   2   4   5   6   7   9  10  11  12   2.48790754903E-01
       161   1   2   4   5   6   7   9  10  11  14   2.58493797184E-01
       162   1   2   4   5   6   7   9  10  12  13  -3.44046885107E-01
       163   1   2   4   5   6   7   9  10  13  14   3.42938756019E-01
       164   1   2   4   5   6   7   9  11  12  14   5.68242046984E-03
       165   1   2   4   5   6   7   9  12  13  14  -8.55315938243E-03
       166   1   2   4   5   6   7  10  11  12  13  -9.62720966892E-03
       167   1   2   4   5   6   7  10  11  13  14   9.68295456401E-03
       168   1   2   4   5   6   7  11  12  13  14   2.94726949729E-21
       169   1   2   4   5   6   8   9  10  11  13   8.61524957426E-02
       170   1   2   4   5   6   8   9  11  12  13   2.40926574890E-03
       171   1   2   4   5   6   8   9  11  13  14  -6.89463830397E-05
       172   1   2   4   5   6   9  10  11  12  13  -7.34388427501E-03
       173   1   2   4   5   6   9  10  11  13  14   5.63729145850E-03
       174   1   2   4   5   6   9  11  12  13  14  -1.41117077105E-03
       175   1   2   4   5   7   8   9  10  11  12  -1.08226195406E-01
       176   1   2   4   5   7   8   9  10  11  14   9.94281941693E-02
       177   1   2   4   5   7   8   9  10  12  13   1.57041753219E-01
       178   1   2   4   5   7   8   9  10  13  14   1.25189453565E-01
       179   1   2   4   5   7   8   9  11  12  14   1.86202804695E-03
       180   1   2   4   5   7   8   9  12  13  14  -1.90615373676E-03
       181   1   2   4   5   7   8  10  11  12  13   5.40956778237E-03
       182   1   2   4   5   7   8  10  11  13  14   4.75544120679E-03
       183   1   2   4   5   7   8  11  12  13  14   6.37267542505E-05
       184   1   2   4   5   7   9  10  11  12  14  -8.13930791254E-03
       185   1   2   4   5   7   9  10  12  13  14   1.25560037386E-02
       186   1   2   4   5   7  10  11  12  13  14  -7.40111621054E-03
       187   1   2   4   5   8   9  10  11  12  13  -3.41233755607E-03
       188   1   2   4   5   8   9  10  11  13  14  -4.68422416664E-03
       189   1   2   4   5   8   9  11  12  13  14  -1.19143509065E-04
       190   1   2   4   5   9  10  11  12  13  14  -2.51044426460E-02
       191   1   2   4   6   7   8   9  10  11  13  -2.52313185124E-01
       192   1   2   4   6   7   8   9  11  12  13  -6.18617462704E-03
       193   1   2   4   6   7   8   9  11  13  14  -2.89308266019E-03
       194   1   2   4   6   7   9  10  11  12  13   2.38659389108E-02
       195   1   2   4   6   7   9  10  11  13  14  -1.92973775519E-02
       196   1   2   4   6   7   9  11  12  13  14   6.82792210973E-03
       197   1   2   4   7   8   9  10  11  12  13  -1.85547647017E-02
       198   1   2   4   7   8   9  10  11  13  14  -1.65989919453E-02
       199   1   2   4   7   8   9  11  12  13  14  -5.61589871711E-04
       200   1   2   4   7   9  10  11  12  13  14  -7.02425563446E-02
       201   1   2   5   6   7   8   9  10  11  12   4.64015293619E-01
       202   1   2   5   6   7   8   9  10  11  14   6.99530190260E-01
       203   1   2   5   6   7   8   9  10  12  13  -6.99530190260E-01
       204   1   2   5   6   7   8   9  10  13  14   9.55286322372E-01
       205   1   2   5   6   7   8   9  11  12  14  -1.03778541478E-02
       206   1   2   5   6   7   8   9  12  13  14   1.31769910814E-02
       207   1   2   5   6   7   8  10  11  12  13   1.03778541478E-02
       208   1   2   5   6   7   8  10  11  13  14  -1.31769910814E-02
       209   1   2   5   6   7   8  11  12  13  14   2.30466686237E-11
       210   1   2   5   6   7   9  10  11  12  14   8.82453364929E-02
       211   1   2   5   6   7   9  10  12  13  14  -1.17486984312E-01
       212   1   2   5   6   7  10  11  12  13  14  -3.90351075148E-03
       213   1   2   5   6   8   9  10  11  12  13  -8.82453364929E-02
       214   1   2   5   6   8   9  10  11  13  14   1.17486984312E-01
       215   1   2   5   6   8   9  11  12  13  14   3.90351075148E-03
       216   1   2   5   6   9  10  11  12  13  14  -1.63532501019E-03
       217   1   2   5   7   8   9  10  11  12  14  -2.50631605049E-01
       218   1   2   5   7   8   9  10  12  13  14   3.42488980106E-01
       219   1   2   5   7   8  10  11  12  13  14   1.20722869116E-02
       220   1   2   5   8   9  10  11  12  13  14  -1.26092956631E-02
       221   1   2   6   7   8   9  10  11  12  13   2.50631605049E-01
       222   1   2   6   7   8   9  10  11  13  14  -3.42488980106E-01
       223   1   2   6   7   8   9  11  12  13  14  -1.20722869116E-02
       224   1   2   6   7   9  10  11  12  13  14   1.26092956631E-02
       225   1   2   7   8   9  10  11  12  13  14  -4.18753926666E-02
       226   1   3   4   5   6   7   8   9  10  12   7.05705152367E-01
       227   1   3   4   5   6   7   8   9  10  14   4.61998626374E-01
       228   1   3   4   5   6   7   8   9  12  14   1.81980685906E-02
       229   1   3   4   5   6   7   8  10  11  12   3.50407358346E-04
       230   1   3   4   5   6   7   8  10  11  14   4.86471067470E-04
       231   1   3   4   5   6   7   8  10  12  13  -1.85877572719E-02
       232   1   3   4   5   6   7   8  10  13  14   1.56200636927E-02
       233   1   3   4   5   6   7   8  11  12  14  -9.33661422932E-04
       234   1   3   4   5   6   7   8  12  13  14  -1.16092442529E-03
       235   1   3   4   5   6   7   9  10  12  14   1.15253404570E-01
       236   1   3   4   5   6   7  10  11  12  14   3.15719693664E-03
       237   1   3   4   5   6   7  10  12  13  14  -3.97861883942E-04
       238   1   3   4   5   6   8   9  10  11  12   3.44318047308E-01
       239   1   3   4   5   6   8   9  10  11  14   2.31706628153E-01
       240   1   3   4   5   6   8   9  10  12  13  -3.47304241461E-01
       241   1   3   4   5   6   8   9  10  13  14   2.22720814992E-01
       242   1   3   4   5   6   8   9  11  12  14   7.34406122092E-03
       243   1   3   4   5   6   8   9  12  13  14  -6.57813267634E-03
       244   1   3   4   5   6   8  10  11  12  13  -9.32543882134E-03
       245   1   3   4   5   6   8  10  11  13  14   6.90671525813E-03
       246   1   3   4   5   6   8  11  12  13  14   3.51445826059E-21
       247   1   3   4   5   6   9  10  11  12  14  -2.04629951865E-03
       248   1   3   4   5   6   9  10  12  13  14   2.01326035254E-04
       249   1   3   4   5   6  10  11  12  13  14   2.80037439070E-03
       250   1   3   4   5   7   8   9  10  12  14   2.33860774995E-01
       251   1   3   4   5   7   8  10  11  12  14   7.35216992956E-03
       252   1   3   4   5   7   8  10  12  13  14   1.77961918874E-03
       253   1   3   4   5   8   9  10  11  12  14  -2.71983445302E-02
       254   1   3   4   5   8   9  10  12  13  14   2.43606852730E-02
       255   1   3   4   5   8  10  11  12  13  14  -6.17230379316E-03
       256   1   3   4   6   7   8   9  10  11  12  -1.58304067946E-01
       257   1   3   4   6   7   8   9  10  11  14  -1.08453060755E-01
       258   1   3   4   6   7   8   9  10  12  13  -1.26819933028E-01
       259   1   3   4   6   7   8   9  10  13  14   8.02007202184E-02
       260   1   3   4   6   7   8   9  11  12  14  -4.24815341052E-03
       261   1   3   4   6   7   8   9  12  13  14  -3.19495151169E-03
       262   1   3   4   6   7   8  10  11  12  13  -4.63953643304E-03
       263   1   3   4   6   7   8  10  11  13  14   2.79745810006E-03
       264   1   3   4   6   7   8  11  12  13  14   1.67310660877E-04
       265   1   3   4   6   7   9  10  11  12  14  -2.94066423869E-03
       266   1   3   4   6   7   9  10  12  13  14  -3.40604308931E-03
       267   1   3   4   6   7  10  11  12  13  14   3.17638065249E-04
       268   1   3   4   6   8   9  10  11  12  13   1.63720194138E-02
       269   1   3   4   6   8   9  10  11  13  14  -1.25699630154E-02
       270   1   3   4   6   8   9  11  12  13  14   5.96925215473E-03
       271   1   3   4   6   9  10  11  12  13  14   3.21053958470E-02
       272   1   3   4   7   8   9  10  11  12  14  -1.33853739329E-02
       273   1   3   4   7   8   9  10  12  13  14  -2.21990646381E-02
       274   1   3   4   7   8  10  11  12  13  14  -5.30338119203E-04
       275   1   3   4   8   9  10  11  12  13  14  -7.16103872945E-02
       276   1   3   5   6   7   8   9  10  12  14   5.05932077569E-01
       277   1   3   5   6   7   8  10  11  12  14   2.84388720013E-03
       278   1   3   5   6   7   8  10  12  13  14  -1.14557576576E-02
       279   1   3   5   6   8   9  10  11  12  14   2.37895324997E-01
       280   1   3   5   6   8   9  10  12  13  14  -2.36762722607E-01
       281   1   3   5   6   8  10  11  12  13  14  -6.50616448065E-03
       282   1   3   6   7   8   9  10  11  12  14  -1.07874563105E-01
       283   1   3   6   7   8   9  10  12  13  14  -8.57368367503E-02
       284   1   3   6   7   8  10  11  12  13  14  -2.74095863097E-03
       285   1   3   6   8   9  10  11  12  13  14   9.21919522832E-03
       286   1   4   5   6   7   8   9  10  11  12   7.11847274054E-01
       287   1   4   5   6   7   8   9  10  11  14   4.96957888231E-01
       288   1   4   5   6   7   8   9  10  12  13  -1.00000000000E+00
       289   1   4   5   6   7   8   9  10  13  14   6.40251413933E-01
       290   1   4   5   6   7   8   9  11  12  14  -1.19163791555E-02
       291   1   4   5   6   7   8   9  12  13  14   2.04954473683E-02
       292   1   4   5   6   7   8  10  11  12  13   1.16011338094E-02
       293   1   4   5   6   7   8  10  11  13  14  -8.95157477961E-03
       294   1   4   5   6   7   8  11  12  13  14  -2.34481538642E-03
       295   1   4   5   6   7   9  10  11  12  14  -1.19242004593E-01
       296   1   4   5   6   7   9  10  12  13  14   1.55940546349E-01
       297   1   4   5   6   7  10  11  12  13  14   4.74063733797E-03
       298   1   4   5   6   8   9  10  11  12  13  -1.20200956150E-01
       299   1   4   5   6   8   9  10  11  13  14   8.01537311804E-02
       300   1   4   5   6   8   9  11  12  13  14   3.17479629353E-03
       301   1   4   5   6   9  10  11  12  13  14  -2.07809161859E-03
       302   1   4   5   7   8   9  10  11  12  14  -2.40293123444E-01
       303   1   4   5   7   8   9  10  12  13  14   3.21276830864E-01
       304   1   4   5   7   8  10  11  12  13  14   1.22507088453E-02
       305   1   4   5   8   9  10  11  12  13  14  -1.11984966354E-02
       306   1   4   6   7   8   9  10  11  12  13   3.51243343081E-01
       307   1   4   6   7   8   9  10  11  13  14  -2.36315121190E-01
       308   1   4   6   7   8   9  11  12  13  14  -9.74221591916E-03
       309   1   4   6   7   9  10  11  12  13  14  -6.36659740515E-03
       310   1   4   7   8   9  10  11  12  13  14  -4.14670203204E-02
       311   1   5   6   7   8   9  10  11  12  14  -4.79446478748E-01
       312   1   5   6   7   8   9  10  12  13  14   6.58151055763E-01
       313   1   5   6   7   8  10  11  12  13  14  -4.51635381870E-03
       314   1   5   6   8   9  10  11  12  13  14   7.87499204474E-02
       315   1   6   7   8   9  10  11  12  13  14  -2.33225084272E-01
       316   2   3   4   5   6   7   8   9  10  11  -7.05705152367E-01
       317   2   3   4   5   6   7   8   9  10  13  -4.61998626374E-01
       318   2   3   4   5   6   7   8   9  11  12  -3.50407358346E-04
       319   2   3   4   5   6   7   8   9  11  14  -1.85877572719E-02
       320   2   3   4   5   6   7   8   9  12  13   4.86471067470E-04
       321   2   3   4   5   6   7   8   9  13  14  -1.56200636927E-02
       322   2   3   4   5   6   7   8  10  11  13   1.81980685906E-02
       323   2   3   4   5   6   7   8  11  12  13   9.33661422932E-04
       324   2   3   4   5   6   7   8  11  13  14   1.16092442529E-03
       325   2   3   4   5   6   7   9  10  11  12  -3.44318047308E-01
       326   2   3   4   5   6   7   9  10  11  14  -3.47304241461E-01
       327   2   3   4   5   6   7   9  10  12  13   2.31706628153E-01
       328   2   3   4   5   6   7   9  10  13  14  -2.22720814992E-01
       329   2   3   4   5   6   7   9  11  12  14  -9.32543882134E-03
       330   2   3   4   5   6   7   9  12  13  14   6.90671525813E-03
       331   2   3   4   5   6   7  10  11  12  13   7.34406122092E-03
       332   2   3   4   5   6   7  10  11  13  14  -6.57813267634E-03
       333   2   3   4   5   6   7  11  12  13  14  -3.51445826059E-21
       334   2   3   4   5   6   8   9  10  11  13   1.15253404570E-01
       335   2   3   4   5   6   8   9  11  12  13   3.15719693664E-03
       336   2   3   4   5   6   8   9  11  13  14  -3.97861883942E-04
       337   2   3   4   5   6   9  10  11  12  13   2.04629951865E-03
       338   2   3   4   5   6   9  10  11  13  14  -2.01326035254E-04
       339   2   3   4   5   6   9  11  12  13  14  -2.80037439070E-03
       340   2   3   4   5   7   8   9  10  11  12   1.58304067946E-01
       341   2   3   4   5   7   8   9  10  11  14  -1.26819933028E-01
       342   2   3   4   5   7   8   9  10  12  13  -1.08453060755E-01
       343   2   3   4   5   7   8   9  10  13  14  -8.02007202184E-02
       344   2   3   4   5   7   8   9  11  12  14  -4.63953643304E-03
       345   2   3   4   5   7   8   9  12  13  14   2.79745810006E-03
       346   2   3   4   5   7   8  10  11  12  13  -4.24815341052E-03
       347   2   3   4   5   7   8  10  11  13  14  -3.19495151169E-03
       348   2   3   4   5   7   8  11  12  13  14  -1.67310660877E-04
       349   2   3   4   5   7   9  10  11  12  14   1.63720194138E-02
       350   2   3   4   5   7   9  10  12  13  14  -1.25699630154E-02
       351   2   3   4   5   7  10  11  12  13  14   5.96925215473E-03
       352   2   3   4   5   8   9  10  11  12  13  -2.94066423869E-03
       353   2   3   4   5   8   9  10  11  13  14  -3.40604308931E-03
       354   2   3   4   5   8   9  11  12  13  14   3.17638065249E-04
       355   2   3   4   5   9  10  11  12  13  14  -3.21053958470E-02
       356   2   3   4   6   7   8   9  10  11  13   2.33860774995E-01
       357   2   3   4   6   7   8   9  11  12  13   7.35216992956E-03
       358   2   3   4   6   7   8   9  11  13  14   1.77961918874E-03
       359   2   3   4   6   7   9  10  11  12  13  -2.71983445302E-02
       360   2   3   4   6   7   9  10  11  13  14   2.43606852730E-02
       361   2   3   4   6   7   9  11  12  13  14  -6.17230379316E-03
       362   2   3   4   7   8   9  10  11  12  13   1.33853739329E-02
       363   2   3   4   7   8   9  10  11  13  14   2.21990646381E-02
       364   2   3   4   7   8   9  11  12  13  14   5.30338119203E-04
       365   2   3   4   7   9  10  11  12  13  14   7.16103872945E-02
       366   2   3   5   6   7   8   9  10  11  12  -7.11847274054E-01
       367   2   3   5   6   7   8   9  10  11  14  -1.00000000000E+00
       368   2   3   5   6   7   8   9  10  12  13   4.96957888231E-01
       369   2   3   5   6   7   8   9  10  13  14  -6.40251413933E-01
       370   2   3   5   6   7   8   9  11  12  14   1.16011338094E-02
       371   2   3   5   6   7   8   9  12  13  14  -8.95157477961E-03
       372   2   3   5   6   7   8  10  11  12  13  -1.19163791555E-02
       373   2   3   5   6   7   8  10  11  13  14   2.04954473683E-02
       374   2   3   5   6   7   8  11  12  13  14   2.34481538642E-03
       375   2   3   5   6   7   9  10  11  12  14  -1.20200956150E-01
       376   2   3   5   6   7   9  10  12  13  14   8.01537311804E-02
       377   2   3   5   6   7  10  11  12  13  14   3.17479629353E-03
       378   2   3   5   6   8   9  10  11  12  13  -1.19242004593E-01
       379   2   3   5   6   8   9  10  11  13  14   1.55940546349E-01
       380   2   3   5   6   8   9  11  12  13  14   4.74063733797E-03
       381   2   3   5   6   9  10  11  12  13  14   2.07809161859E-03
       382   2   3   5   7   8   9  10  11  12  14   3.51243343081E-01
       383   2   3   5   7   8   9  10  12  13  14  -2.36315121190E-01
       384   2   3   5   7   8  10  11  12  13  14  -9.74221591916E-03
       385   2   3   5   8   9  10  11  12  13  14  -6.36659740515E-03
       386   2   3   6   7   8   9  10  11  12  13  -2.40293123444E-01
       387   2   3   6   7   8   9  10  11  13  14   3.21276830864E-01
       388   2   3   6   7   8   9  11  12  13  14   1.22507088453E-02
       389   2   3   6   7   9  10  11  12  13  14  -1.11984966354E-02
       390   2   3   7   8   9  10  11  12  13  14   4.14670203204E-02
       391   2   4   5   6   7   8   9  10  11  13   5.05932077569E-01
       392   2   4   5   6   7   8   9  11  12  13   2.84388720013E-03
       393   2   4   5   6   7   8   9  11  13  14  -1.14557576576E-02
       394   2   4   5   6   7   9  10  11  12  13   2.37895324997E-01
       395   2   4   5   6   7   9  10  11  13  14  -2.36762722607E-01
       396   2   4   5   6   7   9  11  12  13  14  -6.50616448065E-03
       397   2   4   5   7   8   9  10  11  12  13  -1.07874563105E-01
       398   2   4   5   7   8   9  10  11  13  14  -8.57368367503E-02
       399   2   4   5   7   8   9  11  12  13  14  -2.74095863097E-03
       400   2   4   5   7   9  10  11  12  13  14   9.21919522832E-03
       401   2   5   6   7   8   9  10  11  12  13   4.79446478748E-01
       402   2   5   6   7   8   9  10  11  13  14  -6.58151055763E-01
       403   2   5   6   7   8   9  11  12  13  14   4.51635381870E-03
       404   2   5   6   7   9  10  11  12  13  14  -7.87499204474E-02
       405   2   5   7   8   9  10  11  12  13  14   2.33225084272E-01
       406   3   4   5   6   7   8   9  10  11  12   9.84627315801E-01
       407   3   4   5   6   7   8   9  10  11  14   6.53195852597E-01
       408   3   4   5   6   7   8   9  10  12  13  -6.53195852597E-01
       409   3   4   5   6   7   8   9  10  13  14   3.85740283707E-01
       410   3   4   5   6   7   8   9  11  12  14  -1.98840390101E-02
       411   3   4   5   6   7   8   9  12  13  14   1.63159546107E-02
       412   3   4   5   6   7   8  10  11  12  13   1.98840390101E-02
       413   3   4   5   6   7   8  10  11  13  14  -1.63159546107E-02
       414   3   4   5   6   7   8  11  12  13  14   4.11910339506E-11
       415   3   4   5   6   7   9  10  11  12  14  -1.57641943584E-01
       416   3   4   5   6   7   9  10  12  13  14   1.01454328782E-01
       417   3   4   5   6   7  10  11  12  13  14   3.00552128027E-03
       418   3   4   5   6   8   9  10  11  12  13   1.57641943584E-01
       419   3   4   5   6   8   9  10  11  13  14  -1.01454328782E-01
       420   3   4   5   6   8   9  11  12  13  14  -3.00552128027E-03
       421   3   4   5   6   9  10  11  12  13  14  -3.61225730703E-03
       422   3   4   5   7   8   9  10  11  12  14  -3.18566748035E-01
       423   3   4   5   7   8   9  10  12  13  14   2.09513237379E-01
       424   3   4   5   7   8  10  11  12  13  14   8.86012866423E-03
       425   3   4   5   8   9  10  11  12  13  14   9.37956118742E-03
       426   3   4   6   7   8   9  10  11  12  13   3.18566748035E-01
       427   3   4   6   7   8   9  10  11  13  14  -2.09513237379E-01
       428   3   4   6   7   8   9  11  12  13  14  -8.86012866423E-03
       429   3   4   6   7   9  10  11  12  13  14  -9.37956118742E-03
       430   3   4   7   8   9  10  11  12  13  14  -4.41674733054E-02
       431   3   5   6   7   8   9  10  11  12  14  -6.69403143336E-01
       432   3   5   6   7   8   9  10  12  13  14   4.40767280084E-01
       433   3   5   6   7   8  10  11  12  13  14  -9.22053297925E-03
       434   3   5   6   8   9  10  11  12  13  14  -1.02180281533E-01
       435   3   6   7   8   9  10  11  12  13  14  -2.14856576752E-01
       436   4   5   6   7   8   9  10  11  12  13   6.69403143336E-01
       437   4   5   6   7   8   9  10  11  13  14  -4.40767280084E-01
       438   4   5   6   7   8   9  11  12  13  14   9.22053297925E-03
       439   4   5   6   7   9  10  11  12  13  14   1.02180281533E-01
       440   4   5   7   8   9  10  11  12  13  14   2.14856576752E-01
       441   5   6   7   8   9  10  11  12  13  14   4.09229738586E-01
