TERM-SELF
  1 0.51717644827901665
  2 0.40678853721401514
  3 0.51717644827901665
  4 0.47656021096074469
  5 0.71423156410750188
  6 0.54574622590679833
  7 0.54574622590679833
  8 0.40678853721401514
  9 0.47656021096074469
  10 0.47656021096074469
  11 0.40678853721401514
  12 0.54574622590679833
  13 0.54574622590679833
  14 0.47656021096074469
  15 0.71423156410750188
  16 0.71423156410750188
  17 0.40678853721401514
  18 0.71423156410750188
TERM-u0
  1 1 2 0.61577403909101186E-001
  1 1 3 -0.18338604248502399E-002
  1 1 4 0.27385113923300373E-002
  1 1 5 -0.17938710551221881E-001
  1 1 6 0.43307733813519348E-002
  1 1 7 0.43307733813519348E-002
  1 1 8 -0.61577403909101186E-001
  1 1 9 0.27385113923300373E-002
  1 1 10 0.30643169021515641E-001
  1 1 11 0.30812836409870040E-001
  1 1 12 0.48671173863471598E-002
  1 1 13 0.48671173863471598E-002
  1 1 14 -0.30643169021515641E-001
  1 1 15 0.72623991360037925E-002
  1 1 16 -0.72623991360037925E-002
  1 1 17 -0.30812836409870040E-001
  1 1 18 -0.17938710551221881E-001
  1 2 1 0.61577403909101186E-001
  1 2 3 0.30812836409870040E-001
  1 2 4 0.60140092101480698E-002
  1 2 5 -0.16449091447094340E-001
  1 2 6 0.12041808418164325E-001
  1 2 7 -0.11913467893348054E-001
  1 2 8 -0.37633683274616171E-001
  1 2 9 -0.16338156157123092E-001
  1 2 10 -0.49050910049907838E-001
  1 2 11 -0.26738365680936824E-001
  1 2 12 -0.10707850603858485E-001
  1 2 13 0.45342809079531893E-001
  1 2 14 -0.45614897814340132E-003
  1 2 15 0.31145542522700424E-002
  1 2 16 0.19694098645982365E-001
  1 2 17 -0.20114633605969916E-001
  1 2 18 0.10945277389975671E-001
  1 3 1 -0.18338604248502399E-002
  1 3 2 0.30812836409870040E-001
  1 3 4 -0.30643169021515641E-001
  1 3 5 0.72623991360037925E-002
  1 3 6 -0.48671173863471598E-002
  1 3 7 -0.48671173863471598E-002
  1 3 8 -0.30812836409870040E-001
  1 3 9 -0.30643169021515641E-001
  1 3 10 -0.27385113923300373E-002
  1 3 11 0.61577403909101186E-001
  1 3 12 -0.43307733813519348E-002
  1 3 13 -0.43307733813519348E-002
  1 3 14 0.27385113923300373E-002
  1 3 15 -0.17938710551221881E-001
  1 3 16 0.17938710551221881E-001
  1 3 17 -0.61577403909101186E-001
  1 3 18 0.72623991360037925E-002
  1 4 1 0.27385113923300373E-002
  1 4 2 0.60140092101480698E-002
  1 4 3 -0.30643169021515641E-001
  1 4 5 0.20501992004836513E-002
  1 4 6 -0.68188364629746270E-001
  1 4 7 -0.23014629612964823E-002
  1 4 8 0.16338156157123092E-001
  1 4 9 -0.87053843551955890E-001
  1 4 10 -0.27280870477295150E-001
  1 4 11 -0.45614897814340132E-003
  1 4 12 -0.14907104004144535E-001
  1 4 13 0.13000153370589821E-001
  1 4 14 -0.80193976347805743E-001
  1 4 15 0.70383713341330510E-002
  1 4 16 -0.18333621293800705E-002
  1 4 17 -0.49050910049907838E-001
  1 4 18 0.25102657909731830E-002
  1 5 1 -0.17938710551221881E-001
  1 5 2 -0.16449091447094340E-001
  1 5 3 0.72623991360037925E-002
  1 5 4 0.20501992004836513E-002
  1 5 6 0.10162169475598941E-001
  1 5 7 -0.19099566172840298E-004
  1 5 8 -0.10945277389975671E-001
  1 5 9 0.25102657909731830E-002
  1 5 10 -0.18333621293800705E-002
  1 5 11 0.31145542522700424E-002
  1 5 12 0.53323472745568305E-001
  1 5 13 -0.22995492275279827E-002
  1 5 14 0.70383713341330510E-002
  1 5 15 -0.20003132814334229
  1 5 16 0.16197880493939915E-001
  1 5 17 0.19694098645982365E-001
  1 5 18 0.54006872296336198E-002
  1 6 1 0.43307733813519348E-002
  1 6 2 0.12041808418164325E-001
  1 6 3 -0.48671173863471598E-002
  1 6 4 -0.68188364629746270E-001
  1 6 5 0.10162169475598941E-001
  1 6 7 -0.13277551244301130E-002
  1 6 8 0.11913467893348054E-001
  1 6 9 -0.23014629612964823E-002
  1 6 10 0.13000153370589821E-001
  1 6 11 0.10707850603858485E-001
  1 6 12 0.43745167276366514E-001
  1 6 13 -0.18085303774358947E-003
  1 6 14 0.14907104004144535E-001
  1 6 15 -0.53323472745568305E-001
  1 6 16 -0.22995492275279827E-002
  1 6 17 0.45342809079531893E-001
  1 6 18 -0.19099566172840298E-004
  1 7 1 0.43307733813519348E-002
  1 7 2 -0.11913467893348054E-001
  1 7 3 -0.48671173863471598E-002
  1 7 4 -0.23014629612964823E-002
  1 7 5 -0.19099566172840298E-004
  1 7 6 -0.13277551244301130E-002
  1 7 8 -0.12041808418164325E-001
  1 7 9 -0.68188364629746270E-001
  1 7 10 -0.14907104004144535E-001
  1 7 11 -0.45342809079531893E-001
  1 7 12 -0.18085303774358947E-003
  1 7 13 0.43745167276366514E-001
  1 7 14 -0.13000153370589821E-001
  1 7 15 0.22995492275279827E-002
  1 7 16 0.53323472745568305E-001
  1 7 17 -0.10707850603858485E-001
  1 7 18 0.10162169475598941E-001
  1 8 1 -0.61577403909101186E-001
  1 8 2 -0.37633683274616171E-001
  1 8 3 -0.30812836409870040E-001
  1 8 4 0.16338156157123092E-001
  1 8 5 -0.10945277389975671E-001
  1 8 6 0.11913467893348054E-001
  1 8 7 -0.12041808418164325E-001
  1 8 9 -0.60140092101480698E-002
  1 8 10 -0.45614897814340132E-003
  1 8 11 -0.20114633605969916E-001
  1 8 12 -0.45342809079531893E-001
  1 8 13 0.10707850603858485E-001
  1 8 14 -0.49050910049907838E-001
  1 8 15 0.19694098645982365E-001
  1 8 16 0.31145542522700424E-002
  1 8 17 -0.26738365680936824E-001
  1 8 18 0.16449091447094340E-001
  1 9 1 0.27385113923300373E-002
  1 9 2 -0.16338156157123092E-001
  1 9 3 -0.30643169021515641E-001
  1 9 4 -0.87053843551955890E-001
  1 9 5 0.25102657909731830E-002
  1 9 6 -0.23014629612964823E-002
  1 9 7 -0.68188364629746270E-001
  1 9 8 -0.60140092101480698E-002
  1 9 10 0.80193976347805743E-001
  1 9 11 0.49050910049907838E-001
  1 9 12 0.13000153370589821E-001
  1 9 13 -0.14907104004144535E-001
  1 9 14 0.27280870477295150E-001
  1 9 15 0.18333621293800705E-002
  1 9 16 -0.70383713341330510E-002
  1 9 17 0.45614897814340132E-003
  1 9 18 0.20501992004836513E-002
  1 10 1 0.30643169021515641E-001
  1 10 2 -0.49050910049907838E-001
  1 10 3 -0.27385113923300373E-002
  1 10 4 -0.27280870477295150E-001
  1 10 5 -0.18333621293800705E-002
  1 10 6 0.13000153370589821E-001
  1 10 7 -0.14907104004144535E-001
  1 10 8 -0.45614897814340132E-003
  1 10 9 0.80193976347805743E-001
  1 10 11 0.16338156157123092E-001
  1 10 12 -0.23014629612964823E-002
  1 10 13 -0.68188364629746270E-001
  1 10 14 0.87053843551955890E-001
  1 10 15 -0.25102657909731830E-002
  1 10 16 0.20501992004836513E-002
  1 10 17 0.60140092101480698E-002
  1 10 18 -0.70383713341330510E-002
  1 11 1 0.30812836409870040E-001
  1 11 2 -0.26738365680936824E-001
  1 11 3 0.61577403909101186E-001
  1 11 4 -0.45614897814340132E-003
  1 11 5 0.31145542522700424E-002
  1 11 6 0.10707850603858485E-001
  1 11 7 -0.45342809079531893E-001
  1 11 8 -0.20114633605969916E-001
  1 11 9 0.49050910049907838E-001
  1 11 10 0.16338156157123092E-001
  1 11 12 -0.12041808418164325E-001
  1 11 13 0.11913467893348054E-001
  1 11 14 0.60140092101480698E-002
  1 11 15 -0.16449091447094340E-001
  1 11 16 -0.10945277389975671E-001
  1 11 17 -0.37633683274616171E-001
  1 11 18 -0.19694098645982365E-001
  1 12 1 0.48671173863471598E-002
  1 12 2 -0.10707850603858485E-001
  1 12 3 -0.43307733813519348E-002
  1 12 4 -0.14907104004144535E-001
  1 12 5 0.53323472745568305E-001
  1 12 6 0.43745167276366514E-001
  1 12 7 -0.18085303774358947E-003
  1 12 8 -0.45342809079531893E-001
  1 12 9 0.13000153370589821E-001
  1 12 10 -0.23014629612964823E-002
  1 12 11 -0.12041808418164325E-001
  1 12 13 -0.13277551244301130E-002
  1 12 14 0.68188364629746270E-001
  1 12 15 -0.10162169475598941E-001
  1 12 16 -0.19099566172840298E-004
  1 12 17 -0.11913467893348054E-001
  1 12 18 -0.22995492275279827E-002
  1 13 1 0.48671173863471598E-002
  1 13 2 0.45342809079531893E-001
  1 13 3 -0.43307733813519348E-002
  1 13 4 0.13000153370589821E-001
  1 13 5 -0.22995492275279827E-002
  1 13 6 -0.18085303774358947E-003
  1 13 7 0.43745167276366514E-001
  1 13 8 0.10707850603858485E-001
  1 13 9 -0.14907104004144535E-001
  1 13 10 -0.68188364629746270E-001
  1 13 11 0.11913467893348054E-001
  1 13 12 -0.13277551244301130E-002
  1 13 14 0.23014629612964823E-002
  1 13 15 0.19099566172840298E-004
  1 13 16 0.10162169475598941E-001
  1 13 17 0.12041808418164325E-001
  1 13 18 0.53323472745568305E-001
  1 14 1 -0.30643169021515641E-001
  1 14 2 -0.45614897814340132E-003
  1 14 3 0.27385113923300373E-002
  1 14 4 -0.80193976347805743E-001
  1 14 5 0.70383713341330510E-002
  1 14 6 0.14907104004144535E-001
  1 14 7 -0.13000153370589821E-001
  1 14 8 -0.49050910049907838E-001
  1 14 9 0.27280870477295150E-001
  1 14 10 0.87053843551955890E-001
  1 14 11 0.60140092101480698E-002
  1 14 12 0.68188364629746270E-001
  1 14 13 0.23014629612964823E-002
  1 14 15 0.20501992004836513E-002
  1 14 16 -0.25102657909731830E-002
  1 14 17 0.16338156157123092E-001
  1 14 18 0.18333621293800705E-002
  1 15 1 0.72623991360037925E-002
  1 15 2 0.31145542522700424E-002
  1 15 3 -0.17938710551221881E-001
  1 15 4 0.70383713341330510E-002
  1 15 5 -0.20003132814334229
  1 15 6 -0.53323472745568305E-001
  1 15 7 0.22995492275279827E-002
  1 15 8 0.19694098645982365E-001
  1 15 9 0.18333621293800705E-002
  1 15 10 -0.25102657909731830E-002
  1 15 11 -0.16449091447094340E-001
  1 15 12 -0.10162169475598941E-001
  1 15 13 0.19099566172840298E-004
  1 15 14 0.20501992004836513E-002
  1 15 16 -0.54006872296336198E-002
  1 15 17 -0.10945277389975671E-001
  1 15 18 -0.16197880493939915E-001
  1 16 1 -0.72623991360037925E-002
  1 16 2 0.19694098645982365E-001
  1 16 3 0.17938710551221881E-001
  1 16 4 -0.18333621293800705E-002
  1 16 5 0.16197880493939915E-001
  1 16 6 -0.22995492275279827E-002
  1 16 7 0.53323472745568305E-001
  1 16 8 0.31145542522700424E-002
  1 16 9 -0.70383713341330510E-002
  1 16 10 0.20501992004836513E-002
  1 16 11 -0.10945277389975671E-001
  1 16 12 -0.19099566172840298E-004
  1 16 13 0.10162169475598941E-001
  1 16 14 -0.25102657909731830E-002
  1 16 15 -0.54006872296336198E-002
  1 16 17 -0.16449091447094340E-001
  1 16 18 0.20003132814334229
  1 17 1 -0.30812836409870040E-001
  1 17 2 -0.20114633605969916E-001
  1 17 3 -0.61577403909101186E-001
  1 17 4 -0.49050910049907838E-001
  1 17 5 0.19694098645982365E-001
  1 17 6 0.45342809079531893E-001
  1 17 7 -0.10707850603858485E-001
  1 17 8 -0.26738365680936824E-001
  1 17 9 0.45614897814340132E-003
  1 17 10 0.60140092101480698E-002
  1 17 11 -0.37633683274616171E-001
  1 17 12 -0.11913467893348054E-001
  1 17 13 0.12041808418164325E-001
  1 17 14 0.16338156157123092E-001
  1 17 15 -0.10945277389975671E-001
  1 17 16 -0.16449091447094340E-001
  1 17 18 -0.31145542522700424E-002
  1 18 1 -0.17938710551221881E-001
  1 18 2 0.10945277389975671E-001
  1 18 3 0.72623991360037925E-002
  1 18 4 0.25102657909731830E-002
  1 18 5 0.54006872296336198E-002
  1 18 6 -0.19099566172840298E-004
  1 18 7 0.10162169475598941E-001
  1 18 8 0.16449091447094340E-001
  1 18 9 0.20501992004836513E-002
  1 18 10 -0.70383713341330510E-002
  1 18 11 -0.19694098645982365E-001
  1 18 12 -0.22995492275279827E-002
  1 18 13 0.53323472745568305E-001
  1 18 14 0.18333621293800705E-002
  1 18 15 -0.16197880493939915E-001
  1 18 16 0.20003132814334229
  1 18 17 -0.31145542522700424E-002
TERM-ud
  1 1 2 0.26241630757157287E-001
  1 1 3 -0.23408100597016000E-001
  1 1 4 -0.21176842966735731E-001
  1 1 5 -0.13295853561536971E-001
  1 1 6 0.19068572896528330E-001
  1 1 7 0.19068572896528330E-001
  1 1 8 -0.26241630757157287E-001
  1 1 9 -0.21176842966735731E-001
  1 1 10 -0.52888362586676882E-001
  1 1 11 0.27347077523192466E-001
  1 1 12 -0.11587217138664426E-001
  1 1 13 -0.11587217138664426E-001
  1 1 14 0.52888362586676882E-001
  1 1 15 -0.13994096525926170E-003
  1 1 16 0.13994096525926170E-003
  1 1 17 -0.27347077523192466E-001
  1 1 18 -0.13295853561536971E-001
  1 2 1 0.26241630757157287E-001
  1 2 3 0.27347077523192466E-001
  1 2 4 -0.46263592233001713E-003
  1 2 5 -0.52649125288986853E-002
  1 2 6 0.13692948649435115E-001
  1 2 7 0.19123573801379114E-001
  1 2 8 -0.23852303015927872E-001
  1 2 9 0.45564689603113870E-002
  1 2 10 0.47029583054354090E-001
  1 2 11 -0.43723262963069887E-001
  1 2 12 -0.51983246522621616E-002
  1 2 13 0.18597909630756110E-001
  1 2 14 -0.61602545020368518E-002
  1 2 15 0.20871202853594371E-002
  1 2 16 -0.99223443386088784E-002
  1 2 17 -0.20950555990194551E-001
  1 2 18 -0.40901370169115277E-001
  1 3 1 -0.23408100597016000E-001
  1 3 2 0.27347077523192466E-001
  1 3 4 0.52888362586676882E-001
  1 3 5 -0.13994096525926170E-003
  1 3 6 0.11587217138664426E-001
  1 3 7 0.11587217138664426E-001
  1 3 8 -0.27347077523192466E-001
  1 3 9 0.52888362586676882E-001
  1 3 10 0.21176842966735731E-001
  1 3 11 0.26241630757157287E-001
  1 3 12 -0.19068572896528330E-001
  1 3 13 -0.19068572896528330E-001
  1 3 14 -0.21176842966735731E-001
  1 3 15 -0.13295853561536971E-001
  1 3 16 0.13295853561536971E-001
  1 3 17 -0.26241630757157287E-001
  1 3 18 -0.13994096525926170E-003
  1 4 1 -0.21176842966735731E-001
  1 4 2 -0.46263592233001713E-003
  1 4 3 0.52888362586676882E-001
  1 4 5 -0.29326997729544665E-002
  1 4 6 0.18587857579004930E-001
  1 4 7 -0.99189964548470119E-002
  1 4 8 -0.45564689603113870E-002
  1 4 9 0.51671306228330731E-002
  1 4 10 -0.16917051451788487E-001
  1 4 11 -0.61602545020368518E-002
  1 4 12 -0.61146558123530859E-002
  1 4 13 0.62982105844391926E-002
  1 4 14 -0.34024144737221734E-001
  1 4 15 -0.40241226087435198E-002
  1 4 16 0.12373280225691337E-004
  1 4 17 0.47029583054354090E-001
  1 4 18 0.40033533086795891E-002
  1 5 1 -0.13295853561536971E-001
  1 5 2 -0.52649125288986853E-002
  1 5 3 -0.13994096525926170E-003
  1 5 4 -0.29326997729544665E-002
  1 5 6 -0.45135954042130368E-001
  1 5 7 -0.14347035862704680E-001
  1 5 8 0.40901370169115277E-001
  1 5 9 0.40033533086795891E-002
  1 5 10 0.12373280225691337E-004
  1 5 11 0.20871202853594371E-002
  1 5 12 -0.39798471574581794E-001
  1 5 13 0.72740923971079795E-002
  1 5 14 -0.40241226087435198E-002
  1 5 15 0.27005627012537197E-002
  1 5 16 -0.21544861281059006E-002
  1 5 17 -0.99223443386088784E-002
  1 5 18 0.44949065703019393E-002
  1 6 1 0.19068572896528330E-001
  1 6 2 0.13692948649435115E-001
  1 6 3 0.11587217138664426E-001
  1 6 4 0.18587857579004930E-001
  1 6 5 -0.45135954042130368E-001
  1 6 7 0.16053380270264338E-001
  1 6 8 -0.19123573801379114E-001
  1 6 9 -0.99189964548470119E-002
  1 6 10 0.62982105844391926E-002
  1 6 11 0.51983246522621616E-002
  1 6 12 0.38782585594357065E-001
  1 6 13 -0.10918237008884077E-001
  1 6 14 0.61146558123530859E-002
  1 6 15 0.39798471574581794E-001
  1 6 16 0.72740923971079795E-002
  1 6 17 0.18597909630756110E-001
  1 6 18 -0.14347035862704680E-001
  1 7 1 0.19068572896528330E-001
  1 7 2 0.19123573801379114E-001
  1 7 3 0.11587217138664426E-001
  1 7 4 -0.99189964548470119E-002
  1 7 5 -0.14347035862704680E-001
  1 7 6 0.16053380270264338E-001
  1 7 8 -0.13692948649435115E-001
  1 7 9 0.18587857579004930E-001
  1 7 10 -0.61146558123530859E-002
  1 7 11 -0.18597909630756110E-001
  1 7 12 -0.10918237008884077E-001
  1 7 13 0.38782585594357065E-001
  1 7 14 -0.62982105844391926E-002
  1 7 15 -0.72740923971079795E-002
  1 7 16 -0.39798471574581794E-001
  1 7 17 -0.51983246522621616E-002
  1 7 18 -0.45135954042130368E-001
  1 8 1 -0.26241630757157287E-001
  1 8 2 -0.23852303015927872E-001
  1 8 3 -0.27347077523192466E-001
  1 8 4 -0.45564689603113870E-002
  1 8 5 0.40901370169115277E-001
  1 8 6 -0.19123573801379114E-001
  1 8 7 -0.13692948649435115E-001
  1 8 9 0.46263592233001713E-003
  1 8 10 -0.61602545020368518E-002
  1 8 11 -0.20950555990194551E-001
  1 8 12 -0.18597909630756110E-001
  1 8 13 0.51983246522621616E-002
  1 8 14 0.47029583054354090E-001
  1 8 15 -0.99223443386088784E-002
  1 8 16 0.20871202853594371E-002
  1 8 17 -0.43723262963069887E-001
  1 8 18 0.52649125288986853E-002
  1 9 1 -0.21176842966735731E-001
  1 9 2 0.45564689603113870E-002
  1 9 3 0.52888362586676882E-001
  1 9 4 0.51671306228330731E-002
  1 9 5 0.40033533086795891E-002
  1 9 6 -0.99189964548470119E-002
  1 9 7 0.18587857579004930E-001
  1 9 8 0.46263592233001713E-003
  1 9 10 0.34024144737221734E-001
  1 9 11 -0.47029583054354090E-001
  1 9 12 0.62982105844391926E-002
  1 9 13 -0.61146558123530859E-002
  1 9 14 0.16917051451788487E-001
  1 9 15 -0.12373280225691337E-004
  1 9 16 0.40241226087435198E-002
  1 9 17 0.61602545020368518E-002
  1 9 18 -0.29326997729544665E-002
  1 10 1 -0.52888362586676882E-001
  1 10 2 0.47029583054354090E-001
  1 10 3 0.21176842966735731E-001
  1 10 4 -0.16917051451788487E-001
  1 10 5 0.12373280225691337E-004
  1 10 6 0.62982105844391926E-002
  1 10 7 -0.61146558123530859E-002
  1 10 8 -0.61602545020368518E-002
  1 10 9 0.34024144737221734E-001
  1 10 11 -0.45564689603113870E-002
  1 10 12 -0.99189964548470119E-002
  1 10 13 0.18587857579004930E-001
  1 10 14 -0.51671306228330731E-002
  1 10 15 -0.40033533086795891E-002
  1 10 16 -0.29326997729544665E-002
  1 10 17 -0.46263592233001713E-003
  1 10 18 0.40241226087435198E-002
  1 11 1 0.27347077523192466E-001
  1 11 2 -0.43723262963069887E-001
  1 11 3 0.26241630757157287E-001
  1 11 4 -0.61602545020368518E-002
  1 11 5 0.20871202853594371E-002
  1 11 6 0.51983246522621616E-002
  1 11 7 -0.18597909630756110E-001
  1 11 8 -0.20950555990194551E-001
  1 11 9 -0.47029583054354090E-001
  1 11 10 -0.45564689603113870E-002
  1 11 12 -0.13692948649435115E-001
  1 11 13 -0.19123573801379114E-001
  1 11 14 -0.46263592233001713E-003
  1 11 15 -0.52649125288986853E-002
  1 11 16 0.40901370169115277E-001
  1 11 17 -0.23852303015927872E-001
  1 11 18 0.99223443386088784E-002
  1 12 1 -0.11587217138664426E-001
  1 12 2 -0.51983246522621616E-002
  1 12 3 -0.19068572896528330E-001
  1 12 4 -0.61146558123530859E-002
  1 12 5 -0.39798471574581794E-001
  1 12 6 0.38782585594357065E-001
  1 12 7 -0.10918237008884077E-001
  1 12 8 -0.18597909630756110E-001
  1 12 9 0.62982105844391926E-002
  1 12 10 -0.99189964548470119E-002
  1 12 11 -0.13692948649435115E-001
  1 12 13 0.16053380270264338E-001
  1 12 14 -0.18587857579004930E-001
  1 12 15 0.45135954042130368E-001
  1 12 16 -0.14347035862704680E-001
  1 12 17 0.19123573801379114E-001
  1 12 18 0.72740923971079795E-002
  1 13 1 -0.11587217138664426E-001
  1 13 2 0.18597909630756110E-001
  1 13 3 -0.19068572896528330E-001
  1 13 4 0.62982105844391926E-002
  1 13 5 0.72740923971079795E-002
  1 13 6 -0.10918237008884077E-001
  1 13 7 0.38782585594357065E-001
  1 13 8 0.51983246522621616E-002
  1 13 9 -0.61146558123530859E-002
  1 13 10 0.18587857579004930E-001
  1 13 11 -0.19123573801379114E-001
  1 13 12 0.16053380270264338E-001
  1 13 14 0.99189964548470119E-002
  1 13 15 0.14347035862704680E-001
  1 13 16 -0.45135954042130368E-001
  1 13 17 0.13692948649435115E-001
  1 13 18 -0.39798471574581794E-001
  1 14 1 0.52888362586676882E-001
  1 14 2 -0.61602545020368518E-002
  1 14 3 -0.21176842966735731E-001
  1 14 4 -0.34024144737221734E-001
  1 14 5 -0.40241226087435198E-002
  1 14 6 0.61146558123530859E-002
  1 14 7 -0.62982105844391926E-002
  1 14 8 0.47029583054354090E-001
  1 14 9 0.16917051451788487E-001
  1 14 10 -0.51671306228330731E-002
  1 14 11 -0.46263592233001713E-003
  1 14 12 -0.18587857579004930E-001
  1 14 13 0.99189964548470119E-002
  1 14 15 -0.29326997729544665E-002
  1 14 16 -0.40033533086795891E-002
  1 14 17 -0.45564689603113870E-002
  1 14 18 -0.12373280225691337E-004
  1 15 1 -0.13994096525926170E-003
  1 15 2 0.20871202853594371E-002
  1 15 3 -0.13295853561536971E-001
  1 15 4 -0.40241226087435198E-002
  1 15 5 0.27005627012537197E-002
  1 15 6 0.39798471574581794E-001
  1 15 7 -0.72740923971079795E-002
  1 15 8 -0.99223443386088784E-002
  1 15 9 -0.12373280225691337E-004
  1 15 10 -0.40033533086795891E-002
  1 15 11 -0.52649125288986853E-002
  1 15 12 0.45135954042130368E-001
  1 15 13 0.14347035862704680E-001
  1 15 14 -0.29326997729544665E-002
  1 15 16 -0.44949065703019393E-002
  1 15 17 0.40901370169115277E-001
  1 15 18 0.21544861281059006E-002
  1 16 1 0.13994096525926170E-003
  1 16 2 -0.99223443386088784E-002
  1 16 3 0.13295853561536971E-001
  1 16 4 0.12373280225691337E-004
  1 16 5 -0.21544861281059006E-002
  1 16 6 0.72740923971079795E-002
  1 16 7 -0.39798471574581794E-001
  1 16 8 0.20871202853594371E-002
  1 16 9 0.40241226087435198E-002
  1 16 10 -0.29326997729544665E-002
  1 16 11 0.40901370169115277E-001
  1 16 12 -0.14347035862704680E-001
  1 16 13 -0.45135954042130368E-001
  1 16 14 -0.40033533086795891E-002
  1 16 15 -0.44949065703019393E-002
  1 16 17 -0.52649125288986853E-002
  1 16 18 -0.27005627012537197E-002
  1 17 1 -0.27347077523192466E-001
  1 17 2 -0.20950555990194551E-001
  1 17 3 -0.26241630757157287E-001
  1 17 4 0.47029583054354090E-001
  1 17 5 -0.99223443386088784E-002
  1 17 6 0.18597909630756110E-001
  1 17 7 -0.51983246522621616E-002
  1 17 8 -0.43723262963069887E-001
  1 17 9 0.61602545020368518E-002
  1 17 10 -0.46263592233001713E-003
  1 17 11 -0.23852303015927872E-001
  1 17 12 0.19123573801379114E-001
  1 17 13 0.13692948649435115E-001
  1 17 14 -0.45564689603113870E-002
  1 17 15 0.40901370169115277E-001
  1 17 16 -0.52649125288986853E-002
  1 17 18 -0.20871202853594371E-002
  1 18 1 -0.13295853561536971E-001
  1 18 2 -0.40901370169115277E-001
  1 18 3 -0.13994096525926170E-003
  1 18 4 0.40033533086795891E-002
  1 18 5 0.44949065703019393E-002
  1 18 6 -0.14347035862704680E-001
  1 18 7 -0.45135954042130368E-001
  1 18 8 0.52649125288986853E-002
  1 18 9 -0.29326997729544665E-002
  1 18 10 0.40241226087435198E-002
  1 18 11 0.99223443386088784E-002
  1 18 12 0.72740923971079795E-002
  1 18 13 -0.39798471574581794E-001
  1 18 14 -0.12373280225691337E-004
  1 18 15 0.21544861281059006E-002
  1 18 16 -0.27005627012537197E-002
  1 18 17 -0.20871202853594371E-002
TERM-d0
  2 1 2 0.61577403909101186E-001
  2 1 3 -0.18338604248502399E-002
  2 1 4 0.27385113923300373E-002
  2 1 5 -0.17938710551221881E-001
  2 1 6 0.43307733813519348E-002
  2 1 7 0.43307733813519348E-002
  2 1 8 -0.61577403909101186E-001
  2 1 9 0.27385113923300373E-002
  2 1 10 0.30643169021515641E-001
  2 1 11 0.30812836409870040E-001
  2 1 12 0.48671173863471598E-002
  2 1 13 0.48671173863471598E-002
  2 1 14 -0.30643169021515641E-001
  2 1 15 0.72623991360037925E-002
  2 1 16 -0.72623991360037925E-002
  2 1 17 -0.30812836409870040E-001
  2 1 18 -0.17938710551221881E-001
  2 2 1 0.61577403909101186E-001
  2 2 3 0.30812836409870040E-001
  2 2 4 0.60140092101480698E-002
  2 2 5 -0.16449091447094340E-001
  2 2 6 0.12041808418164325E-001
  2 2 7 -0.11913467893348054E-001
  2 2 8 -0.37633683274616171E-001
  2 2 9 -0.16338156157123092E-001
  2 2 10 -0.49050910049907838E-001
  2 2 11 -0.26738365680936824E-001
  2 2 12 -0.10707850603858485E-001
  2 2 13 0.45342809079531893E-001
  2 2 14 -0.45614897814340132E-003
  2 2 15 0.31145542522700424E-002
  2 2 16 0.19694098645982365E-001
  2 2 17 -0.20114633605969916E-001
  2 2 18 0.10945277389975671E-001
  2 3 1 -0.18338604248502399E-002
  2 3 2 0.30812836409870040E-001
  2 3 4 -0.30643169021515641E-001
  2 3 5 0.72623991360037925E-002
  2 3 6 -0.48671173863471598E-002
  2 3 7 -0.48671173863471598E-002
  2 3 8 -0.30812836409870040E-001
  2 3 9 -0.30643169021515641E-001
  2 3 10 -0.27385113923300373E-002
  2 3 11 0.61577403909101186E-001
  2 3 12 -0.43307733813519348E-002
  2 3 13 -0.43307733813519348E-002
  2 3 14 0.27385113923300373E-002
  2 3 15 -0.17938710551221881E-001
  2 3 16 0.17938710551221881E-001
  2 3 17 -0.61577403909101186E-001
  2 3 18 0.72623991360037925E-002
  2 4 1 0.27385113923300373E-002
  2 4 2 0.60140092101480698E-002
  2 4 3 -0.30643169021515641E-001
  2 4 5 0.20501992004836513E-002
  2 4 6 -0.68188364629746270E-001
  2 4 7 -0.23014629612964823E-002
  2 4 8 0.16338156157123092E-001
  2 4 9 -0.87053843551955890E-001
  2 4 10 -0.27280870477295150E-001
  2 4 11 -0.45614897814340132E-003
  2 4 12 -0.14907104004144535E-001
  2 4 13 0.13000153370589821E-001
  2 4 14 -0.80193976347805743E-001
  2 4 15 0.70383713341330510E-002
  2 4 16 -0.18333621293800705E-002
  2 4 17 -0.49050910049907838E-001
  2 4 18 0.25102657909731830E-002
  2 5 1 -0.17938710551221881E-001
  2 5 2 -0.16449091447094340E-001
  2 5 3 0.72623991360037925E-002
  2 5 4 0.20501992004836513E-002
  2 5 6 0.10162169475598941E-001
  2 5 7 -0.19099566172840298E-004
  2 5 8 -0.10945277389975671E-001
  2 5 9 0.25102657909731830E-002
  2 5 10 -0.18333621293800705E-002
  2 5 11 0.31145542522700424E-002
  2 5 12 0.53323472745568305E-001
  2 5 13 -0.22995492275279827E-002
  2 5 14 0.70383713341330510E-002
  2 5 15 -0.20003132814334229
  2 5 16 0.16197880493939915E-001
  2 5 17 0.19694098645982365E-001
  2 5 18 0.54006872296336198E-002
  2 6 1 0.43307733813519348E-002
  2 6 2 0.12041808418164325E-001
  2 6 3 -0.48671173863471598E-002
  2 6 4 -0.68188364629746270E-001
  2 6 5 0.10162169475598941E-001
  2 6 7 -0.13277551244301130E-002
  2 6 8 0.11913467893348054E-001
  2 6 9 -0.23014629612964823E-002
  2 6 10 0.13000153370589821E-001
  2 6 11 0.10707850603858485E-001
  2 6 12 0.43745167276366514E-001
  2 6 13 -0.18085303774358947E-003
  2 6 14 0.14907104004144535E-001
  2 6 15 -0.53323472745568305E-001
  2 6 16 -0.22995492275279827E-002
  2 6 17 0.45342809079531893E-001
  2 6 18 -0.19099566172840298E-004
  2 7 1 0.43307733813519348E-002
  2 7 2 -0.11913467893348054E-001
  2 7 3 -0.48671173863471598E-002
  2 7 4 -0.23014629612964823E-002
  2 7 5 -0.19099566172840298E-004
  2 7 6 -0.13277551244301130E-002
  2 7 8 -0.12041808418164325E-001
  2 7 9 -0.68188364629746270E-001
  2 7 10 -0.14907104004144535E-001
  2 7 11 -0.45342809079531893E-001
  2 7 12 -0.18085303774358947E-003
  2 7 13 0.43745167276366514E-001
  2 7 14 -0.13000153370589821E-001
  2 7 15 0.22995492275279827E-002
  2 7 16 0.53323472745568305E-001
  2 7 17 -0.10707850603858485E-001
  2 7 18 0.10162169475598941E-001
  2 8 1 -0.61577403909101186E-001
  2 8 2 -0.37633683274616171E-001
  2 8 3 -0.30812836409870040E-001
  2 8 4 0.16338156157123092E-001
  2 8 5 -0.10945277389975671E-001
  2 8 6 0.11913467893348054E-001
  2 8 7 -0.12041808418164325E-001
  2 8 9 -0.60140092101480698E-002
  2 8 10 -0.45614897814340132E-003
  2 8 11 -0.20114633605969916E-001
  2 8 12 -0.45342809079531893E-001
  2 8 13 0.10707850603858485E-001
  2 8 14 -0.49050910049907838E-001
  2 8 15 0.19694098645982365E-001
  2 8 16 0.31145542522700424E-002
  2 8 17 -0.26738365680936824E-001
  2 8 18 0.16449091447094340E-001
  2 9 1 0.27385113923300373E-002
  2 9 2 -0.16338156157123092E-001
  2 9 3 -0.30643169021515641E-001
  2 9 4 -0.87053843551955890E-001
  2 9 5 0.25102657909731830E-002
  2 9 6 -0.23014629612964823E-002
  2 9 7 -0.68188364629746270E-001
  2 9 8 -0.60140092101480698E-002
  2 9 10 0.80193976347805743E-001
  2 9 11 0.49050910049907838E-001
  2 9 12 0.13000153370589821E-001
  2 9 13 -0.14907104004144535E-001
  2 9 14 0.27280870477295150E-001
  2 9 15 0.18333621293800705E-002
  2 9 16 -0.70383713341330510E-002
  2 9 17 0.45614897814340132E-003
  2 9 18 0.20501992004836513E-002
  2 10 1 0.30643169021515641E-001
  2 10 2 -0.49050910049907838E-001
  2 10 3 -0.27385113923300373E-002
  2 10 4 -0.27280870477295150E-001
  2 10 5 -0.18333621293800705E-002
  2 10 6 0.13000153370589821E-001
  2 10 7 -0.14907104004144535E-001
  2 10 8 -0.45614897814340132E-003
  2 10 9 0.80193976347805743E-001
  2 10 11 0.16338156157123092E-001
  2 10 12 -0.23014629612964823E-002
  2 10 13 -0.68188364629746270E-001
  2 10 14 0.87053843551955890E-001
  2 10 15 -0.25102657909731830E-002
  2 10 16 0.20501992004836513E-002
  2 10 17 0.60140092101480698E-002
  2 10 18 -0.70383713341330510E-002
  2 11 1 0.30812836409870040E-001
  2 11 2 -0.26738365680936824E-001
  2 11 3 0.61577403909101186E-001
  2 11 4 -0.45614897814340132E-003
  2 11 5 0.31145542522700424E-002
  2 11 6 0.10707850603858485E-001
  2 11 7 -0.45342809079531893E-001
  2 11 8 -0.20114633605969916E-001
  2 11 9 0.49050910049907838E-001
  2 11 10 0.16338156157123092E-001
  2 11 12 -0.12041808418164325E-001
  2 11 13 0.11913467893348054E-001
  2 11 14 0.60140092101480698E-002
  2 11 15 -0.16449091447094340E-001
  2 11 16 -0.10945277389975671E-001
  2 11 17 -0.37633683274616171E-001
  2 11 18 -0.19694098645982365E-001
  2 12 1 0.48671173863471598E-002
  2 12 2 -0.10707850603858485E-001
  2 12 3 -0.43307733813519348E-002
  2 12 4 -0.14907104004144535E-001
  2 12 5 0.53323472745568305E-001
  2 12 6 0.43745167276366514E-001
  2 12 7 -0.18085303774358947E-003
  2 12 8 -0.45342809079531893E-001
  2 12 9 0.13000153370589821E-001
  2 12 10 -0.23014629612964823E-002
  2 12 11 -0.12041808418164325E-001
  2 12 13 -0.13277551244301130E-002
  2 12 14 0.68188364629746270E-001
  2 12 15 -0.10162169475598941E-001
  2 12 16 -0.19099566172840298E-004
  2 12 17 -0.11913467893348054E-001
  2 12 18 -0.22995492275279827E-002
  2 13 1 0.48671173863471598E-002
  2 13 2 0.45342809079531893E-001
  2 13 3 -0.43307733813519348E-002
  2 13 4 0.13000153370589821E-001
  2 13 5 -0.22995492275279827E-002
  2 13 6 -0.18085303774358947E-003
  2 13 7 0.43745167276366514E-001
  2 13 8 0.10707850603858485E-001
  2 13 9 -0.14907104004144535E-001
  2 13 10 -0.68188364629746270E-001
  2 13 11 0.11913467893348054E-001
  2 13 12 -0.13277551244301130E-002
  2 13 14 0.23014629612964823E-002
  2 13 15 0.19099566172840298E-004
  2 13 16 0.10162169475598941E-001
  2 13 17 0.12041808418164325E-001
  2 13 18 0.53323472745568305E-001
  2 14 1 -0.30643169021515641E-001
  2 14 2 -0.45614897814340132E-003
  2 14 3 0.27385113923300373E-002
  2 14 4 -0.80193976347805743E-001
  2 14 5 0.70383713341330510E-002
  2 14 6 0.14907104004144535E-001
  2 14 7 -0.13000153370589821E-001
  2 14 8 -0.49050910049907838E-001
  2 14 9 0.27280870477295150E-001
  2 14 10 0.87053843551955890E-001
  2 14 11 0.60140092101480698E-002
  2 14 12 0.68188364629746270E-001
  2 14 13 0.23014629612964823E-002
  2 14 15 0.20501992004836513E-002
  2 14 16 -0.25102657909731830E-002
  2 14 17 0.16338156157123092E-001
  2 14 18 0.18333621293800705E-002
  2 15 1 0.72623991360037925E-002
  2 15 2 0.31145542522700424E-002
  2 15 3 -0.17938710551221881E-001
  2 15 4 0.70383713341330510E-002
  2 15 5 -0.20003132814334229
  2 15 6 -0.53323472745568305E-001
  2 15 7 0.22995492275279827E-002
  2 15 8 0.19694098645982365E-001
  2 15 9 0.18333621293800705E-002
  2 15 10 -0.25102657909731830E-002
  2 15 11 -0.16449091447094340E-001
  2 15 12 -0.10162169475598941E-001
  2 15 13 0.19099566172840298E-004
  2 15 14 0.20501992004836513E-002
  2 15 16 -0.54006872296336198E-002
  2 15 17 -0.10945277389975671E-001
  2 15 18 -0.16197880493939915E-001
  2 16 1 -0.72623991360037925E-002
  2 16 2 0.19694098645982365E-001
  2 16 3 0.17938710551221881E-001
  2 16 4 -0.18333621293800705E-002
  2 16 5 0.16197880493939915E-001
  2 16 6 -0.22995492275279827E-002
  2 16 7 0.53323472745568305E-001
  2 16 8 0.31145542522700424E-002
  2 16 9 -0.70383713341330510E-002
  2 16 10 0.20501992004836513E-002
  2 16 11 -0.10945277389975671E-001
  2 16 12 -0.19099566172840298E-004
  2 16 13 0.10162169475598941E-001
  2 16 14 -0.25102657909731830E-002
  2 16 15 -0.54006872296336198E-002
  2 16 17 -0.16449091447094340E-001
  2 16 18 0.20003132814334229
  2 17 1 -0.30812836409870040E-001
  2 17 2 -0.20114633605969916E-001
  2 17 3 -0.61577403909101186E-001
  2 17 4 -0.49050910049907838E-001
  2 17 5 0.19694098645982365E-001
  2 17 6 0.45342809079531893E-001
  2 17 7 -0.10707850603858485E-001
  2 17 8 -0.26738365680936824E-001
  2 17 9 0.45614897814340132E-003
  2 17 10 0.60140092101480698E-002
  2 17 11 -0.37633683274616171E-001
  2 17 12 -0.11913467893348054E-001
  2 17 13 0.12041808418164325E-001
  2 17 14 0.16338156157123092E-001
  2 17 15 -0.10945277389975671E-001
  2 17 16 -0.16449091447094340E-001
  2 17 18 -0.31145542522700424E-002
  2 18 1 -0.17938710551221881E-001
  2 18 2 0.10945277389975671E-001
  2 18 3 0.72623991360037925E-002
  2 18 4 0.25102657909731830E-002
  2 18 5 0.54006872296336198E-002
  2 18 6 -0.19099566172840298E-004
  2 18 7 0.10162169475598941E-001
  2 18 8 0.16449091447094340E-001
  2 18 9 0.20501992004836513E-002
  2 18 10 -0.70383713341330510E-002
  2 18 11 -0.19694098645982365E-001
  2 18 12 -0.22995492275279827E-002
  2 18 13 0.53323472745568305E-001
  2 18 14 0.18333621293800705E-002
  2 18 15 -0.16197880493939915E-001
  2 18 16 0.20003132814334229
  2 18 17 -0.31145542522700424E-002
TERM-du
  2 1 2 0.26241630757157287E-001
  2 1 3 -0.23408100597016000E-001
  2 1 4 -0.21176842966735731E-001
  2 1 5 -0.13295853561536971E-001
  2 1 6 0.19068572896528330E-001
  2 1 7 0.19068572896528330E-001
  2 1 8 -0.26241630757157287E-001
  2 1 9 -0.21176842966735731E-001
  2 1 10 -0.52888362586676882E-001
  2 1 11 0.27347077523192466E-001
  2 1 12 -0.11587217138664426E-001
  2 1 13 -0.11587217138664426E-001
  2 1 14 0.52888362586676882E-001
  2 1 15 -0.13994096525926170E-003
  2 1 16 0.13994096525926170E-003
  2 1 17 -0.27347077523192466E-001
  2 1 18 -0.13295853561536971E-001
  2 2 1 0.26241630757157287E-001
  2 2 3 0.27347077523192466E-001
  2 2 4 -0.46263592233001713E-003
  2 2 5 -0.52649125288986853E-002
  2 2 6 0.13692948649435115E-001
  2 2 7 0.19123573801379114E-001
  2 2 8 -0.23852303015927872E-001
  2 2 9 0.45564689603113870E-002
  2 2 10 0.47029583054354090E-001
  2 2 11 -0.43723262963069887E-001
  2 2 12 -0.51983246522621616E-002
  2 2 13 0.18597909630756110E-001
  2 2 14 -0.61602545020368518E-002
  2 2 15 0.20871202853594371E-002
  2 2 16 -0.99223443386088784E-002
  2 2 17 -0.20950555990194551E-001
  2 2 18 -0.40901370169115277E-001
  2 3 1 -0.23408100597016000E-001
  2 3 2 0.27347077523192466E-001
  2 3 4 0.52888362586676882E-001
  2 3 5 -0.13994096525926170E-003
  2 3 6 0.11587217138664426E-001
  2 3 7 0.11587217138664426E-001
  2 3 8 -0.27347077523192466E-001
  2 3 9 0.52888362586676882E-001
  2 3 10 0.21176842966735731E-001
  2 3 11 0.26241630757157287E-001
  2 3 12 -0.19068572896528330E-001
  2 3 13 -0.19068572896528330E-001
  2 3 14 -0.21176842966735731E-001
  2 3 15 -0.13295853561536971E-001
  2 3 16 0.13295853561536971E-001
  2 3 17 -0.26241630757157287E-001
  2 3 18 -0.13994096525926170E-003
  2 4 1 -0.21176842966735731E-001
  2 4 2 -0.46263592233001713E-003
  2 4 3 0.52888362586676882E-001
  2 4 5 -0.29326997729544665E-002
  2 4 6 0.18587857579004930E-001
  2 4 7 -0.99189964548470119E-002
  2 4 8 -0.45564689603113870E-002
  2 4 9 0.51671306228330731E-002
  2 4 10 -0.16917051451788487E-001
  2 4 11 -0.61602545020368518E-002
  2 4 12 -0.61146558123530859E-002
  2 4 13 0.62982105844391926E-002
  2 4 14 -0.34024144737221734E-001
  2 4 15 -0.40241226087435198E-002
  2 4 16 0.12373280225691337E-004
  2 4 17 0.47029583054354090E-001
  2 4 18 0.40033533086795891E-002
  2 5 1 -0.13295853561536971E-001
  2 5 2 -0.52649125288986853E-002
  2 5 3 -0.13994096525926170E-003
  2 5 4 -0.29326997729544665E-002
  2 5 6 -0.45135954042130368E-001
  2 5 7 -0.14347035862704680E-001
  2 5 8 0.40901370169115277E-001
  2 5 9 0.40033533086795891E-002
  2 5 10 0.12373280225691337E-004
  2 5 11 0.20871202853594371E-002
  2 5 12 -0.39798471574581794E-001
  2 5 13 0.72740923971079795E-002
  2 5 14 -0.40241226087435198E-002
  2 5 15 0.27005627012537197E-002
  2 5 16 -0.21544861281059006E-002
  2 5 17 -0.99223443386088784E-002
  2 5 18 0.44949065703019393E-002
  2 6 1 0.19068572896528330E-001
  2 6 2 0.13692948649435115E-001
  2 6 3 0.11587217138664426E-001
  2 6 4 0.18587857579004930E-001
  2 6 5 -0.45135954042130368E-001
  2 6 7 0.16053380270264338E-001
  2 6 8 -0.19123573801379114E-001
  2 6 9 -0.99189964548470119E-002
  2 6 10 0.62982105844391926E-002
  2 6 11 0.51983246522621616E-002
  2 6 12 0.38782585594357065E-001
  2 6 13 -0.10918237008884077E-001
  2 6 14 0.61146558123530859E-002
  2 6 15 0.39798471574581794E-001
  2 6 16 0.72740923971079795E-002
  2 6 17 0.18597909630756110E-001
  2 6 18 -0.14347035862704680E-001
  2 7 1 0.19068572896528330E-001
  2 7 2 0.19123573801379114E-001
  2 7 3 0.11587217138664426E-001
  2 7 4 -0.99189964548470119E-002
  2 7 5 -0.14347035862704680E-001
  2 7 6 0.16053380270264338E-001
  2 7 8 -0.13692948649435115E-001
  2 7 9 0.18587857579004930E-001
  2 7 10 -0.61146558123530859E-002
  2 7 11 -0.18597909630756110E-001
  2 7 12 -0.10918237008884077E-001
  2 7 13 0.38782585594357065E-001
  2 7 14 -0.62982105844391926E-002
  2 7 15 -0.72740923971079795E-002
  2 7 16 -0.39798471574581794E-001
  2 7 17 -0.51983246522621616E-002
  2 7 18 -0.45135954042130368E-001
  2 8 1 -0.26241630757157287E-001
  2 8 2 -0.23852303015927872E-001
  2 8 3 -0.27347077523192466E-001
  2 8 4 -0.45564689603113870E-002
  2 8 5 0.40901370169115277E-001
  2 8 6 -0.19123573801379114E-001
  2 8 7 -0.13692948649435115E-001
  2 8 9 0.46263592233001713E-003
  2 8 10 -0.61602545020368518E-002
  2 8 11 -0.20950555990194551E-001
  2 8 12 -0.18597909630756110E-001
  2 8 13 0.51983246522621616E-002
  2 8 14 0.47029583054354090E-001
  2 8 15 -0.99223443386088784E-002
  2 8 16 0.20871202853594371E-002
  2 8 17 -0.43723262963069887E-001
  2 8 18 0.52649125288986853E-002
  2 9 1 -0.21176842966735731E-001
  2 9 2 0.45564689603113870E-002
  2 9 3 0.52888362586676882E-001
  2 9 4 0.51671306228330731E-002
  2 9 5 0.40033533086795891E-002
  2 9 6 -0.99189964548470119E-002
  2 9 7 0.18587857579004930E-001
  2 9 8 0.46263592233001713E-003
  2 9 10 0.34024144737221734E-001
  2 9 11 -0.47029583054354090E-001
  2 9 12 0.62982105844391926E-002
  2 9 13 -0.61146558123530859E-002
  2 9 14 0.16917051451788487E-001
  2 9 15 -0.12373280225691337E-004
  2 9 16 0.40241226087435198E-002
  2 9 17 0.61602545020368518E-002
  2 9 18 -0.29326997729544665E-002
  2 10 1 -0.52888362586676882E-001
  2 10 2 0.47029583054354090E-001
  2 10 3 0.21176842966735731E-001
  2 10 4 -0.16917051451788487E-001
  2 10 5 0.12373280225691337E-004
  2 10 6 0.62982105844391926E-002
  2 10 7 -0.61146558123530859E-002
  2 10 8 -0.61602545020368518E-002
  2 10 9 0.34024144737221734E-001
  2 10 11 -0.45564689603113870E-002
  2 10 12 -0.99189964548470119E-002
  2 10 13 0.18587857579004930E-001
  2 10 14 -0.51671306228330731E-002
  2 10 15 -0.40033533086795891E-002
  2 10 16 -0.29326997729544665E-002
  2 10 17 -0.46263592233001713E-003
  2 10 18 0.40241226087435198E-002
  2 11 1 0.27347077523192466E-001
  2 11 2 -0.43723262963069887E-001
  2 11 3 0.26241630757157287E-001
  2 11 4 -0.61602545020368518E-002
  2 11 5 0.20871202853594371E-002
  2 11 6 0.51983246522621616E-002
  2 11 7 -0.18597909630756110E-001
  2 11 8 -0.20950555990194551E-001
  2 11 9 -0.47029583054354090E-001
  2 11 10 -0.45564689603113870E-002
  2 11 12 -0.13692948649435115E-001
  2 11 13 -0.19123573801379114E-001
  2 11 14 -0.46263592233001713E-003
  2 11 15 -0.52649125288986853E-002
  2 11 16 0.40901370169115277E-001
  2 11 17 -0.23852303015927872E-001
  2 11 18 0.99223443386088784E-002
  2 12 1 -0.11587217138664426E-001
  2 12 2 -0.51983246522621616E-002
  2 12 3 -0.19068572896528330E-001
  2 12 4 -0.61146558123530859E-002
  2 12 5 -0.39798471574581794E-001
  2 12 6 0.38782585594357065E-001
  2 12 7 -0.10918237008884077E-001
  2 12 8 -0.18597909630756110E-001
  2 12 9 0.62982105844391926E-002
  2 12 10 -0.99189964548470119E-002
  2 12 11 -0.13692948649435115E-001
  2 12 13 0.16053380270264338E-001
  2 12 14 -0.18587857579004930E-001
  2 12 15 0.45135954042130368E-001
  2 12 16 -0.14347035862704680E-001
  2 12 17 0.19123573801379114E-001
  2 12 18 0.72740923971079795E-002
  2 13 1 -0.11587217138664426E-001
  2 13 2 0.18597909630756110E-001
  2 13 3 -0.19068572896528330E-001
  2 13 4 0.62982105844391926E-002
  2 13 5 0.72740923971079795E-002
  2 13 6 -0.10918237008884077E-001
  2 13 7 0.38782585594357065E-001
  2 13 8 0.51983246522621616E-002
  2 13 9 -0.61146558123530859E-002
  2 13 10 0.18587857579004930E-001
  2 13 11 -0.19123573801379114E-001
  2 13 12 0.16053380270264338E-001
  2 13 14 0.99189964548470119E-002
  2 13 15 0.14347035862704680E-001
  2 13 16 -0.45135954042130368E-001
  2 13 17 0.13692948649435115E-001
  2 13 18 -0.39798471574581794E-001
  2 14 1 0.52888362586676882E-001
  2 14 2 -0.61602545020368518E-002
  2 14 3 -0.21176842966735731E-001
  2 14 4 -0.34024144737221734E-001
  2 14 5 -0.40241226087435198E-002
  2 14 6 0.61146558123530859E-002
  2 14 7 -0.62982105844391926E-002
  2 14 8 0.47029583054354090E-001
  2 14 9 0.16917051451788487E-001
  2 14 10 -0.51671306228330731E-002
  2 14 11 -0.46263592233001713E-003
  2 14 12 -0.18587857579004930E-001
  2 14 13 0.99189964548470119E-002
  2 14 15 -0.29326997729544665E-002
  2 14 16 -0.40033533086795891E-002
  2 14 17 -0.45564689603113870E-002
  2 14 18 -0.12373280225691337E-004
  2 15 1 -0.13994096525926170E-003
  2 15 2 0.20871202853594371E-002
  2 15 3 -0.13295853561536971E-001
  2 15 4 -0.40241226087435198E-002
  2 15 5 0.27005627012537197E-002
  2 15 6 0.39798471574581794E-001
  2 15 7 -0.72740923971079795E-002
  2 15 8 -0.99223443386088784E-002
  2 15 9 -0.12373280225691337E-004
  2 15 10 -0.40033533086795891E-002
  2 15 11 -0.52649125288986853E-002
  2 15 12 0.45135954042130368E-001
  2 15 13 0.14347035862704680E-001
  2 15 14 -0.29326997729544665E-002
  2 15 16 -0.44949065703019393E-002
  2 15 17 0.40901370169115277E-001
  2 15 18 0.21544861281059006E-002
  2 16 1 0.13994096525926170E-003
  2 16 2 -0.99223443386088784E-002
  2 16 3 0.13295853561536971E-001
  2 16 4 0.12373280225691337E-004
  2 16 5 -0.21544861281059006E-002
  2 16 6 0.72740923971079795E-002
  2 16 7 -0.39798471574581794E-001
  2 16 8 0.20871202853594371E-002
  2 16 9 0.40241226087435198E-002
  2 16 10 -0.29326997729544665E-002
  2 16 11 0.40901370169115277E-001
  2 16 12 -0.14347035862704680E-001
  2 16 13 -0.45135954042130368E-001
  2 16 14 -0.40033533086795891E-002
  2 16 15 -0.44949065703019393E-002
  2 16 17 -0.52649125288986853E-002
  2 16 18 -0.27005627012537197E-002
  2 17 1 -0.27347077523192466E-001
  2 17 2 -0.20950555990194551E-001
  2 17 3 -0.26241630757157287E-001
  2 17 4 0.47029583054354090E-001
  2 17 5 -0.99223443386088784E-002
  2 17 6 0.18597909630756110E-001
  2 17 7 -0.51983246522621616E-002
  2 17 8 -0.43723262963069887E-001
  2 17 9 0.61602545020368518E-002
  2 17 10 -0.46263592233001713E-003
  2 17 11 -0.23852303015927872E-001
  2 17 12 0.19123573801379114E-001
  2 17 13 0.13692948649435115E-001
  2 17 14 -0.45564689603113870E-002
  2 17 15 0.40901370169115277E-001
  2 17 16 -0.52649125288986853E-002
  2 17 18 -0.20871202853594371E-002
  2 18 1 -0.13295853561536971E-001
  2 18 2 -0.40901370169115277E-001
  2 18 3 -0.13994096525926170E-003
  2 18 4 0.40033533086795891E-002
  2 18 5 0.44949065703019393E-002
  2 18 6 -0.14347035862704680E-001
  2 18 7 -0.45135954042130368E-001
  2 18 8 0.52649125288986853E-002
  2 18 9 -0.29326997729544665E-002
  2 18 10 0.40241226087435198E-002
  2 18 11 0.99223443386088784E-002
  2 18 12 0.72740923971079795E-002
  2 18 13 -0.39798471574581794E-001
  2 18 14 -0.12373280225691337E-004
  2 18 15 0.21544861281059006E-002
  2 18 16 -0.27005627012537197E-002
  2 18 17 -0.20871202853594371E-002
TERM-20
  1 1 2 0.59041481246920831E-001
  1 1 3 -0.80882343883709948E-001
  1 1 4 0.18687210761759158E-001
  1 1 5 -0.12417770986412209E-001
  1 1 6 0.92751880660327365E-003
  1 1 7 0.92751880660327365E-003
  1 1 8 -0.59041481246920831E-001
  1 1 9 0.18687210761759158E-001
  1 1 10 -0.64306018102640528E-001
  1 1 11 0.33939839397917559E-001
  1 1 12 0.69093671859011161E-002
  1 1 13 0.69093671859011161E-002
  1 1 14 0.64306018102640528E-001
  1 1 15 0.24267715973392574E-002
  1 1 16 -0.24267715973392574E-002
  1 1 17 -0.33939839397917559E-001
  1 1 18 -0.12417770986412209E-001
  1 2 1 0.59041481246920831E-001
  1 2 3 0.33939839397917559E-001
  1 2 4 -0.81515291797398858E-003
  1 2 5 -0.99906959632753024E-002
  1 2 6 0.43517251440391303E-002
  1 2 7 -0.13592728631635980E-001
  1 2 8 -0.22962267909865053E-001
  1 2 9 -0.19232205053368309E-001
  1 2 10 0.55593838053998819E-001
  1 2 11 -0.62539600598175038E-001
  1 2 12 -0.66053632981880224E-002
  1 2 13 0.57877640868269242E-001
  1 2 14 0.39129830009287441E-002
  1 2 15 -0.12002111175694974E-002
  1 2 16 0.19551569573699318E-001
  1 2 17 -0.10215417501640884E-001
  1 2 18 0.42442675006645085E-002
  1 3 1 -0.80882343883709948E-001
  1 3 2 0.33939839397917559E-001
  1 3 4 0.64306018102640528E-001
  1 3 5 0.24267715973392574E-002
  1 3 6 -0.69093671859011161E-002
  1 3 7 -0.69093671859011161E-002
  1 3 8 -0.33939839397917559E-001
  1 3 9 0.64306018102640528E-001
  1 3 10 -0.18687210761759158E-001
  1 3 11 0.59041481246920831E-001
  1 3 12 -0.92751880660327365E-003
  1 3 13 -0.92751880660327365E-003
  1 3 14 0.18687210761759158E-001
  1 3 15 -0.12417770986412209E-001
  1 3 16 0.12417770986412209E-001
  1 3 17 -0.59041481246920831E-001
  1 3 18 0.24267715973392574E-002
  1 4 1 0.18687210761759158E-001
  1 4 2 -0.81515291797398858E-003
  1 4 3 0.64306018102640528E-001
  1 4 5 -0.86850117019616514E-002
  1 4 6 -0.25987346079751814E-001
  1 4 7 0.33242370362066187E-002
  1 4 8 0.19232205053368309E-001
  1 4 9 -0.34535948786048709E-001
  1 4 10 -0.15082675308116009E-001
  1 4 11 0.39129830009287441E-002
  1 4 12 -0.70783411498518611E-002
  1 4 13 0.72456276591632597E-002
  1 4 14 -0.59676077172708980E-001
  1 4 15 0.52128789647580354E-002
  1 4 16 -0.51839377083569881E-002
  1 4 17 0.55593838053998819E-001
  1 4 18 0.47982963049244915E-002
  1 5 1 -0.12417770986412209E-001
  1 5 2 -0.99906959632753024E-002
  1 5 3 0.24267715973392574E-002
  1 5 4 -0.86850117019616514E-002
  1 5 6 0.58405562721217587E-001
  1 5 7 0.29122092472672203E-003
  1 5 8 -0.42442675006645085E-002
  1 5 9 0.47982963049244915E-002
  1 5 10 -0.51839377083569881E-002
  1 5 11 -0.12002111175694974E-002
  1 5 12 0.45846100953282502E-001
  1 5 13 -0.43618841716041228E-003
  1 5 14 0.52128789647580354E-002
  1 5 15 -0.11097342106468720
  1 5 16 0.56112015778142137E-002
  1 5 17 0.19551569573699318E-001
  1 5 18 0.84878250686824426E-002
  1 6 1 0.92751880660327365E-003
  1 6 2 0.43517251440391303E-002
  1 6 3 -0.69093671859011161E-002
  1 6 4 -0.25987346079751814E-001
  1 6 5 0.58405562721217587E-001
  1 6 7 -0.22487159638787876E-002
  1 6 8 0.13592728631635980E-001
  1 6 9 0.33242370362066187E-002
  1 6 10 0.72456276591632597E-002
  1 6 11 0.66053632981880224E-002
  1 6 12 0.24495978666179485E-001
  1 6 13 0.79869195926117638E-003
  1 6 14 0.70783411498518611E-002
  1 6 15 -0.45846100953282502E-001
  1 6 16 -0.43618841716041228E-003
  1 6 17 0.57877640868269242E-001
  1 6 18 0.29122092472672203E-003
  1 7 1 0.92751880660327365E-003
  1 7 2 -0.13592728631635980E-001
  1 7 3 -0.69093671859011161E-002
  1 7 4 0.33242370362066187E-002
  1 7 5 0.29122092472672203E-003
  1 7 6 -0.22487159638787876E-002
  1 7 8 -0.43517251440391303E-002
  1 7 9 -0.25987346079751814E-001
  1 7 10 -0.70783411498518611E-002
  1 7 11 -0.57877640868269242E-001
  1 7 12 0.79869195926117638E-003
  1 7 13 0.24495978666179485E-001
  1 7 14 -0.72456276591632597E-002
  1 7 15 0.43618841716041228E-003
  1 7 16 0.45846100953282502E-001
  1 7 17 -0.66053632981880224E-002
  1 7 18 0.58405562721217587E-001
  1 8 1 -0.59041481246920831E-001
  1 8 2 -0.22962267909865053E-001
  1 8 3 -0.33939839397917559E-001
  1 8 4 0.19232205053368309E-001
  1 8 5 -0.42442675006645085E-002
  1 8 6 0.13592728631635980E-001
  1 8 7 -0.43517251440391303E-002
  1 8 9 0.81515291797398858E-003
  1 8 10 0.39129830009287441E-002
  1 8 11 -0.10215417501640884E-001
  1 8 12 -0.57877640868269242E-001
  1 8 13 0.66053632981880224E-002
  1 8 14 0.55593838053998819E-001
  1 8 15 0.19551569573699318E-001
  1 8 16 -0.12002111175694974E-002
  1 8 17 -0.62539600598175038E-001
  1 8 18 0.99906959632753024E-002
  1 9 1 0.18687210761759158E-001
  1 9 2 -0.19232205053368309E-001
  1 9 3 0.64306018102640528E-001
  1 9 4 -0.34535948786048709E-001
  1 9 5 0.47982963049244915E-002
  1 9 6 0.33242370362066187E-002
  1 9 7 -0.25987346079751814E-001
  1 9 8 0.81515291797398858E-003
  1 9 10 0.59676077172708980E-001
  1 9 11 -0.55593838053998819E-001
  1 9 12 0.72456276591632597E-002
  1 9 13 -0.70783411498518611E-002
  1 9 14 0.15082675308116009E-001
  1 9 15 0.51839377083569881E-002
  1 9 16 -0.52128789647580354E-002
  1 9 17 -0.39129830009287441E-002
  1 9 18 -0.86850117019616514E-002
  1 10 1 -0.64306018102640528E-001
  1 10 2 0.55593838053998819E-001
  1 10 3 -0.18687210761759158E-001
  1 10 4 -0.15082675308116009E-001
  1 10 5 -0.51839377083569881E-002
  1 10 6 0.72456276591632597E-002
  1 10 7 -0.70783411498518611E-002
  1 10 8 0.39129830009287441E-002
  1 10 9 0.59676077172708980E-001
  1 10 11 0.19232205053368309E-001
  1 10 12 0.33242370362066187E-002
  1 10 13 -0.25987346079751814E-001
  1 10 14 0.34535948786048709E-001
  1 10 15 -0.47982963049244915E-002
  1 10 16 -0.86850117019616514E-002
  1 10 17 -0.81515291797398858E-003
  1 10 18 -0.52128789647580354E-002
  1 11 1 0.33939839397917559E-001
  1 11 2 -0.62539600598175038E-001
  1 11 3 0.59041481246920831E-001
  1 11 4 0.39129830009287441E-002
  1 11 5 -0.12002111175694974E-002
  1 11 6 0.66053632981880224E-002
  1 11 7 -0.57877640868269242E-001
  1 11 8 -0.10215417501640884E-001
  1 11 9 -0.55593838053998819E-001
  1 11 10 0.19232205053368309E-001
  1 11 12 -0.43517251440391303E-002
  1 11 13 0.13592728631635980E-001
  1 11 14 -0.81515291797398858E-003
  1 11 15 -0.99906959632753024E-002
  1 11 16 -0.42442675006645085E-002
  1 11 17 -0.22962267909865053E-001
  1 11 18 -0.19551569573699318E-001
  1 12 1 0.69093671859011161E-002
  1 12 2 -0.66053632981880224E-002
  1 12 3 -0.92751880660327365E-003
  1 12 4 -0.70783411498518611E-002
  1 12 5 0.45846100953282502E-001
  1 12 6 0.24495978666179485E-001
  1 12 7 0.79869195926117638E-003
  1 12 8 -0.57877640868269242E-001
  1 12 9 0.72456276591632597E-002
  1 12 10 0.33242370362066187E-002
  1 12 11 -0.43517251440391303E-002
  1 12 13 -0.22487159638787876E-002
  1 12 14 0.25987346079751814E-001
  1 12 15 -0.58405562721217587E-001
  1 12 16 0.29122092472672203E-003
  1 12 17 -0.13592728631635980E-001
  1 12 18 -0.43618841716041228E-003
  1 13 1 0.69093671859011161E-002
  1 13 2 0.57877640868269242E-001
  1 13 3 -0.92751880660327365E-003
  1 13 4 0.72456276591632597E-002
  1 13 5 -0.43618841716041228E-003
  1 13 6 0.79869195926117638E-003
  1 13 7 0.24495978666179485E-001
  1 13 8 0.66053632981880224E-002
  1 13 9 -0.70783411498518611E-002
  1 13 10 -0.25987346079751814E-001
  1 13 11 0.13592728631635980E-001
  1 13 12 -0.22487159638787876E-002
  1 13 14 -0.33242370362066187E-002
  1 13 15 -0.29122092472672203E-003
  1 13 16 0.58405562721217587E-001
  1 13 17 0.43517251440391303E-002
  1 13 18 0.45846100953282502E-001
  1 14 1 0.64306018102640528E-001
  1 14 2 0.39129830009287441E-002
  1 14 3 0.18687210761759158E-001
  1 14 4 -0.59676077172708980E-001
  1 14 5 0.52128789647580354E-002
  1 14 6 0.70783411498518611E-002
  1 14 7 -0.72456276591632597E-002
  1 14 8 0.55593838053998819E-001
  1 14 9 0.15082675308116009E-001
  1 14 10 0.34535948786048709E-001
  1 14 11 -0.81515291797398858E-003
  1 14 12 0.25987346079751814E-001
  1 14 13 -0.33242370362066187E-002
  1 14 15 -0.86850117019616514E-002
  1 14 16 -0.47982963049244915E-002
  1 14 17 0.19232205053368309E-001
  1 14 18 0.51839377083569881E-002
  1 15 1 0.24267715973392574E-002
  1 15 2 -0.12002111175694974E-002
  1 15 3 -0.12417770986412209E-001
  1 15 4 0.52128789647580354E-002
  1 15 5 -0.11097342106468720
  1 15 6 -0.45846100953282502E-001
  1 15 7 0.43618841716041228E-003
  1 15 8 0.19551569573699318E-001
  1 15 9 0.51839377083569881E-002
  1 15 10 -0.47982963049244915E-002
  1 15 11 -0.99906959632753024E-002
  1 15 12 -0.58405562721217587E-001
  1 15 13 -0.29122092472672203E-003
  1 15 14 -0.86850117019616514E-002
  1 15 16 -0.84878250686824426E-002
  1 15 17 -0.42442675006645085E-002
  1 15 18 -0.56112015778142137E-002
  1 16 1 -0.24267715973392574E-002
  1 16 2 0.19551569573699318E-001
  1 16 3 0.12417770986412209E-001
  1 16 4 -0.51839377083569881E-002
  1 16 5 0.56112015778142137E-002
  1 16 6 -0.43618841716041228E-003
  1 16 7 0.45846100953282502E-001
  1 16 8 -0.12002111175694974E-002
  1 16 9 -0.52128789647580354E-002
  1 16 10 -0.86850117019616514E-002
  1 16 11 -0.42442675006645085E-002
  1 16 12 0.29122092472672203E-003
  1 16 13 0.58405562721217587E-001
  1 16 14 -0.47982963049244915E-002
  1 16 15 -0.84878250686824426E-002
  1 16 17 -0.99906959632753024E-002
  1 16 18 0.11097342106468720
  1 17 1 -0.33939839397917559E-001
  1 17 2 -0.10215417501640884E-001
  1 17 3 -0.59041481246920831E-001
  1 17 4 0.55593838053998819E-001
  1 17 5 0.19551569573699318E-001
  1 17 6 0.57877640868269242E-001
  1 17 7 -0.66053632981880224E-002
  1 17 8 -0.62539600598175038E-001
  1 17 9 -0.39129830009287441E-002
  1 17 10 -0.81515291797398858E-003
  1 17 11 -0.22962267909865053E-001
  1 17 12 -0.13592728631635980E-001
  1 17 13 0.43517251440391303E-002
  1 17 14 0.19232205053368309E-001
  1 17 15 -0.42442675006645085E-002
  1 17 16 -0.99906959632753024E-002
  1 17 18 0.12002111175694974E-002
  1 18 1 -0.12417770986412209E-001
  1 18 2 0.42442675006645085E-002
  1 18 3 0.24267715973392574E-002
  1 18 4 0.47982963049244915E-002
  1 18 5 0.84878250686824426E-002
  1 18 6 0.29122092472672203E-003
  1 18 7 0.58405562721217587E-001
  1 18 8 0.99906959632753024E-002
  1 18 9 -0.86850117019616514E-002
  1 18 10 -0.52128789647580354E-002
  1 18 11 -0.19551569573699318E-001
  1 18 12 -0.43618841716041228E-003
  1 18 13 0.45846100953282502E-001
  1 18 14 0.51839377083569881E-002
  1 18 15 -0.56112015778142137E-002
  1 18 16 0.11097342106468720
  1 18 17 0.12002111175694974E-002
  2 1 2 0.59041481246920831E-001
  2 1 3 -0.80882343883709948E-001
  2 1 4 0.18687210761759158E-001
  2 1 5 -0.12417770986412209E-001
  2 1 6 0.92751880660327365E-003
  2 1 7 0.92751880660327365E-003
  2 1 8 -0.59041481246920831E-001
  2 1 9 0.18687210761759158E-001
  2 1 10 -0.64306018102640528E-001
  2 1 11 0.33939839397917559E-001
  2 1 12 0.69093671859011161E-002
  2 1 13 0.69093671859011161E-002
  2 1 14 0.64306018102640528E-001
  2 1 15 0.24267715973392574E-002
  2 1 16 -0.24267715973392574E-002
  2 1 17 -0.33939839397917559E-001
  2 1 18 -0.12417770986412209E-001
  2 2 1 0.59041481246920831E-001
  2 2 3 0.33939839397917559E-001
  2 2 4 -0.81515291797398858E-003
  2 2 5 -0.99906959632753024E-002
  2 2 6 0.43517251440391303E-002
  2 2 7 -0.13592728631635980E-001
  2 2 8 -0.22962267909865053E-001
  2 2 9 -0.19232205053368309E-001
  2 2 10 0.55593838053998819E-001
  2 2 11 -0.62539600598175038E-001
  2 2 12 -0.66053632981880224E-002
  2 2 13 0.57877640868269242E-001
  2 2 14 0.39129830009287441E-002
  2 2 15 -0.12002111175694974E-002
  2 2 16 0.19551569573699318E-001
  2 2 17 -0.10215417501640884E-001
  2 2 18 0.42442675006645085E-002
  2 3 1 -0.80882343883709948E-001
  2 3 2 0.33939839397917559E-001
  2 3 4 0.64306018102640528E-001
  2 3 5 0.24267715973392574E-002
  2 3 6 -0.69093671859011161E-002
  2 3 7 -0.69093671859011161E-002
  2 3 8 -0.33939839397917559E-001
  2 3 9 0.64306018102640528E-001
  2 3 10 -0.18687210761759158E-001
  2 3 11 0.59041481246920831E-001
  2 3 12 -0.92751880660327365E-003
  2 3 13 -0.92751880660327365E-003
  2 3 14 0.18687210761759158E-001
  2 3 15 -0.12417770986412209E-001
  2 3 16 0.12417770986412209E-001
  2 3 17 -0.59041481246920831E-001
  2 3 18 0.24267715973392574E-002
  2 4 1 0.18687210761759158E-001
  2 4 2 -0.81515291797398858E-003
  2 4 3 0.64306018102640528E-001
  2 4 5 -0.86850117019616514E-002
  2 4 6 -0.25987346079751814E-001
  2 4 7 0.33242370362066187E-002
  2 4 8 0.19232205053368309E-001
  2 4 9 -0.34535948786048709E-001
  2 4 10 -0.15082675308116009E-001
  2 4 11 0.39129830009287441E-002
  2 4 12 -0.70783411498518611E-002
  2 4 13 0.72456276591632597E-002
  2 4 14 -0.59676077172708980E-001
  2 4 15 0.52128789647580354E-002
  2 4 16 -0.51839377083569881E-002
  2 4 17 0.55593838053998819E-001
  2 4 18 0.47982963049244915E-002
  2 5 1 -0.12417770986412209E-001
  2 5 2 -0.99906959632753024E-002
  2 5 3 0.24267715973392574E-002
  2 5 4 -0.86850117019616514E-002
  2 5 6 0.58405562721217587E-001
  2 5 7 0.29122092472672203E-003
  2 5 8 -0.42442675006645085E-002
  2 5 9 0.47982963049244915E-002
  2 5 10 -0.51839377083569881E-002
  2 5 11 -0.12002111175694974E-002
  2 5 12 0.45846100953282502E-001
  2 5 13 -0.43618841716041228E-003
  2 5 14 0.52128789647580354E-002
  2 5 15 -0.11097342106468720
  2 5 16 0.56112015778142137E-002
  2 5 17 0.19551569573699318E-001
  2 5 18 0.84878250686824426E-002
  2 6 1 0.92751880660327365E-003
  2 6 2 0.43517251440391303E-002
  2 6 3 -0.69093671859011161E-002
  2 6 4 -0.25987346079751814E-001
  2 6 5 0.58405562721217587E-001
  2 6 7 -0.22487159638787876E-002
  2 6 8 0.13592728631635980E-001
  2 6 9 0.33242370362066187E-002
  2 6 10 0.72456276591632597E-002
  2 6 11 0.66053632981880224E-002
  2 6 12 0.24495978666179485E-001
  2 6 13 0.79869195926117638E-003
  2 6 14 0.70783411498518611E-002
  2 6 15 -0.45846100953282502E-001
  2 6 16 -0.43618841716041228E-003
  2 6 17 0.57877640868269242E-001
  2 6 18 0.29122092472672203E-003
  2 7 1 0.92751880660327365E-003
  2 7 2 -0.13592728631635980E-001
  2 7 3 -0.69093671859011161E-002
  2 7 4 0.33242370362066187E-002
  2 7 5 0.29122092472672203E-003
  2 7 6 -0.22487159638787876E-002
  2 7 8 -0.43517251440391303E-002
  2 7 9 -0.25987346079751814E-001
  2 7 10 -0.70783411498518611E-002
  2 7 11 -0.57877640868269242E-001
  2 7 12 0.79869195926117638E-003
  2 7 13 0.24495978666179485E-001
  2 7 14 -0.72456276591632597E-002
  2 7 15 0.43618841716041228E-003
  2 7 16 0.45846100953282502E-001
  2 7 17 -0.66053632981880224E-002
  2 7 18 0.58405562721217587E-001
  2 8 1 -0.59041481246920831E-001
  2 8 2 -0.22962267909865053E-001
  2 8 3 -0.33939839397917559E-001
  2 8 4 0.19232205053368309E-001
  2 8 5 -0.42442675006645085E-002
  2 8 6 0.13592728631635980E-001
  2 8 7 -0.43517251440391303E-002
  2 8 9 0.81515291797398858E-003
  2 8 10 0.39129830009287441E-002
  2 8 11 -0.10215417501640884E-001
  2 8 12 -0.57877640868269242E-001
  2 8 13 0.66053632981880224E-002
  2 8 14 0.55593838053998819E-001
  2 8 15 0.19551569573699318E-001
  2 8 16 -0.12002111175694974E-002
  2 8 17 -0.62539600598175038E-001
  2 8 18 0.99906959632753024E-002
  2 9 1 0.18687210761759158E-001
  2 9 2 -0.19232205053368309E-001
  2 9 3 0.64306018102640528E-001
  2 9 4 -0.34535948786048709E-001
  2 9 5 0.47982963049244915E-002
  2 9 6 0.33242370362066187E-002
  2 9 7 -0.25987346079751814E-001
  2 9 8 0.81515291797398858E-003
  2 9 10 0.59676077172708980E-001
  2 9 11 -0.55593838053998819E-001
  2 9 12 0.72456276591632597E-002
  2 9 13 -0.70783411498518611E-002
  2 9 14 0.15082675308116009E-001
  2 9 15 0.51839377083569881E-002
  2 9 16 -0.52128789647580354E-002
  2 9 17 -0.39129830009287441E-002
  2 9 18 -0.86850117019616514E-002
  2 10 1 -0.64306018102640528E-001
  2 10 2 0.55593838053998819E-001
  2 10 3 -0.18687210761759158E-001
  2 10 4 -0.15082675308116009E-001
  2 10 5 -0.51839377083569881E-002
  2 10 6 0.72456276591632597E-002
  2 10 7 -0.70783411498518611E-002
  2 10 8 0.39129830009287441E-002
  2 10 9 0.59676077172708980E-001
  2 10 11 0.19232205053368309E-001
  2 10 12 0.33242370362066187E-002
  2 10 13 -0.25987346079751814E-001
  2 10 14 0.34535948786048709E-001
  2 10 15 -0.47982963049244915E-002
  2 10 16 -0.86850117019616514E-002
  2 10 17 -0.81515291797398858E-003
  2 10 18 -0.52128789647580354E-002
  2 11 1 0.33939839397917559E-001
  2 11 2 -0.62539600598175038E-001
  2 11 3 0.59041481246920831E-001
  2 11 4 0.39129830009287441E-002
  2 11 5 -0.12002111175694974E-002
  2 11 6 0.66053632981880224E-002
  2 11 7 -0.57877640868269242E-001
  2 11 8 -0.10215417501640884E-001
  2 11 9 -0.55593838053998819E-001
  2 11 10 0.19232205053368309E-001
  2 11 12 -0.43517251440391303E-002
  2 11 13 0.13592728631635980E-001
  2 11 14 -0.81515291797398858E-003
  2 11 15 -0.99906959632753024E-002
  2 11 16 -0.42442675006645085E-002
  2 11 17 -0.22962267909865053E-001
  2 11 18 -0.19551569573699318E-001
  2 12 1 0.69093671859011161E-002
  2 12 2 -0.66053632981880224E-002
  2 12 3 -0.92751880660327365E-003
  2 12 4 -0.70783411498518611E-002
  2 12 5 0.45846100953282502E-001
  2 12 6 0.24495978666179485E-001
  2 12 7 0.79869195926117638E-003
  2 12 8 -0.57877640868269242E-001
  2 12 9 0.72456276591632597E-002
  2 12 10 0.33242370362066187E-002
  2 12 11 -0.43517251440391303E-002
  2 12 13 -0.22487159638787876E-002
  2 12 14 0.25987346079751814E-001
  2 12 15 -0.58405562721217587E-001
  2 12 16 0.29122092472672203E-003
  2 12 17 -0.13592728631635980E-001
  2 12 18 -0.43618841716041228E-003
  2 13 1 0.69093671859011161E-002
  2 13 2 0.57877640868269242E-001
  2 13 3 -0.92751880660327365E-003
  2 13 4 0.72456276591632597E-002
  2 13 5 -0.43618841716041228E-003
  2 13 6 0.79869195926117638E-003
  2 13 7 0.24495978666179485E-001
  2 13 8 0.66053632981880224E-002
  2 13 9 -0.70783411498518611E-002
  2 13 10 -0.25987346079751814E-001
  2 13 11 0.13592728631635980E-001
  2 13 12 -0.22487159638787876E-002
  2 13 14 -0.33242370362066187E-002
  2 13 15 -0.29122092472672203E-003
  2 13 16 0.58405562721217587E-001
  2 13 17 0.43517251440391303E-002
  2 13 18 0.45846100953282502E-001
  2 14 1 0.64306018102640528E-001
  2 14 2 0.39129830009287441E-002
  2 14 3 0.18687210761759158E-001
  2 14 4 -0.59676077172708980E-001
  2 14 5 0.52128789647580354E-002
  2 14 6 0.70783411498518611E-002
  2 14 7 -0.72456276591632597E-002
  2 14 8 0.55593838053998819E-001
  2 14 9 0.15082675308116009E-001
  2 14 10 0.34535948786048709E-001
  2 14 11 -0.81515291797398858E-003
  2 14 12 0.25987346079751814E-001
  2 14 13 -0.33242370362066187E-002
  2 14 15 -0.86850117019616514E-002
  2 14 16 -0.47982963049244915E-002
  2 14 17 0.19232205053368309E-001
  2 14 18 0.51839377083569881E-002
  2 15 1 0.24267715973392574E-002
  2 15 2 -0.12002111175694974E-002
  2 15 3 -0.12417770986412209E-001
  2 15 4 0.52128789647580354E-002
  2 15 5 -0.11097342106468720
  2 15 6 -0.45846100953282502E-001
  2 15 7 0.43618841716041228E-003
  2 15 8 0.19551569573699318E-001
  2 15 9 0.51839377083569881E-002
  2 15 10 -0.47982963049244915E-002
  2 15 11 -0.99906959632753024E-002
  2 15 12 -0.58405562721217587E-001
  2 15 13 -0.29122092472672203E-003
  2 15 14 -0.86850117019616514E-002
  2 15 16 -0.84878250686824426E-002
  2 15 17 -0.42442675006645085E-002
  2 15 18 -0.56112015778142137E-002
  2 16 1 -0.24267715973392574E-002
  2 16 2 0.19551569573699318E-001
  2 16 3 0.12417770986412209E-001
  2 16 4 -0.51839377083569881E-002
  2 16 5 0.56112015778142137E-002
  2 16 6 -0.43618841716041228E-003
  2 16 7 0.45846100953282502E-001
  2 16 8 -0.12002111175694974E-002
  2 16 9 -0.52128789647580354E-002
  2 16 10 -0.86850117019616514E-002
  2 16 11 -0.42442675006645085E-002
  2 16 12 0.29122092472672203E-003
  2 16 13 0.58405562721217587E-001
  2 16 14 -0.47982963049244915E-002
  2 16 15 -0.84878250686824426E-002
  2 16 17 -0.99906959632753024E-002
  2 16 18 0.11097342106468720
  2 17 1 -0.33939839397917559E-001
  2 17 2 -0.10215417501640884E-001
  2 17 3 -0.59041481246920831E-001
  2 17 4 0.55593838053998819E-001
  2 17 5 0.19551569573699318E-001
  2 17 6 0.57877640868269242E-001
  2 17 7 -0.66053632981880224E-002
  2 17 8 -0.62539600598175038E-001
  2 17 9 -0.39129830009287441E-002
  2 17 10 -0.81515291797398858E-003
  2 17 11 -0.22962267909865053E-001
  2 17 12 -0.13592728631635980E-001
  2 17 13 0.43517251440391303E-002
  2 17 14 0.19232205053368309E-001
  2 17 15 -0.42442675006645085E-002
  2 17 16 -0.99906959632753024E-002
  2 17 18 0.12002111175694974E-002
  2 18 1 -0.12417770986412209E-001
  2 18 2 0.42442675006645085E-002
  2 18 3 0.24267715973392574E-002
  2 18 4 0.47982963049244915E-002
  2 18 5 0.84878250686824426E-002
  2 18 6 0.29122092472672203E-003
  2 18 7 0.58405562721217587E-001
  2 18 8 0.99906959632753024E-002
  2 18 9 -0.86850117019616514E-002
  2 18 10 -0.52128789647580354E-002
  2 18 11 -0.19551569573699318E-001
  2 18 12 -0.43618841716041228E-003
  2 18 13 0.45846100953282502E-001
  2 18 14 0.51839377083569881E-002
  2 18 15 -0.56112015778142137E-002
  2 18 16 0.11097342106468720
  2 18 17 0.12002111175694974E-002
TERM-2u
  2 1 2 0.40477520575113120E-001
  2 1 3 -0.75157170955907793E-001
  2 1 4 0.30767705615751995E-002
  2 1 5 -0.97358735389782916E-002
  2 1 6 0.89399721089261069E-002
  2 1 7 0.89399721089261069E-002
  2 1 8 -0.40477520575113120E-001
  2 1 9 0.30767705615751995E-002
  2 1 10 -0.63754618268232713E-001
  2 1 11 0.28874090371679925E-001
  2 1 12 -0.21217672169677603E-002
  2 1 13 -0.21217672169677603E-002
  2 1 14 0.63754618268232713E-001
  2 1 15 -0.30390335571324374E-002
  2 1 16 0.30390335571324374E-002
  2 1 17 -0.28874090371679925E-001
  2 1 18 -0.97358735389782916E-002
  2 2 1 0.40477520575113120E-001
  2 2 3 0.28874090371679925E-001
  2 2 4 -0.35575507056844809E-002
  2 2 5 -0.45066175283443597E-002
  2 2 6 0.50839607350520065E-002
  2 2 7 0.17147019078747741E-003
  2 2 8 -0.17582334323714820E-001
  2 2 9 -0.59877070121840317E-002
  2 2 10 0.48864748926308578E-001
  2 2 11 -0.53868065458811308E-001
  2 2 12 -0.40484562634437726E-002
  2 2 13 0.19275186383944650E-001
  2 2 14 0.80563690194536918E-003
  2 2 15 -0.24084376163720439E-002
  2 2 16 0.35993096735651925E-002
  2 2 17 -0.11518020037723750E-001
  2 2 18 -0.25507870827915041E-001
  2 3 1 -0.75157170955907793E-001
  2 3 2 0.28874090371679925E-001
  2 3 4 0.63754618268232713E-001
  2 3 5 -0.30390335571324374E-002
  2 3 6 0.21217672169677603E-002
  2 3 7 0.21217672169677603E-002
  2 3 8 -0.28874090371679925E-001
  2 3 9 0.63754618268232713E-001
  2 3 10 -0.30767705615751995E-002
  2 3 11 0.40477520575113120E-001
  2 3 12 -0.89399721089261069E-002
  2 3 13 -0.89399721089261069E-002
  2 3 14 0.30767705615751995E-002
  2 3 15 -0.97358735389782916E-002
  2 3 16 0.97358735389782916E-002
  2 3 17 -0.40477520575113120E-001
  2 3 18 -0.30390335571324374E-002
  2 4 1 0.30767705615751995E-002
  2 4 2 -0.35575507056844809E-002
  2 4 3 0.63754618268232713E-001
  2 4 5 -0.10535736871920977E-001
  2 4 6 0.21661244096195603E-001
  2 4 7 -0.11680873620657712E-002
  2 4 8 0.59877070121840317E-002
  2 4 9 0.13788122982518558E-001
  2 4 10 -0.10012563510055451E-001
  2 4 11 0.80563690194536918E-003
  2 4 12 -0.33160654387521171E-002
  2 4 13 0.37719579399224075E-002
  2 4 14 -0.32475823125647833E-001
  2 4 15 -0.48772287248912997E-002
  2 4 16 -0.51339999147846692E-002
  2 4 17 0.48864748926308578E-001
  2 4 18 0.51105018036530598E-002
  2 5 1 -0.97358735389782916E-002
  2 5 2 -0.45066175283443597E-002
  2 5 3 -0.30390335571324374E-002
  2 5 4 -0.10535736871920977E-001
  2 5 6 0.19837734145666194E-001
  2 5 7 -0.81370690392379135E-002
  2 5 8 0.25507870827915041E-001
  2 5 9 0.51105018036530598E-002
  2 5 10 -0.51339999147846692E-002
  2 5 11 -0.24084376163720439E-002
  2 5 12 -0.11863338501312501
  2 5 13 0.51891916401228463E-002
  2 5 14 -0.48772287248912997E-002
  2 5 15 0.76147422868496975E-001
  2 5 16 -0.68466048079389615E-002
  2 5 17 0.35993096735651925E-002
  2 5 18 0.63404679511152012E-002
  2 6 1 0.89399721089261069E-002
  2 6 2 0.50839607350520065E-002
  2 6 3 0.21217672169677603E-002
  2 6 4 0.21661244096195603E-001
  2 6 5 0.19837734145666194E-001
  2 6 7 0.75296546999162857E-002
  2 6 8 -0.17147019078747741E-003
  2 6 9 -0.11680873620657712E-002
  2 6 10 0.37719579399224075E-002
  2 6 11 0.40484562634437726E-002
  2 6 12 0.12648682048874852E-001
  2 6 13 -0.53378617766453368E-002
  2 6 14 0.33160654387521171E-002
  2 6 15 0.11863338501312501
  2 6 16 0.51891916401228463E-002
  2 6 17 0.19275186383944650E-001
  2 6 18 -0.81370690392379135E-002
  2 7 1 0.89399721089261069E-002
  2 7 2 0.17147019078747741E-003
  2 7 3 0.21217672169677603E-002
  2 7 4 -0.11680873620657712E-002
  2 7 5 -0.81370690392379135E-002
  2 7 6 0.75296546999162857E-002
  2 7 8 -0.50839607350520065E-002
  2 7 9 0.21661244096195603E-001
  2 7 10 -0.33160654387521171E-002
  2 7 11 -0.19275186383944650E-001
  2 7 12 -0.53378617766453368E-002
  2 7 13 0.12648682048874852E-001
  2 7 14 -0.37719579399224075E-002
  2 7 15 -0.51891916401228463E-002
  2 7 16 -0.11863338501312501
  2 7 17 -0.40484562634437726E-002
  2 7 18 0.19837734145666194E-001
  2 8 1 -0.40477520575113120E-001
  2 8 2 -0.17582334323714820E-001
  2 8 3 -0.28874090371679925E-001
  2 8 4 0.59877070121840317E-002
  2 8 5 0.25507870827915041E-001
  2 8 6 -0.17147019078747741E-003
  2 8 7 -0.50839607350520065E-002
  2 8 9 0.35575507056844809E-002
  2 8 10 0.80563690194536918E-003
  2 8 11 -0.11518020037723750E-001
  2 8 12 -0.19275186383944650E-001
  2 8 13 0.40484562634437726E-002
  2 8 14 0.48864748926308578E-001
  2 8 15 0.35993096735651925E-002
  2 8 16 -0.24084376163720439E-002
  2 8 17 -0.53868065458811308E-001
  2 8 18 0.45066175283443597E-002
  2 9 1 0.30767705615751995E-002
  2 9 2 -0.59877070121840317E-002
  2 9 3 0.63754618268232713E-001
  2 9 4 0.13788122982518558E-001
  2 9 5 0.51105018036530598E-002
  2 9 6 -0.11680873620657712E-002
  2 9 7 0.21661244096195603E-001
  2 9 8 0.35575507056844809E-002
  2 9 10 0.32475823125647833E-001
  2 9 11 -0.48864748926308578E-001
  2 9 12 0.37719579399224075E-002
  2 9 13 -0.33160654387521171E-002
  2 9 14 0.10012563510055451E-001
  2 9 15 0.51339999147846692E-002
  2 9 16 0.48772287248912997E-002
  2 9 17 -0.80563690194536918E-003
  2 9 18 -0.10535736871920977E-001
  2 10 1 -0.63754618268232713E-001
  2 10 2 0.48864748926308578E-001
  2 10 3 -0.30767705615751995E-002
  2 10 4 -0.10012563510055451E-001
  2 10 5 -0.51339999147846692E-002
  2 10 6 0.37719579399224075E-002
  2 10 7 -0.33160654387521171E-002
  2 10 8 0.80563690194536918E-003
  2 10 9 0.32475823125647833E-001
  2 10 11 0.59877070121840317E-002
  2 10 12 -0.11680873620657712E-002
  2 10 13 0.21661244096195603E-001
  2 10 14 -0.13788122982518558E-001
  2 10 15 -0.51105018036530598E-002
  2 10 16 -0.10535736871920977E-001
  2 10 17 -0.35575507056844809E-002
  2 10 18 0.48772287248912997E-002
  2 11 1 0.28874090371679925E-001
  2 11 2 -0.53868065458811308E-001
  2 11 3 0.40477520575113120E-001
  2 11 4 0.80563690194536918E-003
  2 11 5 -0.24084376163720439E-002
  2 11 6 0.40484562634437726E-002
  2 11 7 -0.19275186383944650E-001
  2 11 8 -0.11518020037723750E-001
  2 11 9 -0.48864748926308578E-001
  2 11 10 0.59877070121840317E-002
  2 11 12 -0.50839607350520065E-002
  2 11 13 -0.17147019078747741E-003
  2 11 14 -0.35575507056844809E-002
  2 11 15 -0.45066175283443597E-002
  2 11 16 0.25507870827915041E-001
  2 11 17 -0.17582334323714820E-001
  2 11 18 -0.35993096735651925E-002
  2 12 1 -0.21217672169677603E-002
  2 12 2 -0.40484562634437726E-002
  2 12 3 -0.89399721089261069E-002
  2 12 4 -0.33160654387521171E-002
  2 12 5 -0.11863338501312501
  2 12 6 0.12648682048874852E-001
  2 12 7 -0.53378617766453368E-002
  2 12 8 -0.19275186383944650E-001
  2 12 9 0.37719579399224075E-002
  2 12 10 -0.11680873620657712E-002
  2 12 11 -0.50839607350520065E-002
  2 12 13 0.75296546999162857E-002
  2 12 14 -0.21661244096195603E-001
  2 12 15 -0.19837734145666194E-001
  2 12 16 -0.81370690392379135E-002
  2 12 17 0.17147019078747741E-003
  2 12 18 0.51891916401228463E-002
  2 13 1 -0.21217672169677603E-002
  2 13 2 0.19275186383944650E-001
  2 13 3 -0.89399721089261069E-002
  2 13 4 0.37719579399224075E-002
  2 13 5 0.51891916401228463E-002
  2 13 6 -0.53378617766453368E-002
  2 13 7 0.12648682048874852E-001
  2 13 8 0.40484562634437726E-002
  2 13 9 -0.33160654387521171E-002
  2 13 10 0.21661244096195603E-001
  2 13 11 -0.17147019078747741E-003
  2 13 12 0.75296546999162857E-002
  2 13 14 0.11680873620657712E-002
  2 13 15 0.81370690392379135E-002
  2 13 16 0.19837734145666194E-001
  2 13 17 0.50839607350520065E-002
  2 13 18 -0.11863338501312501
  2 14 1 0.63754618268232713E-001
  2 14 2 0.80563690194536918E-003
  2 14 3 0.30767705615751995E-002
  2 14 4 -0.32475823125647833E-001
  2 14 5 -0.48772287248912997E-002
  2 14 6 0.33160654387521171E-002
  2 14 7 -0.37719579399224075E-002
  2 14 8 0.48864748926308578E-001
  2 14 9 0.10012563510055451E-001
  2 14 10 -0.13788122982518558E-001
  2 14 11 -0.35575507056844809E-002
  2 14 12 -0.21661244096195603E-001
  2 14 13 0.11680873620657712E-002
  2 14 15 -0.10535736871920977E-001
  2 14 16 -0.51105018036530598E-002
  2 14 17 0.59877070121840317E-002
  2 14 18 0.51339999147846692E-002
  2 15 1 -0.30390335571324374E-002
  2 15 2 -0.24084376163720439E-002
  2 15 3 -0.97358735389782916E-002
  2 15 4 -0.48772287248912997E-002
  2 15 5 0.76147422868496975E-001
  2 15 6 0.11863338501312501
  2 15 7 -0.51891916401228463E-002
  2 15 8 0.35993096735651925E-002
  2 15 9 0.51339999147846692E-002
  2 15 10 -0.51105018036530598E-002
  2 15 11 -0.45066175283443597E-002
  2 15 12 -0.19837734145666194E-001
  2 15 13 0.81370690392379135E-002
  2 15 14 -0.10535736871920977E-001
  2 15 16 -0.63404679511152012E-002
  2 15 17 0.25507870827915041E-001
  2 15 18 0.68466048079389615E-002
  2 16 1 0.30390335571324374E-002
  2 16 2 0.35993096735651925E-002
  2 16 3 0.97358735389782916E-002
  2 16 4 -0.51339999147846692E-002
  2 16 5 -0.68466048079389615E-002
  2 16 6 0.51891916401228463E-002
  2 16 7 -0.11863338501312501
  2 16 8 -0.24084376163720439E-002
  2 16 9 0.48772287248912997E-002
  2 16 10 -0.10535736871920977E-001
  2 16 11 0.25507870827915041E-001
  2 16 12 -0.81370690392379135E-002
  2 16 13 0.19837734145666194E-001
  2 16 14 -0.51105018036530598E-002
  2 16 15 -0.63404679511152012E-002
  2 16 17 -0.45066175283443597E-002
  2 16 18 -0.76147422868496975E-001
  2 17 1 -0.28874090371679925E-001
  2 17 2 -0.11518020037723750E-001
  2 17 3 -0.40477520575113120E-001
  2 17 4 0.48864748926308578E-001
  2 17 5 0.35993096735651925E-002
  2 17 6 0.19275186383944650E-001
  2 17 7 -0.40484562634437726E-002
  2 17 8 -0.53868065458811308E-001
  2 17 9 -0.80563690194536918E-003
  2 17 10 -0.35575507056844809E-002
  2 17 11 -0.17582334323714820E-001
  2 17 12 0.17147019078747741E-003
  2 17 13 0.50839607350520065E-002
  2 17 14 0.59877070121840317E-002
  2 17 15 0.25507870827915041E-001
  2 17 16 -0.45066175283443597E-002
  2 17 18 0.24084376163720439E-002
  2 18 1 -0.97358735389782916E-002
  2 18 2 -0.25507870827915041E-001
  2 18 3 -0.30390335571324374E-002
  2 18 4 0.51105018036530598E-002
  2 18 5 0.63404679511152012E-002
  2 18 6 -0.81370690392379135E-002
  2 18 7 0.19837734145666194E-001
  2 18 8 0.45066175283443597E-002
  2 18 9 -0.10535736871920977E-001
  2 18 10 0.48772287248912997E-002
  2 18 11 -0.35993096735651925E-002
  2 18 12 0.51891916401228463E-002
  2 18 13 -0.11863338501312501
  2 18 14 0.51339999147846692E-002
  2 18 15 0.68466048079389615E-002
  2 18 16 -0.76147422868496975E-001
  2 18 17 0.24084376163720439E-002
TERM-2d
  1 1 2 0.40477520575113120E-001
  1 1 3 -0.75157170955907793E-001
  1 1 4 0.30767705615751995E-002
  1 1 5 -0.97358735389782916E-002
  1 1 6 0.89399721089261069E-002
  1 1 7 0.89399721089261069E-002
  1 1 8 -0.40477520575113120E-001
  1 1 9 0.30767705615751995E-002
  1 1 10 -0.63754618268232713E-001
  1 1 11 0.28874090371679925E-001
  1 1 12 -0.21217672169677603E-002
  1 1 13 -0.21217672169677603E-002
  1 1 14 0.63754618268232713E-001
  1 1 15 -0.30390335571324374E-002
  1 1 16 0.30390335571324374E-002
  1 1 17 -0.28874090371679925E-001
  1 1 18 -0.97358735389782916E-002
  1 2 1 0.40477520575113120E-001
  1 2 3 0.28874090371679925E-001
  1 2 4 -0.35575507056844809E-002
  1 2 5 -0.45066175283443597E-002
  1 2 6 0.50839607350520065E-002
  1 2 7 0.17147019078747741E-003
  1 2 8 -0.17582334323714820E-001
  1 2 9 -0.59877070121840317E-002
  1 2 10 0.48864748926308578E-001
  1 2 11 -0.53868065458811308E-001
  1 2 12 -0.40484562634437726E-002
  1 2 13 0.19275186383944650E-001
  1 2 14 0.80563690194536918E-003
  1 2 15 -0.24084376163720439E-002
  1 2 16 0.35993096735651925E-002
  1 2 17 -0.11518020037723750E-001
  1 2 18 -0.25507870827915041E-001
  1 3 1 -0.75157170955907793E-001
  1 3 2 0.28874090371679925E-001
  1 3 4 0.63754618268232713E-001
  1 3 5 -0.30390335571324374E-002
  1 3 6 0.21217672169677603E-002
  1 3 7 0.21217672169677603E-002
  1 3 8 -0.28874090371679925E-001
  1 3 9 0.63754618268232713E-001
  1 3 10 -0.30767705615751995E-002
  1 3 11 0.40477520575113120E-001
  1 3 12 -0.89399721089261069E-002
  1 3 13 -0.89399721089261069E-002
  1 3 14 0.30767705615751995E-002
  1 3 15 -0.97358735389782916E-002
  1 3 16 0.97358735389782916E-002
  1 3 17 -0.40477520575113120E-001
  1 3 18 -0.30390335571324374E-002
  1 4 1 0.30767705615751995E-002
  1 4 2 -0.35575507056844809E-002
  1 4 3 0.63754618268232713E-001
  1 4 5 -0.10535736871920977E-001
  1 4 6 0.21661244096195603E-001
  1 4 7 -0.11680873620657712E-002
  1 4 8 0.59877070121840317E-002
  1 4 9 0.13788122982518558E-001
  1 4 10 -0.10012563510055451E-001
  1 4 11 0.80563690194536918E-003
  1 4 12 -0.33160654387521171E-002
  1 4 13 0.37719579399224075E-002
  1 4 14 -0.32475823125647833E-001
  1 4 15 -0.48772287248912997E-002
  1 4 16 -0.51339999147846692E-002
  1 4 17 0.48864748926308578E-001
  1 4 18 0.51105018036530598E-002
  1 5 1 -0.97358735389782916E-002
  1 5 2 -0.45066175283443597E-002
  1 5 3 -0.30390335571324374E-002
  1 5 4 -0.10535736871920977E-001
  1 5 6 0.19837734145666194E-001
  1 5 7 -0.81370690392379135E-002
  1 5 8 0.25507870827915041E-001
  1 5 9 0.51105018036530598E-002
  1 5 10 -0.51339999147846692E-002
  1 5 11 -0.24084376163720439E-002
  1 5 12 -0.11863338501312501
  1 5 13 0.51891916401228463E-002
  1 5 14 -0.48772287248912997E-002
  1 5 15 0.76147422868496975E-001
  1 5 16 -0.68466048079389615E-002
  1 5 17 0.35993096735651925E-002
  1 5 18 0.63404679511152012E-002
  1 6 1 0.89399721089261069E-002
  1 6 2 0.50839607350520065E-002
  1 6 3 0.21217672169677603E-002
  1 6 4 0.21661244096195603E-001
  1 6 5 0.19837734145666194E-001
  1 6 7 0.75296546999162857E-002
  1 6 8 -0.17147019078747741E-003
  1 6 9 -0.11680873620657712E-002
  1 6 10 0.37719579399224075E-002
  1 6 11 0.40484562634437726E-002
  1 6 12 0.12648682048874852E-001
  1 6 13 -0.53378617766453368E-002
  1 6 14 0.33160654387521171E-002
  1 6 15 0.11863338501312501
  1 6 16 0.51891916401228463E-002
  1 6 17 0.19275186383944650E-001
  1 6 18 -0.81370690392379135E-002
  1 7 1 0.89399721089261069E-002
  1 7 2 0.17147019078747741E-003
  1 7 3 0.21217672169677603E-002
  1 7 4 -0.11680873620657712E-002
  1 7 5 -0.81370690392379135E-002
  1 7 6 0.75296546999162857E-002
  1 7 8 -0.50839607350520065E-002
  1 7 9 0.21661244096195603E-001
  1 7 10 -0.33160654387521171E-002
  1 7 11 -0.19275186383944650E-001
  1 7 12 -0.53378617766453368E-002
  1 7 13 0.12648682048874852E-001
  1 7 14 -0.37719579399224075E-002
  1 7 15 -0.51891916401228463E-002
  1 7 16 -0.11863338501312501
  1 7 17 -0.40484562634437726E-002
  1 7 18 0.19837734145666194E-001
  1 8 1 -0.40477520575113120E-001
  1 8 2 -0.17582334323714820E-001
  1 8 3 -0.28874090371679925E-001
  1 8 4 0.59877070121840317E-002
  1 8 5 0.25507870827915041E-001
  1 8 6 -0.17147019078747741E-003
  1 8 7 -0.50839607350520065E-002
  1 8 9 0.35575507056844809E-002
  1 8 10 0.80563690194536918E-003
  1 8 11 -0.11518020037723750E-001
  1 8 12 -0.19275186383944650E-001
  1 8 13 0.40484562634437726E-002
  1 8 14 0.48864748926308578E-001
  1 8 15 0.35993096735651925E-002
  1 8 16 -0.24084376163720439E-002
  1 8 17 -0.53868065458811308E-001
  1 8 18 0.45066175283443597E-002
  1 9 1 0.30767705615751995E-002
  1 9 2 -0.59877070121840317E-002
  1 9 3 0.63754618268232713E-001
  1 9 4 0.13788122982518558E-001
  1 9 5 0.51105018036530598E-002
  1 9 6 -0.11680873620657712E-002
  1 9 7 0.21661244096195603E-001
  1 9 8 0.35575507056844809E-002
  1 9 10 0.32475823125647833E-001
  1 9 11 -0.48864748926308578E-001
  1 9 12 0.37719579399224075E-002
  1 9 13 -0.33160654387521171E-002
  1 9 14 0.10012563510055451E-001
  1 9 15 0.51339999147846692E-002
  1 9 16 0.48772287248912997E-002
  1 9 17 -0.80563690194536918E-003
  1 9 18 -0.10535736871920977E-001
  1 10 1 -0.63754618268232713E-001
  1 10 2 0.48864748926308578E-001
  1 10 3 -0.30767705615751995E-002
  1 10 4 -0.10012563510055451E-001
  1 10 5 -0.51339999147846692E-002
  1 10 6 0.37719579399224075E-002
  1 10 7 -0.33160654387521171E-002
  1 10 8 0.80563690194536918E-003
  1 10 9 0.32475823125647833E-001
  1 10 11 0.59877070121840317E-002
  1 10 12 -0.11680873620657712E-002
  1 10 13 0.21661244096195603E-001
  1 10 14 -0.13788122982518558E-001
  1 10 15 -0.51105018036530598E-002
  1 10 16 -0.10535736871920977E-001
  1 10 17 -0.35575507056844809E-002
  1 10 18 0.48772287248912997E-002
  1 11 1 0.28874090371679925E-001
  1 11 2 -0.53868065458811308E-001
  1 11 3 0.40477520575113120E-001
  1 11 4 0.80563690194536918E-003
  1 11 5 -0.24084376163720439E-002
  1 11 6 0.40484562634437726E-002
  1 11 7 -0.19275186383944650E-001
  1 11 8 -0.11518020037723750E-001
  1 11 9 -0.48864748926308578E-001
  1 11 10 0.59877070121840317E-002
  1 11 12 -0.50839607350520065E-002
  1 11 13 -0.17147019078747741E-003
  1 11 14 -0.35575507056844809E-002
  1 11 15 -0.45066175283443597E-002
  1 11 16 0.25507870827915041E-001
  1 11 17 -0.17582334323714820E-001
  1 11 18 -0.35993096735651925E-002
  1 12 1 -0.21217672169677603E-002
  1 12 2 -0.40484562634437726E-002
  1 12 3 -0.89399721089261069E-002
  1 12 4 -0.33160654387521171E-002
  1 12 5 -0.11863338501312501
  1 12 6 0.12648682048874852E-001
  1 12 7 -0.53378617766453368E-002
  1 12 8 -0.19275186383944650E-001
  1 12 9 0.37719579399224075E-002
  1 12 10 -0.11680873620657712E-002
  1 12 11 -0.50839607350520065E-002
  1 12 13 0.75296546999162857E-002
  1 12 14 -0.21661244096195603E-001
  1 12 15 -0.19837734145666194E-001
  1 12 16 -0.81370690392379135E-002
  1 12 17 0.17147019078747741E-003
  1 12 18 0.51891916401228463E-002
  1 13 1 -0.21217672169677603E-002
  1 13 2 0.19275186383944650E-001
  1 13 3 -0.89399721089261069E-002
  1 13 4 0.37719579399224075E-002
  1 13 5 0.51891916401228463E-002
  1 13 6 -0.53378617766453368E-002
  1 13 7 0.12648682048874852E-001
  1 13 8 0.40484562634437726E-002
  1 13 9 -0.33160654387521171E-002
  1 13 10 0.21661244096195603E-001
  1 13 11 -0.17147019078747741E-003
  1 13 12 0.75296546999162857E-002
  1 13 14 0.11680873620657712E-002
  1 13 15 0.81370690392379135E-002
  1 13 16 0.19837734145666194E-001
  1 13 17 0.50839607350520065E-002
  1 13 18 -0.11863338501312501
  1 14 1 0.63754618268232713E-001
  1 14 2 0.80563690194536918E-003
  1 14 3 0.30767705615751995E-002
  1 14 4 -0.32475823125647833E-001
  1 14 5 -0.48772287248912997E-002
  1 14 6 0.33160654387521171E-002
  1 14 7 -0.37719579399224075E-002
  1 14 8 0.48864748926308578E-001
  1 14 9 0.10012563510055451E-001
  1 14 10 -0.13788122982518558E-001
  1 14 11 -0.35575507056844809E-002
  1 14 12 -0.21661244096195603E-001
  1 14 13 0.11680873620657712E-002
  1 14 15 -0.10535736871920977E-001
  1 14 16 -0.51105018036530598E-002
  1 14 17 0.59877070121840317E-002
  1 14 18 0.51339999147846692E-002
  1 15 1 -0.30390335571324374E-002
  1 15 2 -0.24084376163720439E-002
  1 15 3 -0.97358735389782916E-002
  1 15 4 -0.48772287248912997E-002
  1 15 5 0.76147422868496975E-001
  1 15 6 0.11863338501312501
  1 15 7 -0.51891916401228463E-002
  1 15 8 0.35993096735651925E-002
  1 15 9 0.51339999147846692E-002
  1 15 10 -0.51105018036530598E-002
  1 15 11 -0.45066175283443597E-002
  1 15 12 -0.19837734145666194E-001
  1 15 13 0.81370690392379135E-002
  1 15 14 -0.10535736871920977E-001
  1 15 16 -0.63404679511152012E-002
  1 15 17 0.25507870827915041E-001
  1 15 18 0.68466048079389615E-002
  1 16 1 0.30390335571324374E-002
  1 16 2 0.35993096735651925E-002
  1 16 3 0.97358735389782916E-002
  1 16 4 -0.51339999147846692E-002
  1 16 5 -0.68466048079389615E-002
  1 16 6 0.51891916401228463E-002
  1 16 7 -0.11863338501312501
  1 16 8 -0.24084376163720439E-002
  1 16 9 0.48772287248912997E-002
  1 16 10 -0.10535736871920977E-001
  1 16 11 0.25507870827915041E-001
  1 16 12 -0.81370690392379135E-002
  1 16 13 0.19837734145666194E-001
  1 16 14 -0.51105018036530598E-002
  1 16 15 -0.63404679511152012E-002
  1 16 17 -0.45066175283443597E-002
  1 16 18 -0.76147422868496975E-001
  1 17 1 -0.28874090371679925E-001
  1 17 2 -0.11518020037723750E-001
  1 17 3 -0.40477520575113120E-001
  1 17 4 0.48864748926308578E-001
  1 17 5 0.35993096735651925E-002
  1 17 6 0.19275186383944650E-001
  1 17 7 -0.40484562634437726E-002
  1 17 8 -0.53868065458811308E-001
  1 17 9 -0.80563690194536918E-003
  1 17 10 -0.35575507056844809E-002
  1 17 11 -0.17582334323714820E-001
  1 17 12 0.17147019078747741E-003
  1 17 13 0.50839607350520065E-002
  1 17 14 0.59877070121840317E-002
  1 17 15 0.25507870827915041E-001
  1 17 16 -0.45066175283443597E-002
  1 17 18 0.24084376163720439E-002
  1 18 1 -0.97358735389782916E-002
  1 18 2 -0.25507870827915041E-001
  1 18 3 -0.30390335571324374E-002
  1 18 4 0.51105018036530598E-002
  1 18 5 0.63404679511152012E-002
  1 18 6 -0.81370690392379135E-002
  1 18 7 0.19837734145666194E-001
  1 18 8 0.45066175283443597E-002
  1 18 9 -0.10535736871920977E-001
  1 18 10 0.48772287248912997E-002
  1 18 11 -0.35993096735651925E-002
  1 18 12 0.51891916401228463E-002
  1 18 13 -0.11863338501312501
  1 18 14 0.51339999147846692E-002
  1 18 15 0.68466048079389615E-002
  1 18 16 -0.76147422868496975E-001
  1 18 17 0.24084376163720439E-002
