# of blocks mean (X_1)     std.err. (X_1)  std.err.err. (X_1)  
# from 50000 to 0
2049        -1.18856347682 1.31414948e-05  2.05335857e-07       
1024        -1.18856312891 1.70873614e-05  3.77765410e-07       
512         -1.18856312891 2.00664068e-05  6.27688489e-07       
256         -1.18856312891 2.10820440e-05  9.33528600e-07       
128         -1.18856312891 2.24000347e-05  1.40550318e-06       
64          -1.18856312891 2.26337006e-05  2.01637031e-06       
32          -1.18856312891 2.66083582e-05  3.37926487e-06       
16          -1.18856312891 2.51916137e-05  4.59933836e-06       
8           -1.18856312891 2.97376503e-05  7.94772134e-06       
4           -1.18856312891 3.66415626e-05  1.49588553e-05       
2           -1.18856312891 3.71123047e-05  2.62423623e-05       
