TERM-2
  1 -0.74338930425200545
  2 -0.74338930425200545
  3 -0.74338930425200545
  4 -0.74338930425200545
  5 -0.74338930425200545
  6 -0.74338930425200545
  7 -0.74338930425200545
  8 -0.74338930425200545
  9 -0.74338930425200545
  10 -0.74338930425200545
  11 -0.74338930425200545
  12 -0.74338930425200545
  13 -0.74338930425200545
  14 -0.74338930425200545
  15 -0.74338930425200545
  16 -0.74338930425200545
  17 -0.74338930425200545
  18 -0.74338930425200545
TERM-02
  1 2 -0.23567566665275624
  1 3 -0.84130513305490567E-001
  1 4 -0.90796366555055089E-001
  1 5 -0.84130513305490567E-001
  1 6 -0.23567566665275624
  1 7 -0.23567566665275624
  1 8 -0.17228037390481336E-001
  1 9 -0.12965645291375272
  1 10 -0.84130513305490567E-001
  1 11 -0.12965645291375272
  1 12 -0.17228037390481336E-001
  1 13 -0.84130513305490567E-001
  1 14 -0.12965645291375272
  1 15 -0.17228037390481336E-001
  1 16 -0.23567566665275624
  1 17 -0.17228037390481336E-001
  1 18 -0.12965645291375272
  2 1 -0.23567566665275624
  2 3 -0.23567566665275624
  2 4 -0.84130513305490567E-001
  2 5 -0.90796366555055089E-001
  2 6 -0.84130513305490567E-001
  2 7 -0.17228037390481336E-001
  2 8 -0.23567566665275624
  2 9 -0.17228037390481336E-001
  2 10 -0.12965645291375272
  2 11 -0.84130513305490567E-001
  2 12 -0.12965645291375272
  2 13 -0.12965645291375272
  2 14 -0.84130513305490567E-001
  2 15 -0.12965645291375272
  2 16 -0.17228037390481336E-001
  2 17 -0.23567566665275624
  2 18 -0.17228037390481336E-001
  3 1 -0.84130513305490567E-001
  3 2 -0.23567566665275624
  3 4 -0.23567566665275624
  3 5 -0.84130513305490567E-001
  3 6 -0.90796366555055089E-001
  3 7 -0.12965645291375272
  3 8 -0.17228037390481336E-001
  3 9 -0.23567566665275624
  3 10 -0.17228037390481336E-001
  3 11 -0.12965645291375272
  3 12 -0.84130513305490567E-001
  3 13 -0.17228037390481336E-001
  3 14 -0.12965645291375272
  3 15 -0.84130513305490567E-001
  3 16 -0.12965645291375272
  3 17 -0.17228037390481336E-001
  3 18 -0.23567566665275624
  4 1 -0.90796366555055089E-001
  4 2 -0.84130513305490567E-001
  4 3 -0.23567566665275624
  4 5 -0.23567566665275624
  4 6 -0.84130513305490567E-001
  4 7 -0.84130513305490567E-001
  4 8 -0.12965645291375272
  4 9 -0.17228037390481336E-001
  4 10 -0.23567566665275624
  4 11 -0.17228037390481336E-001
  4 12 -0.12965645291375272
  4 13 -0.23567566665275624
  4 14 -0.17228037390481336E-001
  4 15 -0.12965645291375272
  4 16 -0.84130513305490567E-001
  4 17 -0.12965645291375272
  4 18 -0.17228037390481336E-001
  5 1 -0.84130513305490567E-001
  5 2 -0.90796366555055089E-001
  5 3 -0.84130513305490567E-001
  5 4 -0.23567566665275624
  5 6 -0.23567566665275624
  5 7 -0.12965645291375272
  5 8 -0.84130513305490567E-001
  5 9 -0.12965645291375272
  5 10 -0.17228037390481336E-001
  5 11 -0.23567566665275624
  5 12 -0.17228037390481336E-001
  5 13 -0.17228037390481336E-001
  5 14 -0.23567566665275624
  5 15 -0.17228037390481336E-001
  5 16 -0.12965645291375272
  5 17 -0.84130513305490567E-001
  5 18 -0.12965645291375272
  6 1 -0.23567566665275624
  6 2 -0.84130513305490567E-001
  6 3 -0.90796366555055089E-001
  6 4 -0.84130513305490567E-001
  6 5 -0.23567566665275624
  6 7 -0.17228037390481336E-001
  6 8 -0.12965645291375272
  6 9 -0.84130513305490567E-001
  6 10 -0.12965645291375272
  6 11 -0.17228037390481336E-001
  6 12 -0.23567566665275624
  6 13 -0.12965645291375272
  6 14 -0.17228037390481336E-001
  6 15 -0.23567566665275624
  6 16 -0.17228037390481336E-001
  6 17 -0.12965645291375272
  6 18 -0.84130513305490567E-001
  7 1 -0.23567566665275624
  7 2 -0.17228037390481336E-001
  7 3 -0.12965645291375272
  7 4 -0.84130513305490567E-001
  7 5 -0.12965645291375272
  7 6 -0.17228037390481336E-001
  7 8 -0.23567566665275624
  7 9 -0.84130513305490567E-001
  7 10 -0.90796366555055089E-001
  7 11 -0.84130513305490567E-001
  7 12 -0.23567566665275624
  7 13 -0.23567566665275624
  7 14 -0.17228037390481336E-001
  7 15 -0.12965645291375272
  7 16 -0.84130513305490567E-001
  7 17 -0.12965645291375272
  7 18 -0.17228037390481336E-001
  8 1 -0.17228037390481336E-001
  8 2 -0.23567566665275624
  8 3 -0.17228037390481336E-001
  8 4 -0.12965645291375272
  8 5 -0.84130513305490567E-001
  8 6 -0.12965645291375272
  8 7 -0.23567566665275624
  8 9 -0.23567566665275624
  8 10 -0.84130513305490567E-001
  8 11 -0.90796366555055089E-001
  8 12 -0.84130513305490567E-001
  8 13 -0.17228037390481336E-001
  8 14 -0.23567566665275624
  8 15 -0.17228037390481336E-001
  8 16 -0.12965645291375272
  8 17 -0.84130513305490567E-001
  8 18 -0.12965645291375272
  9 1 -0.12965645291375272
  9 2 -0.17228037390481336E-001
  9 3 -0.23567566665275624
  9 4 -0.17228037390481336E-001
  9 5 -0.12965645291375272
  9 6 -0.84130513305490567E-001
  9 7 -0.84130513305490567E-001
  9 8 -0.23567566665275624
  9 10 -0.23567566665275624
  9 11 -0.84130513305490567E-001
  9 12 -0.90796366555055089E-001
  9 13 -0.12965645291375272
  9 14 -0.17228037390481336E-001
  9 15 -0.23567566665275624
  9 16 -0.17228037390481336E-001
  9 17 -0.12965645291375272
  9 18 -0.84130513305490567E-001
  10 1 -0.84130513305490567E-001
  10 2 -0.12965645291375272
  10 3 -0.17228037390481336E-001
  10 4 -0.23567566665275624
  10 5 -0.17228037390481336E-001
  10 6 -0.12965645291375272
  10 7 -0.90796366555055089E-001
  10 8 -0.84130513305490567E-001
  10 9 -0.23567566665275624
  10 11 -0.23567566665275624
  10 12 -0.84130513305490567E-001
  10 13 -0.84130513305490567E-001
  10 14 -0.12965645291375272
  10 15 -0.17228037390481336E-001
  10 16 -0.23567566665275624
  10 17 -0.17228037390481336E-001
  10 18 -0.12965645291375272
  11 1 -0.12965645291375272
  11 2 -0.84130513305490567E-001
  11 3 -0.12965645291375272
  11 4 -0.17228037390481336E-001
  11 5 -0.23567566665275624
  11 6 -0.17228037390481336E-001
  11 7 -0.84130513305490567E-001
  11 8 -0.90796366555055089E-001
  11 9 -0.84130513305490567E-001
  11 10 -0.23567566665275624
  11 12 -0.23567566665275624
  11 13 -0.12965645291375272
  11 14 -0.84130513305490567E-001
  11 15 -0.12965645291375272
  11 16 -0.17228037390481336E-001
  11 17 -0.23567566665275624
  11 18 -0.17228037390481336E-001
  12 1 -0.17228037390481336E-001
  12 2 -0.12965645291375272
  12 3 -0.84130513305490567E-001
  12 4 -0.12965645291375272
  12 5 -0.17228037390481336E-001
  12 6 -0.23567566665275624
  12 7 -0.23567566665275624
  12 8 -0.84130513305490567E-001
  12 9 -0.90796366555055089E-001
  12 10 -0.84130513305490567E-001
  12 11 -0.23567566665275624
  12 13 -0.17228037390481336E-001
  12 14 -0.12965645291375272
  12 15 -0.84130513305490567E-001
  12 16 -0.12965645291375272
  12 17 -0.17228037390481336E-001
  12 18 -0.23567566665275624
  13 1 -0.84130513305490567E-001
  13 2 -0.12965645291375272
  13 3 -0.17228037390481336E-001
  13 4 -0.23567566665275624
  13 5 -0.17228037390481336E-001
  13 6 -0.12965645291375272
  13 7 -0.23567566665275624
  13 8 -0.17228037390481336E-001
  13 9 -0.12965645291375272
  13 10 -0.84130513305490567E-001
  13 11 -0.12965645291375272
  13 12 -0.17228037390481336E-001
  13 14 -0.23567566665275624
  13 15 -0.84130513305490567E-001
  13 16 -0.90796366555055089E-001
  13 17 -0.84130513305490567E-001
  13 18 -0.23567566665275624
  14 1 -0.12965645291375272
  14 2 -0.84130513305490567E-001
  14 3 -0.12965645291375272
  14 4 -0.17228037390481336E-001
  14 5 -0.23567566665275624
  14 6 -0.17228037390481336E-001
  14 7 -0.17228037390481336E-001
  14 8 -0.23567566665275624
  14 9 -0.17228037390481336E-001
  14 10 -0.12965645291375272
  14 11 -0.84130513305490567E-001
  14 12 -0.12965645291375272
  14 13 -0.23567566665275624
  14 15 -0.23567566665275624
  14 16 -0.84130513305490567E-001
  14 17 -0.90796366555055089E-001
  14 18 -0.84130513305490567E-001
  15 1 -0.17228037390481336E-001
  15 2 -0.12965645291375272
  15 3 -0.84130513305490567E-001
  15 4 -0.12965645291375272
  15 5 -0.17228037390481336E-001
  15 6 -0.23567566665275624
  15 7 -0.12965645291375272
  15 8 -0.17228037390481336E-001
  15 9 -0.23567566665275624
  15 10 -0.17228037390481336E-001
  15 11 -0.12965645291375272
  15 12 -0.84130513305490567E-001
  15 13 -0.84130513305490567E-001
  15 14 -0.23567566665275624
  15 16 -0.23567566665275624
  15 17 -0.84130513305490567E-001
  15 18 -0.90796366555055089E-001
  16 1 -0.23567566665275624
  16 2 -0.17228037390481336E-001
  16 3 -0.12965645291375272
  16 4 -0.84130513305490567E-001
  16 5 -0.12965645291375272
  16 6 -0.17228037390481336E-001
  16 7 -0.84130513305490567E-001
  16 8 -0.12965645291375272
  16 9 -0.17228037390481336E-001
  16 10 -0.23567566665275624
  16 11 -0.17228037390481336E-001
  16 12 -0.12965645291375272
  16 13 -0.90796366555055089E-001
  16 14 -0.84130513305490567E-001
  16 15 -0.23567566665275624
  16 17 -0.23567566665275624
  16 18 -0.84130513305490567E-001
  17 1 -0.17228037390481336E-001
  17 2 -0.23567566665275624
  17 3 -0.17228037390481336E-001
  17 4 -0.12965645291375272
  17 5 -0.84130513305490567E-001
  17 6 -0.12965645291375272
  17 7 -0.12965645291375272
  17 8 -0.84130513305490567E-001
  17 9 -0.12965645291375272
  17 10 -0.17228037390481336E-001
  17 11 -0.23567566665275624
  17 12 -0.17228037390481336E-001
  17 13 -0.84130513305490567E-001
  17 14 -0.90796366555055089E-001
  17 15 -0.84130513305490567E-001
  17 16 -0.23567566665275624
  17 18 -0.23567566665275624
  18 1 -0.12965645291375272
  18 2 -0.17228037390481336E-001
  18 3 -0.23567566665275624
  18 4 -0.17228037390481336E-001
  18 5 -0.12965645291375272
  18 6 -0.84130513305490567E-001
  18 7 -0.17228037390481336E-001
  18 8 -0.12965645291375272
  18 9 -0.84130513305490567E-001
  18 10 -0.12965645291375272
  18 11 -0.17228037390481336E-001
  18 12 -0.23567566665275624
  18 13 -0.23567566665275624
  18 14 -0.84130513305490567E-001
  18 15 -0.90796366555055089E-001
  18 16 -0.84130513305490567E-001
  18 17 -0.23567566665275624
TERM-uu
  1 2 -0.23598165438854235E-001
  1 3 0.10007195008196716
  1 5 0.10007195008196716
  1 6 -0.23598165438854235E-001
  1 7 -0.23598165438854235E-001
  1 8 0.87800605882323843E-001
  1 9 0.48794165676786551E-001
  1 10 0.10007195008196716
  1 11 0.48794165676786551E-001
  1 12 0.87800605882323843E-001
  1 13 0.10007195008196716
  1 14 0.48794165676786551E-001
  1 15 0.87800605882323843E-001
  1 16 -0.23598165438854235E-001
  1 17 0.87800605882323843E-001
  1 18 0.48794165676786551E-001
  2 1 -0.23598165438854235E-001
  2 3 -0.23598165438854235E-001
  2 4 0.10007195008196716
  2 6 0.10007195008196716
  2 7 0.87800605882323843E-001
  2 8 -0.23598165438854235E-001
  2 9 0.87800605882323843E-001
  2 10 0.48794165676786551E-001
  2 11 0.10007195008196716
  2 12 0.48794165676786551E-001
  2 13 0.48794165676786551E-001
  2 14 0.10007195008196716
  2 15 0.48794165676786551E-001
  2 16 0.87800605882323843E-001
  2 17 -0.23598165438854235E-001
  2 18 0.87800605882323843E-001
  3 1 0.10007195008196716
  3 2 -0.23598165438854235E-001
  3 4 -0.23598165438854235E-001
  3 5 0.10007195008196716
  3 7 0.48794165676786551E-001
  3 8 0.87800605882323843E-001
  3 9 -0.23598165438854235E-001
  3 10 0.87800605882323843E-001
  3 11 0.48794165676786551E-001
  3 12 0.10007195008196716
  3 13 0.87800605882323843E-001
  3 14 0.48794165676786551E-001
  3 15 0.10007195008196716
  3 16 0.48794165676786551E-001
  3 17 0.87800605882323843E-001
  3 18 -0.23598165438854235E-001
  4 2 0.10007195008196716
  4 3 -0.23598165438854235E-001
  4 5 -0.23598165438854235E-001
  4 6 0.10007195008196716
  4 7 0.10007195008196716
  4 8 0.48794165676786551E-001
  4 9 0.87800605882323843E-001
  4 10 -0.23598165438854235E-001
  4 11 0.87800605882323843E-001
  4 12 0.48794165676786551E-001
  4 13 -0.23598165438854235E-001
  4 14 0.87800605882323843E-001
  4 15 0.48794165676786551E-001
  4 16 0.10007195008196716
  4 17 0.48794165676786551E-001
  4 18 0.87800605882323843E-001
  5 1 0.10007195008196716
  5 3 0.10007195008196716
  5 4 -0.23598165438854235E-001
  5 6 -0.23598165438854235E-001
  5 7 0.48794165676786551E-001
  5 8 0.10007195008196716
  5 9 0.48794165676786551E-001
  5 10 0.87800605882323843E-001
  5 11 -0.23598165438854235E-001
  5 12 0.87800605882323843E-001
  5 13 0.87800605882323843E-001
  5 14 -0.23598165438854235E-001
  5 15 0.87800605882323843E-001
  5 16 0.48794165676786551E-001
  5 17 0.10007195008196716
  5 18 0.48794165676786551E-001
  6 1 -0.23598165438854235E-001
  6 2 0.10007195008196716
  6 4 0.10007195008196716
  6 5 -0.23598165438854235E-001
  6 7 0.87800605882323843E-001
  6 8 0.48794165676786551E-001
  6 9 0.10007195008196716
  6 10 0.48794165676786551E-001
  6 11 0.87800605882323843E-001
  6 12 -0.23598165438854235E-001
  6 13 0.48794165676786551E-001
  6 14 0.87800605882323843E-001
  6 15 -0.23598165438854235E-001
  6 16 0.87800605882323843E-001
  6 17 0.48794165676786551E-001
  6 18 0.10007195008196716
  7 1 -0.23598165438854235E-001
  7 2 0.87800605882323843E-001
  7 3 0.48794165676786551E-001
  7 4 0.10007195008196716
  7 5 0.48794165676786551E-001
  7 6 0.87800605882323843E-001
  7 8 -0.23598165438854235E-001
  7 9 0.10007195008196716
  7 11 0.10007195008196716
  7 12 -0.23598165438854235E-001
  7 13 -0.23598165438854235E-001
  7 14 0.87800605882323843E-001
  7 15 0.48794165676786551E-001
  7 16 0.10007195008196716
  7 17 0.48794165676786551E-001
  7 18 0.87800605882323843E-001
  8 1 0.87800605882323843E-001
  8 2 -0.23598165438854235E-001
  8 3 0.87800605882323843E-001
  8 4 0.48794165676786551E-001
  8 5 0.10007195008196716
  8 6 0.48794165676786551E-001
  8 7 -0.23598165438854235E-001
  8 9 -0.23598165438854235E-001
  8 10 0.10007195008196716
  8 12 0.10007195008196716
  8 13 0.87800605882323843E-001
  8 14 -0.23598165438854235E-001
  8 15 0.87800605882323843E-001
  8 16 0.48794165676786551E-001
  8 17 0.10007195008196716
  8 18 0.48794165676786551E-001
  9 1 0.48794165676786551E-001
  9 2 0.87800605882323843E-001
  9 3 -0.23598165438854235E-001
  9 4 0.87800605882323843E-001
  9 5 0.48794165676786551E-001
  9 6 0.10007195008196716
  9 7 0.10007195008196716
  9 8 -0.23598165438854235E-001
  9 10 -0.23598165438854235E-001
  9 11 0.10007195008196716
  9 13 0.48794165676786551E-001
  9 14 0.87800605882323843E-001
  9 15 -0.23598165438854235E-001
  9 16 0.87800605882323843E-001
  9 17 0.48794165676786551E-001
  9 18 0.10007195008196716
  10 1 0.10007195008196716
  10 2 0.48794165676786551E-001
  10 3 0.87800605882323843E-001
  10 4 -0.23598165438854235E-001
  10 5 0.87800605882323843E-001
  10 6 0.48794165676786551E-001
  10 8 0.10007195008196716
  10 9 -0.23598165438854235E-001
  10 11 -0.23598165438854235E-001
  10 12 0.10007195008196716
  10 13 0.10007195008196716
  10 14 0.48794165676786551E-001
  10 15 0.87800605882323843E-001
  10 16 -0.23598165438854235E-001
  10 17 0.87800605882323843E-001
  10 18 0.48794165676786551E-001
  11 1 0.48794165676786551E-001
  11 2 0.10007195008196716
  11 3 0.48794165676786551E-001
  11 4 0.87800605882323843E-001
  11 5 -0.23598165438854235E-001
  11 6 0.87800605882323843E-001
  11 7 0.10007195008196716
  11 9 0.10007195008196716
  11 10 -0.23598165438854235E-001
  11 12 -0.23598165438854235E-001
  11 13 0.48794165676786551E-001
  11 14 0.10007195008196716
  11 15 0.48794165676786551E-001
  11 16 0.87800605882323843E-001
  11 17 -0.23598165438854235E-001
  11 18 0.87800605882323843E-001
  12 1 0.87800605882323843E-001
  12 2 0.48794165676786551E-001
  12 3 0.10007195008196716
  12 4 0.48794165676786551E-001
  12 5 0.87800605882323843E-001
  12 6 -0.23598165438854235E-001
  12 7 -0.23598165438854235E-001
  12 8 0.10007195008196716
  12 10 0.10007195008196716
  12 11 -0.23598165438854235E-001
  12 13 0.87800605882323843E-001
  12 14 0.48794165676786551E-001
  12 15 0.10007195008196716
  12 16 0.48794165676786551E-001
  12 17 0.87800605882323843E-001
  12 18 -0.23598165438854235E-001
  13 1 0.10007195008196716
  13 2 0.48794165676786551E-001
  13 3 0.87800605882323843E-001
  13 4 -0.23598165438854235E-001
  13 5 0.87800605882323843E-001
  13 6 0.48794165676786551E-001
  13 7 -0.23598165438854235E-001
  13 8 0.87800605882323843E-001
  13 9 0.48794165676786551E-001
  13 10 0.10007195008196716
  13 11 0.48794165676786551E-001
  13 12 0.87800605882323843E-001
  13 14 -0.23598165438854235E-001
  13 15 0.10007195008196716
  13 17 0.10007195008196716
  13 18 -0.23598165438854235E-001
  14 1 0.48794165676786551E-001
  14 2 0.10007195008196716
  14 3 0.48794165676786551E-001
  14 4 0.87800605882323843E-001
  14 5 -0.23598165438854235E-001
  14 6 0.87800605882323843E-001
  14 7 0.87800605882323843E-001
  14 8 -0.23598165438854235E-001
  14 9 0.87800605882323843E-001
  14 10 0.48794165676786551E-001
  14 11 0.10007195008196716
  14 12 0.48794165676786551E-001
  14 13 -0.23598165438854235E-001
  14 15 -0.23598165438854235E-001
  14 16 0.10007195008196716
  14 18 0.10007195008196716
  15 1 0.87800605882323843E-001
  15 2 0.48794165676786551E-001
  15 3 0.10007195008196716
  15 4 0.48794165676786551E-001
  15 5 0.87800605882323843E-001
  15 6 -0.23598165438854235E-001
  15 7 0.48794165676786551E-001
  15 8 0.87800605882323843E-001
  15 9 -0.23598165438854235E-001
  15 10 0.87800605882323843E-001
  15 11 0.48794165676786551E-001
  15 12 0.10007195008196716
  15 13 0.10007195008196716
  15 14 -0.23598165438854235E-001
  15 16 -0.23598165438854235E-001
  15 17 0.10007195008196716
  16 1 -0.23598165438854235E-001
  16 2 0.87800605882323843E-001
  16 3 0.48794165676786551E-001
  16 4 0.10007195008196716
  16 5 0.48794165676786551E-001
  16 6 0.87800605882323843E-001
  16 7 0.10007195008196716
  16 8 0.48794165676786551E-001
  16 9 0.87800605882323843E-001
  16 10 -0.23598165438854235E-001
  16 11 0.87800605882323843E-001
  16 12 0.48794165676786551E-001
  16 14 0.10007195008196716
  16 15 -0.23598165438854235E-001
  16 17 -0.23598165438854235E-001
  16 18 0.10007195008196716
  17 1 0.87800605882323843E-001
  17 2 -0.23598165438854235E-001
  17 3 0.87800605882323843E-001
  17 4 0.48794165676786551E-001
  17 5 0.10007195008196716
  17 6 0.48794165676786551E-001
  17 7 0.48794165676786551E-001
  17 8 0.10007195008196716
  17 9 0.48794165676786551E-001
  17 10 0.87800605882323843E-001
  17 11 -0.23598165438854235E-001
  17 12 0.87800605882323843E-001
  17 13 0.10007195008196716
  17 15 0.10007195008196716
  17 16 -0.23598165438854235E-001
  17 18 -0.23598165438854235E-001
  18 1 0.48794165676786551E-001
  18 2 0.87800605882323843E-001
  18 3 -0.23598165438854235E-001
  18 4 0.87800605882323843E-001
  18 5 0.48794165676786551E-001
  18 6 0.10007195008196716
  18 7 0.87800605882323843E-001
  18 8 0.48794165676786551E-001
  18 9 0.10007195008196716
  18 10 0.48794165676786551E-001
  18 11 0.87800605882323843E-001
  18 12 -0.23598165438854235E-001
  18 13 -0.23598165438854235E-001
  18 14 0.10007195008196716
  18 16 0.10007195008196716
  18 17 -0.23598165438854235E-001
TERM-ud
  1 2 -0.40570410788752405E-001
  1 3 0.68504335395134383E-001
  1 5 0.68504335395134383E-001
  1 6 -0.40570410788752405E-001
  1 7 -0.40570410788752405E-001
  1 8 0.49465479690397864E-001
  1 9 0.29359983716888381E-001
  1 10 0.68504335395134383E-001
  1 11 0.29359983716888381E-001
  1 12 0.49465479690397864E-001
  1 13 0.68504335395134383E-001
  1 14 0.29359983716888381E-001
  1 15 0.49465479690397864E-001
  1 16 -0.40570410788752405E-001
  1 17 0.49465479690397864E-001
  1 18 0.29359983716888381E-001
  2 1 -0.40570410788752405E-001
  2 3 -0.40570410788752405E-001
  2 4 0.68504335395134383E-001
  2 6 0.68504335395134383E-001
  2 7 0.49465479690397864E-001
  2 8 -0.40570410788752405E-001
  2 9 0.49465479690397864E-001
  2 10 0.29359983716888381E-001
  2 11 0.68504335395134383E-001
  2 12 0.29359983716888381E-001
  2 13 0.29359983716888381E-001
  2 14 0.68504335395134383E-001
  2 15 0.29359983716888381E-001
  2 16 0.49465479690397864E-001
  2 17 -0.40570410788752405E-001
  2 18 0.49465479690397864E-001
  3 1 0.68504335395134383E-001
  3 2 -0.40570410788752405E-001
  3 4 -0.40570410788752405E-001
  3 5 0.68504335395134383E-001
  3 7 0.29359983716888381E-001
  3 8 0.49465479690397864E-001
  3 9 -0.40570410788752405E-001
  3 10 0.49465479690397864E-001
  3 11 0.29359983716888381E-001
  3 12 0.68504335395134383E-001
  3 13 0.49465479690397864E-001
  3 14 0.29359983716888381E-001
  3 15 0.68504335395134383E-001
  3 16 0.29359983716888381E-001
  3 17 0.49465479690397864E-001
  3 18 -0.40570410788752405E-001
  4 2 0.68504335395134383E-001
  4 3 -0.40570410788752405E-001
  4 5 -0.40570410788752405E-001
  4 6 0.68504335395134383E-001
  4 7 0.68504335395134383E-001
  4 8 0.29359983716888381E-001
  4 9 0.49465479690397864E-001
  4 10 -0.40570410788752405E-001
  4 11 0.49465479690397864E-001
  4 12 0.29359983716888381E-001
  4 13 -0.40570410788752405E-001
  4 14 0.49465479690397864E-001
  4 15 0.29359983716888381E-001
  4 16 0.68504335395134383E-001
  4 17 0.29359983716888381E-001
  4 18 0.49465479690397864E-001
  5 1 0.68504335395134383E-001
  5 3 0.68504335395134383E-001
  5 4 -0.40570410788752405E-001
  5 6 -0.40570410788752405E-001
  5 7 0.29359983716888381E-001
  5 8 0.68504335395134383E-001
  5 9 0.29359983716888381E-001
  5 10 0.49465479690397864E-001
  5 11 -0.40570410788752405E-001
  5 12 0.49465479690397864E-001
  5 13 0.49465479690397864E-001
  5 14 -0.40570410788752405E-001
  5 15 0.49465479690397864E-001
  5 16 0.29359983716888381E-001
  5 17 0.68504335395134383E-001
  5 18 0.29359983716888381E-001
  6 1 -0.40570410788752405E-001
  6 2 0.68504335395134383E-001
  6 4 0.68504335395134383E-001
  6 5 -0.40570410788752405E-001
  6 7 0.49465479690397864E-001
  6 8 0.29359983716888381E-001
  6 9 0.68504335395134383E-001
  6 10 0.29359983716888381E-001
  6 11 0.49465479690397864E-001
  6 12 -0.40570410788752405E-001
  6 13 0.29359983716888381E-001
  6 14 0.49465479690397864E-001
  6 15 -0.40570410788752405E-001
  6 16 0.49465479690397864E-001
  6 17 0.29359983716888381E-001
  6 18 0.68504335395134383E-001
  7 1 -0.40570410788752405E-001
  7 2 0.49465479690397864E-001
  7 3 0.29359983716888381E-001
  7 4 0.68504335395134383E-001
  7 5 0.29359983716888381E-001
  7 6 0.49465479690397864E-001
  7 8 -0.40570410788752405E-001
  7 9 0.68504335395134383E-001
  7 11 0.68504335395134383E-001
  7 12 -0.40570410788752405E-001
  7 13 -0.40570410788752405E-001
  7 14 0.49465479690397864E-001
  7 15 0.29359983716888381E-001
  7 16 0.68504335395134383E-001
  7 17 0.29359983716888381E-001
  7 18 0.49465479690397864E-001
  8 1 0.49465479690397864E-001
  8 2 -0.40570410788752405E-001
  8 3 0.49465479690397864E-001
  8 4 0.29359983716888381E-001
  8 5 0.68504335395134383E-001
  8 6 0.29359983716888381E-001
  8 7 -0.40570410788752405E-001
  8 9 -0.40570410788752405E-001
  8 10 0.68504335395134383E-001
  8 12 0.68504335395134383E-001
  8 13 0.49465479690397864E-001
  8 14 -0.40570410788752405E-001
  8 15 0.49465479690397864E-001
  8 16 0.29359983716888381E-001
  8 17 0.68504335395134383E-001
  8 18 0.29359983716888381E-001
  9 1 0.29359983716888381E-001
  9 2 0.49465479690397864E-001
  9 3 -0.40570410788752405E-001
  9 4 0.49465479690397864E-001
  9 5 0.29359983716888381E-001
  9 6 0.68504335395134383E-001
  9 7 0.68504335395134383E-001
  9 8 -0.40570410788752405E-001
  9 10 -0.40570410788752405E-001
  9 11 0.68504335395134383E-001
  9 13 0.29359983716888381E-001
  9 14 0.49465479690397864E-001
  9 15 -0.40570410788752405E-001
  9 16 0.49465479690397864E-001
  9 17 0.29359983716888381E-001
  9 18 0.68504335395134383E-001
  10 1 0.68504335395134383E-001
  10 2 0.29359983716888381E-001
  10 3 0.49465479690397864E-001
  10 4 -0.40570410788752405E-001
  10 5 0.49465479690397864E-001
  10 6 0.29359983716888381E-001
  10 8 0.68504335395134383E-001
  10 9 -0.40570410788752405E-001
  10 11 -0.40570410788752405E-001
  10 12 0.68504335395134383E-001
  10 13 0.68504335395134383E-001
  10 14 0.29359983716888381E-001
  10 15 0.49465479690397864E-001
  10 16 -0.40570410788752405E-001
  10 17 0.49465479690397864E-001
  10 18 0.29359983716888381E-001
  11 1 0.29359983716888381E-001
  11 2 0.68504335395134383E-001
  11 3 0.29359983716888381E-001
  11 4 0.49465479690397864E-001
  11 5 -0.40570410788752405E-001
  11 6 0.49465479690397864E-001
  11 7 0.68504335395134383E-001
  11 9 0.68504335395134383E-001
  11 10 -0.40570410788752405E-001
  11 12 -0.40570410788752405E-001
  11 13 0.29359983716888381E-001
  11 14 0.68504335395134383E-001
  11 15 0.29359983716888381E-001
  11 16 0.49465479690397864E-001
  11 17 -0.40570410788752405E-001
  11 18 0.49465479690397864E-001
  12 1 0.49465479690397864E-001
  12 2 0.29359983716888381E-001
  12 3 0.68504335395134383E-001
  12 4 0.29359983716888381E-001
  12 5 0.49465479690397864E-001
  12 6 -0.40570410788752405E-001
  12 7 -0.40570410788752405E-001
  12 8 0.68504335395134383E-001
  12 10 0.68504335395134383E-001
  12 11 -0.40570410788752405E-001
  12 13 0.49465479690397864E-001
  12 14 0.29359983716888381E-001
  12 15 0.68504335395134383E-001
  12 16 0.29359983716888381E-001
  12 17 0.49465479690397864E-001
  12 18 -0.40570410788752405E-001
  13 1 0.68504335395134383E-001
  13 2 0.29359983716888381E-001
  13 3 0.49465479690397864E-001
  13 4 -0.40570410788752405E-001
  13 5 0.49465479690397864E-001
  13 6 0.29359983716888381E-001
  13 7 -0.40570410788752405E-001
  13 8 0.49465479690397864E-001
  13 9 0.29359983716888381E-001
  13 10 0.68504335395134383E-001
  13 11 0.29359983716888381E-001
  13 12 0.49465479690397864E-001
  13 14 -0.40570410788752405E-001
  13 15 0.68504335395134383E-001
  13 17 0.68504335395134383E-001
  13 18 -0.40570410788752405E-001
  14 1 0.29359983716888381E-001
  14 2 0.68504335395134383E-001
  14 3 0.29359983716888381E-001
  14 4 0.49465479690397864E-001
  14 5 -0.40570410788752405E-001
  14 6 0.49465479690397864E-001
  14 7 0.49465479690397864E-001
  14 8 -0.40570410788752405E-001
  14 9 0.49465479690397864E-001
  14 10 0.29359983716888381E-001
  14 11 0.68504335395134383E-001
  14 12 0.29359983716888381E-001
  14 13 -0.40570410788752405E-001
  14 15 -0.40570410788752405E-001
  14 16 0.68504335395134383E-001
  14 18 0.68504335395134383E-001
  15 1 0.49465479690397864E-001
  15 2 0.29359983716888381E-001
  15 3 0.68504335395134383E-001
  15 4 0.29359983716888381E-001
  15 5 0.49465479690397864E-001
  15 6 -0.40570410788752405E-001
  15 7 0.29359983716888381E-001
  15 8 0.49465479690397864E-001
  15 9 -0.40570410788752405E-001
  15 10 0.49465479690397864E-001
  15 11 0.29359983716888381E-001
  15 12 0.68504335395134383E-001
  15 13 0.68504335395134383E-001
  15 14 -0.40570410788752405E-001
  15 16 -0.40570410788752405E-001
  15 17 0.68504335395134383E-001
  16 1 -0.40570410788752405E-001
  16 2 0.49465479690397864E-001
  16 3 0.29359983716888381E-001
  16 4 0.68504335395134383E-001
  16 5 0.29359983716888381E-001
  16 6 0.49465479690397864E-001
  16 7 0.68504335395134383E-001
  16 8 0.29359983716888381E-001
  16 9 0.49465479690397864E-001
  16 10 -0.40570410788752405E-001
  16 11 0.49465479690397864E-001
  16 12 0.29359983716888381E-001
  16 14 0.68504335395134383E-001
  16 15 -0.40570410788752405E-001
  16 17 -0.40570410788752405E-001
  16 18 0.68504335395134383E-001
  17 1 0.49465479690397864E-001
  17 2 -0.40570410788752405E-001
  17 3 0.49465479690397864E-001
  17 4 0.29359983716888381E-001
  17 5 0.68504335395134383E-001
  17 6 0.29359983716888381E-001
  17 7 0.29359983716888381E-001
  17 8 0.68504335395134383E-001
  17 9 0.29359983716888381E-001
  17 10 0.49465479690397864E-001
  17 11 -0.40570410788752405E-001
  17 12 0.49465479690397864E-001
  17 13 0.68504335395134383E-001
  17 15 0.68504335395134383E-001
  17 16 -0.40570410788752405E-001
  17 18 -0.40570410788752405E-001
  18 1 0.29359983716888381E-001
  18 2 0.49465479690397864E-001
  18 3 -0.40570410788752405E-001
  18 4 0.49465479690397864E-001
  18 5 0.29359983716888381E-001
  18 6 0.68504335395134383E-001
  18 7 0.49465479690397864E-001
  18 8 0.29359983716888381E-001
  18 9 0.68504335395134383E-001
  18 10 0.29359983716888381E-001
  18 11 0.49465479690397864E-001
  18 12 -0.40570410788752405E-001
  18 13 -0.40570410788752405E-001
  18 14 0.68504335395134383E-001
  18 16 0.68504335395134383E-001
  18 17 -0.40570410788752405E-001
TERM-du
  1 2 -0.40570410788752405E-001
  1 3 0.68504335395134383E-001
  1 5 0.68504335395134383E-001
  1 6 -0.40570410788752405E-001
  1 7 -0.40570410788752405E-001
  1 8 0.49465479690397864E-001
  1 9 0.29359983716888381E-001
  1 10 0.68504335395134383E-001
  1 11 0.29359983716888381E-001
  1 12 0.49465479690397864E-001
  1 13 0.68504335395134383E-001
  1 14 0.29359983716888381E-001
  1 15 0.49465479690397864E-001
  1 16 -0.40570410788752405E-001
  1 17 0.49465479690397864E-001
  1 18 0.29359983716888381E-001
  2 1 -0.40570410788752405E-001
  2 3 -0.40570410788752405E-001
  2 4 0.68504335395134383E-001
  2 6 0.68504335395134383E-001
  2 7 0.49465479690397864E-001
  2 8 -0.40570410788752405E-001
  2 9 0.49465479690397864E-001
  2 10 0.29359983716888381E-001
  2 11 0.68504335395134383E-001
  2 12 0.29359983716888381E-001
  2 13 0.29359983716888381E-001
  2 14 0.68504335395134383E-001
  2 15 0.29359983716888381E-001
  2 16 0.49465479690397864E-001
  2 17 -0.40570410788752405E-001
  2 18 0.49465479690397864E-001
  3 1 0.68504335395134383E-001
  3 2 -0.40570410788752405E-001
  3 4 -0.40570410788752405E-001
  3 5 0.68504335395134383E-001
  3 7 0.29359983716888381E-001
  3 8 0.49465479690397864E-001
  3 9 -0.40570410788752405E-001
  3 10 0.49465479690397864E-001
  3 11 0.29359983716888381E-001
  3 12 0.68504335395134383E-001
  3 13 0.49465479690397864E-001
  3 14 0.29359983716888381E-001
  3 15 0.68504335395134383E-001
  3 16 0.29359983716888381E-001
  3 17 0.49465479690397864E-001
  3 18 -0.40570410788752405E-001
  4 2 0.68504335395134383E-001
  4 3 -0.40570410788752405E-001
  4 5 -0.40570410788752405E-001
  4 6 0.68504335395134383E-001
  4 7 0.68504335395134383E-001
  4 8 0.29359983716888381E-001
  4 9 0.49465479690397864E-001
  4 10 -0.40570410788752405E-001
  4 11 0.49465479690397864E-001
  4 12 0.29359983716888381E-001
  4 13 -0.40570410788752405E-001
  4 14 0.49465479690397864E-001
  4 15 0.29359983716888381E-001
  4 16 0.68504335395134383E-001
  4 17 0.29359983716888381E-001
  4 18 0.49465479690397864E-001
  5 1 0.68504335395134383E-001
  5 3 0.68504335395134383E-001
  5 4 -0.40570410788752405E-001
  5 6 -0.40570410788752405E-001
  5 7 0.29359983716888381E-001
  5 8 0.68504335395134383E-001
  5 9 0.29359983716888381E-001
  5 10 0.49465479690397864E-001
  5 11 -0.40570410788752405E-001
  5 12 0.49465479690397864E-001
  5 13 0.49465479690397864E-001
  5 14 -0.40570410788752405E-001
  5 15 0.49465479690397864E-001
  5 16 0.29359983716888381E-001
  5 17 0.68504335395134383E-001
  5 18 0.29359983716888381E-001
  6 1 -0.40570410788752405E-001
  6 2 0.68504335395134383E-001
  6 4 0.68504335395134383E-001
  6 5 -0.40570410788752405E-001
  6 7 0.49465479690397864E-001
  6 8 0.29359983716888381E-001
  6 9 0.68504335395134383E-001
  6 10 0.29359983716888381E-001
  6 11 0.49465479690397864E-001
  6 12 -0.40570410788752405E-001
  6 13 0.29359983716888381E-001
  6 14 0.49465479690397864E-001
  6 15 -0.40570410788752405E-001
  6 16 0.49465479690397864E-001
  6 17 0.29359983716888381E-001
  6 18 0.68504335395134383E-001
  7 1 -0.40570410788752405E-001
  7 2 0.49465479690397864E-001
  7 3 0.29359983716888381E-001
  7 4 0.68504335395134383E-001
  7 5 0.29359983716888381E-001
  7 6 0.49465479690397864E-001
  7 8 -0.40570410788752405E-001
  7 9 0.68504335395134383E-001
  7 11 0.68504335395134383E-001
  7 12 -0.40570410788752405E-001
  7 13 -0.40570410788752405E-001
  7 14 0.49465479690397864E-001
  7 15 0.29359983716888381E-001
  7 16 0.68504335395134383E-001
  7 17 0.29359983716888381E-001
  7 18 0.49465479690397864E-001
  8 1 0.49465479690397864E-001
  8 2 -0.40570410788752405E-001
  8 3 0.49465479690397864E-001
  8 4 0.29359983716888381E-001
  8 5 0.68504335395134383E-001
  8 6 0.29359983716888381E-001
  8 7 -0.40570410788752405E-001
  8 9 -0.40570410788752405E-001
  8 10 0.68504335395134383E-001
  8 12 0.68504335395134383E-001
  8 13 0.49465479690397864E-001
  8 14 -0.40570410788752405E-001
  8 15 0.49465479690397864E-001
  8 16 0.29359983716888381E-001
  8 17 0.68504335395134383E-001
  8 18 0.29359983716888381E-001
  9 1 0.29359983716888381E-001
  9 2 0.49465479690397864E-001
  9 3 -0.40570410788752405E-001
  9 4 0.49465479690397864E-001
  9 5 0.29359983716888381E-001
  9 6 0.68504335395134383E-001
  9 7 0.68504335395134383E-001
  9 8 -0.40570410788752405E-001
  9 10 -0.40570410788752405E-001
  9 11 0.68504335395134383E-001
  9 13 0.29359983716888381E-001
  9 14 0.49465479690397864E-001
  9 15 -0.40570410788752405E-001
  9 16 0.49465479690397864E-001
  9 17 0.29359983716888381E-001
  9 18 0.68504335395134383E-001
  10 1 0.68504335395134383E-001
  10 2 0.29359983716888381E-001
  10 3 0.49465479690397864E-001
  10 4 -0.40570410788752405E-001
  10 5 0.49465479690397864E-001
  10 6 0.29359983716888381E-001
  10 8 0.68504335395134383E-001
  10 9 -0.40570410788752405E-001
  10 11 -0.40570410788752405E-001
  10 12 0.68504335395134383E-001
  10 13 0.68504335395134383E-001
  10 14 0.29359983716888381E-001
  10 15 0.49465479690397864E-001
  10 16 -0.40570410788752405E-001
  10 17 0.49465479690397864E-001
  10 18 0.29359983716888381E-001
  11 1 0.29359983716888381E-001
  11 2 0.68504335395134383E-001
  11 3 0.29359983716888381E-001
  11 4 0.49465479690397864E-001
  11 5 -0.40570410788752405E-001
  11 6 0.49465479690397864E-001
  11 7 0.68504335395134383E-001
  11 9 0.68504335395134383E-001
  11 10 -0.40570410788752405E-001
  11 12 -0.40570410788752405E-001
  11 13 0.29359983716888381E-001
  11 14 0.68504335395134383E-001
  11 15 0.29359983716888381E-001
  11 16 0.49465479690397864E-001
  11 17 -0.40570410788752405E-001
  11 18 0.49465479690397864E-001
  12 1 0.49465479690397864E-001
  12 2 0.29359983716888381E-001
  12 3 0.68504335395134383E-001
  12 4 0.29359983716888381E-001
  12 5 0.49465479690397864E-001
  12 6 -0.40570410788752405E-001
  12 7 -0.40570410788752405E-001
  12 8 0.68504335395134383E-001
  12 10 0.68504335395134383E-001
  12 11 -0.40570410788752405E-001
  12 13 0.49465479690397864E-001
  12 14 0.29359983716888381E-001
  12 15 0.68504335395134383E-001
  12 16 0.29359983716888381E-001
  12 17 0.49465479690397864E-001
  12 18 -0.40570410788752405E-001
  13 1 0.68504335395134383E-001
  13 2 0.29359983716888381E-001
  13 3 0.49465479690397864E-001
  13 4 -0.40570410788752405E-001
  13 5 0.49465479690397864E-001
  13 6 0.29359983716888381E-001
  13 7 -0.40570410788752405E-001
  13 8 0.49465479690397864E-001
  13 9 0.29359983716888381E-001
  13 10 0.68504335395134383E-001
  13 11 0.29359983716888381E-001
  13 12 0.49465479690397864E-001
  13 14 -0.40570410788752405E-001
  13 15 0.68504335395134383E-001
  13 17 0.68504335395134383E-001
  13 18 -0.40570410788752405E-001
  14 1 0.29359983716888381E-001
  14 2 0.68504335395134383E-001
  14 3 0.29359983716888381E-001
  14 4 0.49465479690397864E-001
  14 5 -0.40570410788752405E-001
  14 6 0.49465479690397864E-001
  14 7 0.49465479690397864E-001
  14 8 -0.40570410788752405E-001
  14 9 0.49465479690397864E-001
  14 10 0.29359983716888381E-001
  14 11 0.68504335395134383E-001
  14 12 0.29359983716888381E-001
  14 13 -0.40570410788752405E-001
  14 15 -0.40570410788752405E-001
  14 16 0.68504335395134383E-001
  14 18 0.68504335395134383E-001
  15 1 0.49465479690397864E-001
  15 2 0.29359983716888381E-001
  15 3 0.68504335395134383E-001
  15 4 0.29359983716888381E-001
  15 5 0.49465479690397864E-001
  15 6 -0.40570410788752405E-001
  15 7 0.29359983716888381E-001
  15 8 0.49465479690397864E-001
  15 9 -0.40570410788752405E-001
  15 10 0.49465479690397864E-001
  15 11 0.29359983716888381E-001
  15 12 0.68504335395134383E-001
  15 13 0.68504335395134383E-001
  15 14 -0.40570410788752405E-001
  15 16 -0.40570410788752405E-001
  15 17 0.68504335395134383E-001
  16 1 -0.40570410788752405E-001
  16 2 0.49465479690397864E-001
  16 3 0.29359983716888381E-001
  16 4 0.68504335395134383E-001
  16 5 0.29359983716888381E-001
  16 6 0.49465479690397864E-001
  16 7 0.68504335395134383E-001
  16 8 0.29359983716888381E-001
  16 9 0.49465479690397864E-001
  16 10 -0.40570410788752405E-001
  16 11 0.49465479690397864E-001
  16 12 0.29359983716888381E-001
  16 14 0.68504335395134383E-001
  16 15 -0.40570410788752405E-001
  16 17 -0.40570410788752405E-001
  16 18 0.68504335395134383E-001
  17 1 0.49465479690397864E-001
  17 2 -0.40570410788752405E-001
  17 3 0.49465479690397864E-001
  17 4 0.29359983716888381E-001
  17 5 0.68504335395134383E-001
  17 6 0.29359983716888381E-001
  17 7 0.29359983716888381E-001
  17 8 0.68504335395134383E-001
  17 9 0.29359983716888381E-001
  17 10 0.49465479690397864E-001
  17 11 -0.40570410788752405E-001
  17 12 0.49465479690397864E-001
  17 13 0.68504335395134383E-001
  17 15 0.68504335395134383E-001
  17 16 -0.40570410788752405E-001
  17 18 -0.40570410788752405E-001
  18 1 0.29359983716888381E-001
  18 2 0.49465479690397864E-001
  18 3 -0.40570410788752405E-001
  18 4 0.49465479690397864E-001
  18 5 0.29359983716888381E-001
  18 6 0.68504335395134383E-001
  18 7 0.49465479690397864E-001
  18 8 0.29359983716888381E-001
  18 9 0.68504335395134383E-001
  18 10 0.29359983716888381E-001
  18 11 0.49465479690397864E-001
  18 12 -0.40570410788752405E-001
  18 13 -0.40570410788752405E-001
  18 14 0.68504335395134383E-001
  18 16 0.68504335395134383E-001
  18 17 -0.40570410788752405E-001
TERM-dd
  1 2 -0.23598165438854235E-001
  1 3 0.10007195008196716
  1 5 0.10007195008196716
  1 6 -0.23598165438854235E-001
  1 7 -0.23598165438854235E-001
  1 8 0.87800605882323843E-001
  1 9 0.48794165676786551E-001
  1 10 0.10007195008196716
  1 11 0.48794165676786551E-001
  1 12 0.87800605882323843E-001
  1 13 0.10007195008196716
  1 14 0.48794165676786551E-001
  1 15 0.87800605882323843E-001
  1 16 -0.23598165438854235E-001
  1 17 0.87800605882323843E-001
  1 18 0.48794165676786551E-001
  2 1 -0.23598165438854235E-001
  2 3 -0.23598165438854235E-001
  2 4 0.10007195008196716
  2 6 0.10007195008196716
  2 7 0.87800605882323843E-001
  2 8 -0.23598165438854235E-001
  2 9 0.87800605882323843E-001
  2 10 0.48794165676786551E-001
  2 11 0.10007195008196716
  2 12 0.48794165676786551E-001
  2 13 0.48794165676786551E-001
  2 14 0.10007195008196716
  2 15 0.48794165676786551E-001
  2 16 0.87800605882323843E-001
  2 17 -0.23598165438854235E-001
  2 18 0.87800605882323843E-001
  3 1 0.10007195008196716
  3 2 -0.23598165438854235E-001
  3 4 -0.23598165438854235E-001
  3 5 0.10007195008196716
  3 7 0.48794165676786551E-001
  3 8 0.87800605882323843E-001
  3 9 -0.23598165438854235E-001
  3 10 0.87800605882323843E-001
  3 11 0.48794165676786551E-001
  3 12 0.10007195008196716
  3 13 0.87800605882323843E-001
  3 14 0.48794165676786551E-001
  3 15 0.10007195008196716
  3 16 0.48794165676786551E-001
  3 17 0.87800605882323843E-001
  3 18 -0.23598165438854235E-001
  4 2 0.10007195008196716
  4 3 -0.23598165438854235E-001
  4 5 -0.23598165438854235E-001
  4 6 0.10007195008196716
  4 7 0.10007195008196716
  4 8 0.48794165676786551E-001
  4 9 0.87800605882323843E-001
  4 10 -0.23598165438854235E-001
  4 11 0.87800605882323843E-001
  4 12 0.48794165676786551E-001
  4 13 -0.23598165438854235E-001
  4 14 0.87800605882323843E-001
  4 15 0.48794165676786551E-001
  4 16 0.10007195008196716
  4 17 0.48794165676786551E-001
  4 18 0.87800605882323843E-001
  5 1 0.10007195008196716
  5 3 0.10007195008196716
  5 4 -0.23598165438854235E-001
  5 6 -0.23598165438854235E-001
  5 7 0.48794165676786551E-001
  5 8 0.10007195008196716
  5 9 0.48794165676786551E-001
  5 10 0.87800605882323843E-001
  5 11 -0.23598165438854235E-001
  5 12 0.87800605882323843E-001
  5 13 0.87800605882323843E-001
  5 14 -0.23598165438854235E-001
  5 15 0.87800605882323843E-001
  5 16 0.48794165676786551E-001
  5 17 0.10007195008196716
  5 18 0.48794165676786551E-001
  6 1 -0.23598165438854235E-001
  6 2 0.10007195008196716
  6 4 0.10007195008196716
  6 5 -0.23598165438854235E-001
  6 7 0.87800605882323843E-001
  6 8 0.48794165676786551E-001
  6 9 0.10007195008196716
  6 10 0.48794165676786551E-001
  6 11 0.87800605882323843E-001
  6 12 -0.23598165438854235E-001
  6 13 0.48794165676786551E-001
  6 14 0.87800605882323843E-001
  6 15 -0.23598165438854235E-001
  6 16 0.87800605882323843E-001
  6 17 0.48794165676786551E-001
  6 18 0.10007195008196716
  7 1 -0.23598165438854235E-001
  7 2 0.87800605882323843E-001
  7 3 0.48794165676786551E-001
  7 4 0.10007195008196716
  7 5 0.48794165676786551E-001
  7 6 0.87800605882323843E-001
  7 8 -0.23598165438854235E-001
  7 9 0.10007195008196716
  7 11 0.10007195008196716
  7 12 -0.23598165438854235E-001
  7 13 -0.23598165438854235E-001
  7 14 0.87800605882323843E-001
  7 15 0.48794165676786551E-001
  7 16 0.10007195008196716
  7 17 0.48794165676786551E-001
  7 18 0.87800605882323843E-001
  8 1 0.87800605882323843E-001
  8 2 -0.23598165438854235E-001
  8 3 0.87800605882323843E-001
  8 4 0.48794165676786551E-001
  8 5 0.10007195008196716
  8 6 0.48794165676786551E-001
  8 7 -0.23598165438854235E-001
  8 9 -0.23598165438854235E-001
  8 10 0.10007195008196716
  8 12 0.10007195008196716
  8 13 0.87800605882323843E-001
  8 14 -0.23598165438854235E-001
  8 15 0.87800605882323843E-001
  8 16 0.48794165676786551E-001
  8 17 0.10007195008196716
  8 18 0.48794165676786551E-001
  9 1 0.48794165676786551E-001
  9 2 0.87800605882323843E-001
  9 3 -0.23598165438854235E-001
  9 4 0.87800605882323843E-001
  9 5 0.48794165676786551E-001
  9 6 0.10007195008196716
  9 7 0.10007195008196716
  9 8 -0.23598165438854235E-001
  9 10 -0.23598165438854235E-001
  9 11 0.10007195008196716
  9 13 0.48794165676786551E-001
  9 14 0.87800605882323843E-001
  9 15 -0.23598165438854235E-001
  9 16 0.87800605882323843E-001
  9 17 0.48794165676786551E-001
  9 18 0.10007195008196716
  10 1 0.10007195008196716
  10 2 0.48794165676786551E-001
  10 3 0.87800605882323843E-001
  10 4 -0.23598165438854235E-001
  10 5 0.87800605882323843E-001
  10 6 0.48794165676786551E-001
  10 8 0.10007195008196716
  10 9 -0.23598165438854235E-001
  10 11 -0.23598165438854235E-001
  10 12 0.10007195008196716
  10 13 0.10007195008196716
  10 14 0.48794165676786551E-001
  10 15 0.87800605882323843E-001
  10 16 -0.23598165438854235E-001
  10 17 0.87800605882323843E-001
  10 18 0.48794165676786551E-001
  11 1 0.48794165676786551E-001
  11 2 0.10007195008196716
  11 3 0.48794165676786551E-001
  11 4 0.87800605882323843E-001
  11 5 -0.23598165438854235E-001
  11 6 0.87800605882323843E-001
  11 7 0.10007195008196716
  11 9 0.10007195008196716
  11 10 -0.23598165438854235E-001
  11 12 -0.23598165438854235E-001
  11 13 0.48794165676786551E-001
  11 14 0.10007195008196716
  11 15 0.48794165676786551E-001
  11 16 0.87800605882323843E-001
  11 17 -0.23598165438854235E-001
  11 18 0.87800605882323843E-001
  12 1 0.87800605882323843E-001
  12 2 0.48794165676786551E-001
  12 3 0.10007195008196716
  12 4 0.48794165676786551E-001
  12 5 0.87800605882323843E-001
  12 6 -0.23598165438854235E-001
  12 7 -0.23598165438854235E-001
  12 8 0.10007195008196716
  12 10 0.10007195008196716
  12 11 -0.23598165438854235E-001
  12 13 0.87800605882323843E-001
  12 14 0.48794165676786551E-001
  12 15 0.10007195008196716
  12 16 0.48794165676786551E-001
  12 17 0.87800605882323843E-001
  12 18 -0.23598165438854235E-001
  13 1 0.10007195008196716
  13 2 0.48794165676786551E-001
  13 3 0.87800605882323843E-001
  13 4 -0.23598165438854235E-001
  13 5 0.87800605882323843E-001
  13 6 0.48794165676786551E-001
  13 7 -0.23598165438854235E-001
  13 8 0.87800605882323843E-001
  13 9 0.48794165676786551E-001
  13 10 0.10007195008196716
  13 11 0.48794165676786551E-001
  13 12 0.87800605882323843E-001
  13 14 -0.23598165438854235E-001
  13 15 0.10007195008196716
  13 17 0.10007195008196716
  13 18 -0.23598165438854235E-001
  14 1 0.48794165676786551E-001
  14 2 0.10007195008196716
  14 3 0.48794165676786551E-001
  14 4 0.87800605882323843E-001
  14 5 -0.23598165438854235E-001
  14 6 0.87800605882323843E-001
  14 7 0.87800605882323843E-001
  14 8 -0.23598165438854235E-001
  14 9 0.87800605882323843E-001
  14 10 0.48794165676786551E-001
  14 11 0.10007195008196716
  14 12 0.48794165676786551E-001
  14 13 -0.23598165438854235E-001
  14 15 -0.23598165438854235E-001
  14 16 0.10007195008196716
  14 18 0.10007195008196716
  15 1 0.87800605882323843E-001
  15 2 0.48794165676786551E-001
  15 3 0.10007195008196716
  15 4 0.48794165676786551E-001
  15 5 0.87800605882323843E-001
  15 6 -0.23598165438854235E-001
  15 7 0.48794165676786551E-001
  15 8 0.87800605882323843E-001
  15 9 -0.23598165438854235E-001
  15 10 0.87800605882323843E-001
  15 11 0.48794165676786551E-001
  15 12 0.10007195008196716
  15 13 0.10007195008196716
  15 14 -0.23598165438854235E-001
  15 16 -0.23598165438854235E-001
  15 17 0.10007195008196716
  16 1 -0.23598165438854235E-001
  16 2 0.87800605882323843E-001
  16 3 0.48794165676786551E-001
  16 4 0.10007195008196716
  16 5 0.48794165676786551E-001
  16 6 0.87800605882323843E-001
  16 7 0.10007195008196716
  16 8 0.48794165676786551E-001
  16 9 0.87800605882323843E-001
  16 10 -0.23598165438854235E-001
  16 11 0.87800605882323843E-001
  16 12 0.48794165676786551E-001
  16 14 0.10007195008196716
  16 15 -0.23598165438854235E-001
  16 17 -0.23598165438854235E-001
  16 18 0.10007195008196716
  17 1 0.87800605882323843E-001
  17 2 -0.23598165438854235E-001
  17 3 0.87800605882323843E-001
  17 4 0.48794165676786551E-001
  17 5 0.10007195008196716
  17 6 0.48794165676786551E-001
  17 7 0.48794165676786551E-001
  17 8 0.10007195008196716
  17 9 0.48794165676786551E-001
  17 10 0.87800605882323843E-001
  17 11 -0.23598165438854235E-001
  17 12 0.87800605882323843E-001
  17 13 0.10007195008196716
  17 15 0.10007195008196716
  17 16 -0.23598165438854235E-001
  17 18 -0.23598165438854235E-001
  18 1 0.48794165676786551E-001
  18 2 0.87800605882323843E-001
  18 3 -0.23598165438854235E-001
  18 4 0.87800605882323843E-001
  18 5 0.48794165676786551E-001
  18 6 0.10007195008196716
  18 7 0.87800605882323843E-001
  18 8 0.48794165676786551E-001
  18 9 0.10007195008196716
  18 10 0.48794165676786551E-001
  18 11 0.87800605882323843E-001
  18 12 -0.23598165438854235E-001
  18 13 -0.23598165438854235E-001
  18 14 0.10007195008196716
  18 16 0.10007195008196716
  18 17 -0.23598165438854235E-001
TERM-20
  1 2 -0.23567566665275624
  1 3 -0.84130513305490567E-001
  1 4 -0.90796366555055089E-001
  1 5 -0.84130513305490567E-001
  1 6 -0.23567566665275624
  1 7 -0.23567566665275624
  1 8 -0.17228037390481336E-001
  1 9 -0.12965645291375272
  1 10 -0.84130513305490567E-001
  1 11 -0.12965645291375272
  1 12 -0.17228037390481336E-001
  1 13 -0.84130513305490567E-001
  1 14 -0.12965645291375272
  1 15 -0.17228037390481336E-001
  1 16 -0.23567566665275624
  1 17 -0.17228037390481336E-001
  1 18 -0.12965645291375272
  2 1 -0.23567566665275624
  2 3 -0.23567566665275624
  2 4 -0.84130513305490567E-001
  2 5 -0.90796366555055089E-001
  2 6 -0.84130513305490567E-001
  2 7 -0.17228037390481336E-001
  2 8 -0.23567566665275624
  2 9 -0.17228037390481336E-001
  2 10 -0.12965645291375272
  2 11 -0.84130513305490567E-001
  2 12 -0.12965645291375272
  2 13 -0.12965645291375272
  2 14 -0.84130513305490567E-001
  2 15 -0.12965645291375272
  2 16 -0.17228037390481336E-001
  2 17 -0.23567566665275624
  2 18 -0.17228037390481336E-001
  3 1 -0.84130513305490567E-001
  3 2 -0.23567566665275624
  3 4 -0.23567566665275624
  3 5 -0.84130513305490567E-001
  3 6 -0.90796366555055089E-001
  3 7 -0.12965645291375272
  3 8 -0.17228037390481336E-001
  3 9 -0.23567566665275624
  3 10 -0.17228037390481336E-001
  3 11 -0.12965645291375272
  3 12 -0.84130513305490567E-001
  3 13 -0.17228037390481336E-001
  3 14 -0.12965645291375272
  3 15 -0.84130513305490567E-001
  3 16 -0.12965645291375272
  3 17 -0.17228037390481336E-001
  3 18 -0.23567566665275624
  4 1 -0.90796366555055089E-001
  4 2 -0.84130513305490567E-001
  4 3 -0.23567566665275624
  4 5 -0.23567566665275624
  4 6 -0.84130513305490567E-001
  4 7 -0.84130513305490567E-001
  4 8 -0.12965645291375272
  4 9 -0.17228037390481336E-001
  4 10 -0.23567566665275624
  4 11 -0.17228037390481336E-001
  4 12 -0.12965645291375272
  4 13 -0.23567566665275624
  4 14 -0.17228037390481336E-001
  4 15 -0.12965645291375272
  4 16 -0.84130513305490567E-001
  4 17 -0.12965645291375272
  4 18 -0.17228037390481336E-001
  5 1 -0.84130513305490567E-001
  5 2 -0.90796366555055089E-001
  5 3 -0.84130513305490567E-001
  5 4 -0.23567566665275624
  5 6 -0.23567566665275624
  5 7 -0.12965645291375272
  5 8 -0.84130513305490567E-001
  5 9 -0.12965645291375272
  5 10 -0.17228037390481336E-001
  5 11 -0.23567566665275624
  5 12 -0.17228037390481336E-001
  5 13 -0.17228037390481336E-001
  5 14 -0.23567566665275624
  5 15 -0.17228037390481336E-001
  5 16 -0.12965645291375272
  5 17 -0.84130513305490567E-001
  5 18 -0.12965645291375272
  6 1 -0.23567566665275624
  6 2 -0.84130513305490567E-001
  6 3 -0.90796366555055089E-001
  6 4 -0.84130513305490567E-001
  6 5 -0.23567566665275624
  6 7 -0.17228037390481336E-001
  6 8 -0.12965645291375272
  6 9 -0.84130513305490567E-001
  6 10 -0.12965645291375272
  6 11 -0.17228037390481336E-001
  6 12 -0.23567566665275624
  6 13 -0.12965645291375272
  6 14 -0.17228037390481336E-001
  6 15 -0.23567566665275624
  6 16 -0.17228037390481336E-001
  6 17 -0.12965645291375272
  6 18 -0.84130513305490567E-001
  7 1 -0.23567566665275624
  7 2 -0.17228037390481336E-001
  7 3 -0.12965645291375272
  7 4 -0.84130513305490567E-001
  7 5 -0.12965645291375272
  7 6 -0.17228037390481336E-001
  7 8 -0.23567566665275624
  7 9 -0.84130513305490567E-001
  7 10 -0.90796366555055089E-001
  7 11 -0.84130513305490567E-001
  7 12 -0.23567566665275624
  7 13 -0.23567566665275624
  7 14 -0.17228037390481336E-001
  7 15 -0.12965645291375272
  7 16 -0.84130513305490567E-001
  7 17 -0.12965645291375272
  7 18 -0.17228037390481336E-001
  8 1 -0.17228037390481336E-001
  8 2 -0.23567566665275624
  8 3 -0.17228037390481336E-001
  8 4 -0.12965645291375272
  8 5 -0.84130513305490567E-001
  8 6 -0.12965645291375272
  8 7 -0.23567566665275624
  8 9 -0.23567566665275624
  8 10 -0.84130513305490567E-001
  8 11 -0.90796366555055089E-001
  8 12 -0.84130513305490567E-001
  8 13 -0.17228037390481336E-001
  8 14 -0.23567566665275624
  8 15 -0.17228037390481336E-001
  8 16 -0.12965645291375272
  8 17 -0.84130513305490567E-001
  8 18 -0.12965645291375272
  9 1 -0.12965645291375272
  9 2 -0.17228037390481336E-001
  9 3 -0.23567566665275624
  9 4 -0.17228037390481336E-001
  9 5 -0.12965645291375272
  9 6 -0.84130513305490567E-001
  9 7 -0.84130513305490567E-001
  9 8 -0.23567566665275624
  9 10 -0.23567566665275624
  9 11 -0.84130513305490567E-001
  9 12 -0.90796366555055089E-001
  9 13 -0.12965645291375272
  9 14 -0.17228037390481336E-001
  9 15 -0.23567566665275624
  9 16 -0.17228037390481336E-001
  9 17 -0.12965645291375272
  9 18 -0.84130513305490567E-001
  10 1 -0.84130513305490567E-001
  10 2 -0.12965645291375272
  10 3 -0.17228037390481336E-001
  10 4 -0.23567566665275624
  10 5 -0.17228037390481336E-001
  10 6 -0.12965645291375272
  10 7 -0.90796366555055089E-001
  10 8 -0.84130513305490567E-001
  10 9 -0.23567566665275624
  10 11 -0.23567566665275624
  10 12 -0.84130513305490567E-001
  10 13 -0.84130513305490567E-001
  10 14 -0.12965645291375272
  10 15 -0.17228037390481336E-001
  10 16 -0.23567566665275624
  10 17 -0.17228037390481336E-001
  10 18 -0.12965645291375272
  11 1 -0.12965645291375272
  11 2 -0.84130513305490567E-001
  11 3 -0.12965645291375272
  11 4 -0.17228037390481336E-001
  11 5 -0.23567566665275624
  11 6 -0.17228037390481336E-001
  11 7 -0.84130513305490567E-001
  11 8 -0.90796366555055089E-001
  11 9 -0.84130513305490567E-001
  11 10 -0.23567566665275624
  11 12 -0.23567566665275624
  11 13 -0.12965645291375272
  11 14 -0.84130513305490567E-001
  11 15 -0.12965645291375272
  11 16 -0.17228037390481336E-001
  11 17 -0.23567566665275624
  11 18 -0.17228037390481336E-001
  12 1 -0.17228037390481336E-001
  12 2 -0.12965645291375272
  12 3 -0.84130513305490567E-001
  12 4 -0.12965645291375272
  12 5 -0.17228037390481336E-001
  12 6 -0.23567566665275624
  12 7 -0.23567566665275624
  12 8 -0.84130513305490567E-001
  12 9 -0.90796366555055089E-001
  12 10 -0.84130513305490567E-001
  12 11 -0.23567566665275624
  12 13 -0.17228037390481336E-001
  12 14 -0.12965645291375272
  12 15 -0.84130513305490567E-001
  12 16 -0.12965645291375272
  12 17 -0.17228037390481336E-001
  12 18 -0.23567566665275624
  13 1 -0.84130513305490567E-001
  13 2 -0.12965645291375272
  13 3 -0.17228037390481336E-001
  13 4 -0.23567566665275624
  13 5 -0.17228037390481336E-001
  13 6 -0.12965645291375272
  13 7 -0.23567566665275624
  13 8 -0.17228037390481336E-001
  13 9 -0.12965645291375272
  13 10 -0.84130513305490567E-001
  13 11 -0.12965645291375272
  13 12 -0.17228037390481336E-001
  13 14 -0.23567566665275624
  13 15 -0.84130513305490567E-001
  13 16 -0.90796366555055089E-001
  13 17 -0.84130513305490567E-001
  13 18 -0.23567566665275624
  14 1 -0.12965645291375272
  14 2 -0.84130513305490567E-001
  14 3 -0.12965645291375272
  14 4 -0.17228037390481336E-001
  14 5 -0.23567566665275624
  14 6 -0.17228037390481336E-001
  14 7 -0.17228037390481336E-001
  14 8 -0.23567566665275624
  14 9 -0.17228037390481336E-001
  14 10 -0.12965645291375272
  14 11 -0.84130513305490567E-001
  14 12 -0.12965645291375272
  14 13 -0.23567566665275624
  14 15 -0.23567566665275624
  14 16 -0.84130513305490567E-001
  14 17 -0.90796366555055089E-001
  14 18 -0.84130513305490567E-001
  15 1 -0.17228037390481336E-001
  15 2 -0.12965645291375272
  15 3 -0.84130513305490567E-001
  15 4 -0.12965645291375272
  15 5 -0.17228037390481336E-001
  15 6 -0.23567566665275624
  15 7 -0.12965645291375272
  15 8 -0.17228037390481336E-001
  15 9 -0.23567566665275624
  15 10 -0.17228037390481336E-001
  15 11 -0.12965645291375272
  15 12 -0.84130513305490567E-001
  15 13 -0.84130513305490567E-001
  15 14 -0.23567566665275624
  15 16 -0.23567566665275624
  15 17 -0.84130513305490567E-001
  15 18 -0.90796366555055089E-001
  16 1 -0.23567566665275624
  16 2 -0.17228037390481336E-001
  16 3 -0.12965645291375272
  16 4 -0.84130513305490567E-001
  16 5 -0.12965645291375272
  16 6 -0.17228037390481336E-001
  16 7 -0.84130513305490567E-001
  16 8 -0.12965645291375272
  16 9 -0.17228037390481336E-001
  16 10 -0.23567566665275624
  16 11 -0.17228037390481336E-001
  16 12 -0.12965645291375272
  16 13 -0.90796366555055089E-001
  16 14 -0.84130513305490567E-001
  16 15 -0.23567566665275624
  16 17 -0.23567566665275624
  16 18 -0.84130513305490567E-001
  17 1 -0.17228037390481336E-001
  17 2 -0.23567566665275624
  17 3 -0.17228037390481336E-001
  17 4 -0.12965645291375272
  17 5 -0.84130513305490567E-001
  17 6 -0.12965645291375272
  17 7 -0.12965645291375272
  17 8 -0.84130513305490567E-001
  17 9 -0.12965645291375272
  17 10 -0.17228037390481336E-001
  17 11 -0.23567566665275624
  17 12 -0.17228037390481336E-001
  17 13 -0.84130513305490567E-001
  17 14 -0.90796366555055089E-001
  17 15 -0.84130513305490567E-001
  17 16 -0.23567566665275624
  17 18 -0.23567566665275624
  18 1 -0.12965645291375272
  18 2 -0.17228037390481336E-001
  18 3 -0.23567566665275624
  18 4 -0.17228037390481336E-001
  18 5 -0.12965645291375272
  18 6 -0.84130513305490567E-001
  18 7 -0.17228037390481336E-001
  18 8 -0.12965645291375272
  18 9 -0.84130513305490567E-001
  18 10 -0.12965645291375272
  18 11 -0.17228037390481336E-001
  18 12 -0.23567566665275624
  18 13 -0.23567566665275624
  18 14 -0.84130513305490567E-001
  18 15 -0.90796366555055089E-001
  18 16 -0.84130513305490567E-001
  18 17 -0.23567566665275624
