# No.Blocks      Mean       Error        Error_in_Error
        2220 -0.68349474423423529        4.2302357841762819E-006   6.3499590666473714E-008
        1110 -0.68349474423423540        5.5165446039242939E-006   1.1713491402031099E-007
         555 -0.68349474423423484        6.4383686858142408E-006   1.9342204125162028E-007
         277 -0.68349510216606424        6.8575465545805090E-006   2.9187656447844070E-007
         138 -0.68349493437499975        7.1581991500908875E-006   4.3244262550272006E-007
          69 -0.68349493437499997        7.7895689636852489E-006   6.6795002807100952E-007
          34 -0.68349446369485289        9.1578336313604925E-006   1.1272513958248400E-006
          17 -0.68349446369485289        8.4573198500238610E-006   1.4950570541538667E-006
           8 -0.68349318476562493        1.0581250836926873E-005   2.8279582396639562E-006
           4 -0.68349318476562504        1.1421802008292956E-005   4.6629311439023170E-006
           2 -0.68349318476562504        3.3156296119111466E-006   2.3445041824852926E-006
