# Block_length   Mean       Error        Error_in_Error
        2220 -0.68382720505815420        8.4194842163205502E-006   1.2638392482968793E-007
        1110 -0.68382720505815575        1.1752953163372912E-005   2.4955497637000904E-007
         555 -0.68382720505815531        1.6185107374609192E-005   4.8623442661355620E-007
         277 -0.68382708186844288        2.1868900014523701E-005   9.3080219789366971E-007
         138 -0.68382708410901594        2.9049907820601328E-005   1.7549691123630353E-006
          69 -0.68382708410901583        3.6628919741838885E-005   3.1409039555119394E-006
          34 -0.68383038367123095        4.6830416591010180E-005   5.7644258013707236E-006
          17 -0.68383038367123083        5.4417174895972959E-005   9.6196883454892089E-006
           8 -0.68382959222606654        6.7847393797296058E-005   1.8132978726786663E-005
           4 -0.68382959222606654        7.7228327987462046E-005   3.1528332876263887E-005
           2 -0.68382959222606654        9.6672274172183463E-005   6.8357620619876057E-005
