# No.Blocks      Mean       Error        Error_in_Error
        2220  -14638.070692817875       0.22998433726217132        3.4522688618151848E-003
        1110  -14638.070692817886       0.32308968875833927        6.8602876675075411E-003
         555  -14638.070692817870       0.45061628434791645        1.3537454251700996E-002
         277  -14638.095251921523       0.62269211405412106        2.6503536437027107E-002
         138  -14638.135048530799       0.84407314936645927        5.0992323791906054E-002
          69  -14638.135048530794        1.0893269292196077        9.3409013559398291E-002
          34  -14638.196144353491        1.4857450953282472       0.18288257899918478     
          17  -14638.196144353493        1.8287976953233365       0.32328881294536521     
           8  -14638.639323336231        2.1742804115837209       0.58110088306572250     
           4  -14638.639323336231        2.2073181707274743       0.90113386970931275     
           2  -14638.639323336231        2.3304832914861722        1.6479005388518178     
