# No.Blocks      Mean       Error        Error_in_Error
        2220   10009.910969313327        8.0463722427255677E-002   1.2078318321507957E-003
        1110   10009.910969313356       0.11294799423874377        2.3982682174835176E-003
         555   10009.910969313340       0.15757403034973960        4.7338529503047405E-003
         277   10009.925960233804       0.21622455714180636        9.2031283188690437E-003
         138   10009.953207030805       0.29222292801747790        1.7653832699299238E-002
          69   10009.953207030800       0.38557033510576655        3.3062383471780983E-002
          34   10010.043285647982       0.51072307846915743        6.2865665206323335E-002
          17   10010.043285647980       0.65150372401370771       0.11517067530459540     
           8   10010.334759221478       0.71623869728260858       0.19142284374148696     
           4   10010.334759221478       0.68116063751121270       0.27808266579522767     
           2   10010.334759221478       0.48401272559818920       0.34224868045106321     
