# of blocks mean (X_5)     std.err. (X_5)  std.err.err. (X_5)  mean (X_6)     std.err. (X_6)  std.err.err. (X_6)  cov(X_5,X_6)   mean (X_5/X_6)   std.err. (X_5/X_6) 
# from 50000 to 0
2049        -952457975.510 5.97399859e+03  9.33437280e+01       575150.931265  3.60746109e+00  5.63665795e-02       -4.41579e+07   -1656.013967349942 1.048351347547e-07 
1024        -952457948.617 7.97618866e+03  1.76336657e+02       575150.915026  4.81650471e+00  1.06482730e-01       -3.93394e+07   -1656.013967350753 1.370327649388e-07 
512         -952457948.617 9.95981761e+03  3.11548696e+02       575150.915026  6.01433992e+00  1.88131935e-01       -3.06697e+07   -1656.013967350757 1.690857700395e-07 
256         -952457948.617 1.16469616e+04  5.15736127e+02       575150.915026  7.03314103e+00  3.11432719e-01       -2.09702e+07   -1656.013967350754 1.916883433551e-07 
128         -952457948.617 1.35437220e+04  8.49808697e+02       575150.915026  8.17851991e+00  5.13165979e-01       -1.41783e+07   -1656.013967350754 1.939577675260e-07 
64          -952457948.617 1.46987084e+04  1.30946502e+03       575150.915026  8.87597553e+00  7.90734747e-01       -8.34978e+06   -1656.013967350754 2.057840029640e-07 
32          -952457948.617 1.75378479e+04  2.22730891e+03       575150.915026  1.05904242e+01  1.34498522e+00       -5.94346e+06   -1656.013967350754 2.197642773338e-07 
16          -952457948.617 2.00215480e+04  3.65541782e+03       575150.915026  1.20902200e+01  2.20736208e+00       -3.87304e+06   -1656.013967350754 2.279850299261e-07 
8           -952457948.617 2.40295192e+04  6.42215914e+03       575150.915026  1.45104461e+01  3.87807985e+00       -2.78943e+06   -1656.013967350754 2.320231607582e-07 
4           -952457948.617 1.69891695e+04  6.93579939e+03       575150.915026  1.02590854e+01  4.18825408e+00       -6.97173e+05   -1656.013967350754 1.652207774050e-07 
2           -952457948.617 2.82125420e+04  1.99492797e+04       575150.915026  1.70364139e+01  1.20465638e+01       -9.61281e+05   -1656.013967350754 4.642222706684e-09 
