# Block_length   Mean       Error        Error_in_Error
        2278  -4.6632416917386097        9.0077589419557404E-005   1.3348124302311198E-006
        1139  -4.6632416917385831        1.1673585351835446E-004   2.4469107793967643E-006
         569  -4.6632384812878884        1.4308888102107441E-004   4.2453814871823420E-006
         284  -4.6632420470786187        1.6384469317325717E-004   6.8869061351894084E-006
         142  -4.6632420470786258        1.7354137134928578E-004   1.0334238275941710E-005
          71  -4.6632420470786231        1.8676031752362459E-004   1.5784127696954004E-005
          35  -4.6632325308531790        2.0712200811762169E-004   2.5117232848793903E-005
          17  -4.6632019281239687        1.8621940886490268E-004   3.2919251699230741E-005
           8  -4.6631471004595380        1.9788406288976965E-004   5.2886740402596128E-005
           4  -4.6631471004595380        3.3165325058429258E-004   1.3539687257782063E-004
           2  -4.6631471004595388        4.7305466014997341E-004   3.3450015806394382E-004
