# No.Blocks      Mean       Error        Error_in_Error
        2278  -4.6625673028972807        2.3576016718639124E-005   3.4936059428499332E-007
        1139  -4.6625673028972701        3.0681465855086250E-005   6.4311697962357581E-007
         569  -4.6625673668717083        3.6069909318670501E-005   1.0701776698028425E-006
         284  -4.6625660893485898        3.8246706651190308E-005   1.6076289905120018E-006
         142  -4.6625660893485907        3.9815115551543849E-005   2.3709556280137107E-006
          71  -4.6625660893485925        4.1001781329986166E-005   3.4652829942486063E-006
          35  -4.6625660504464275        4.3206905963639116E-005   5.2396069718886381E-006
          17  -4.6625736727941174        4.5084512224176165E-005   7.9698910800506902E-006
           8  -4.6625755756835936        6.6128751943037283E-005   1.7673652370414791E-005
           4  -4.6625755756835936        9.1389872123337146E-005   3.7309759060063446E-005
           2  -4.6625755756835936        9.6496584845523457E-005   6.8233389505612668E-005
