# No.Blocks      Mean       Error        Error_in_Error
        2278  -29882.100167969715       0.65982382582713606        9.7775823060101841E-003
        1139  -29882.100167969758       0.88229678534099865        1.8493902683793344E-002
         569  -29882.129667885791        1.1292264958901828        3.3503632331724639E-002
         284  -29882.120511197762        1.3546381888137264        5.6939690098097420E-002
         142  -29882.120511197740        1.5581448244258549        9.2786174033586799E-002
          71  -29882.120511197754        1.6807601439211037       0.14205015868130347     
          35  -29882.142101329733        1.9420736842269313       0.23551102743529637     
          17  -29882.557050317140        1.8850436857494484       0.33323179325657953     
           8  -29883.277827158596        2.1568771192564000       0.57644965754495781     
           4  -29883.277827158596        3.0206405503268225        1.2331713407767477     
           2  -29883.277827158592        3.4843143067652500        2.4637822740990125     
