# No.Blocks      Mean       Error        Error_in_Error
        2278   139347.45533998570        1.5401564746693459        2.2822768905527903E-002
        1139   139347.45533998508        2.0410097419548663        4.2781789723736703E-002
         569   139347.49697011948        2.6237012534984432        7.7844013105804341E-002
         284   139347.56082368782        3.1466985774459419       0.13226560664792650     
         142   139347.56082368793        3.7265301291394755       0.22191163984461429     
          71   139347.56082368793        3.8929525576554771       0.32901454175587874     
          35   139347.37713849818        4.2414065129904737       0.51434608983065899     
          17   139348.39765431339        4.9752431227213361       0.87950703753199777     
           8   139350.12035194141        6.0989588709773530        1.6300153222302052     
           4   139350.12035194141        8.1351910037225448        3.3211778198667270     
           2   139350.12035194141        9.4816962767916380        6.7045717344706066     
