# of blocks mean (X_5)     std.err. (X_5)  std.err.err. (X_5)  mean (X_6)     std.err. (X_6)  std.err.err. (X_6)  cov(X_5,X_6)   mean (X_5/X_6)   std.err. (X_5/X_6) 
# from 50000 to 0
1933        -970190761.203 6.28497276e+03  1.01107842e+02       585855.158014  3.79521551e+00  6.10545288e-02       -4.61075e+07   -1656.024954173711 1.134462612172e-08 
966         -970190740.105 8.41602096e+03  1.91570289e+02       585855.145274  5.08206066e+00  1.15680775e-01       -4.13165e+07   -1656.024954174075 1.462687933777e-08 
483         -970190740.105 1.06766083e+04  3.43870398e+02       585855.145274  6.44712863e+00  2.07648031e-01       -3.32466e+07   -1656.024954174077 1.805805522649e-08 
241         -970190859.266 1.26229789e+04  5.76157526e+02       585855.217230  7.62245465e+00  3.47915863e-01       -2.31886e+07   -1656.024954174525 2.089353395937e-08 
120         -970191734.528 1.39906788e+04  9.06881012e+02       585855.745762  8.44834765e+00  5.47625041e-01       -1.41838e+07   -1656.024954174557 2.329662577341e-08 
60          -970191734.528 1.55578400e+04  1.43221526e+03       585855.745762  9.39468695e+00  8.64851035e-01       -8.76966e+06   -1656.024954174556 2.568740590380e-08 
30          -970191734.528 1.60217598e+04  2.10376013e+03       585855.745762  9.67482662e+00  1.27036697e+00       -4.65023e+06   -1656.024954174556 3.049248122191e-08 
15          -970191734.528 1.66059081e+04  3.13822165e+03       585855.745762  1.00275706e+01  1.89503273e+00       -2.49775e+06   -1656.024954174556 3.130465512257e-08 
7           -970186090.403 1.34769028e+04  3.89044674e+03       585852.337522  8.13809483e+00  2.34926562e+00       -7.67734e+05   -1656.024954183339 4.103556686211e-08 
3           -970184726.265 9.73893240e+03  4.86946620e+03       585851.513788  5.88090361e+00  2.94045181e+00       -1.71821e+05   -1656.024954160541 2.029283617364e-08 
