 # List of sign-inconsistent amplitudes in the trial wave function.
 # (Det. Index, FCI Amp., Trial Wfn. Amp., Occupation Numbers ...)

  57395  5.55983467792E-04 -2.25549869033E-05    1  3  8  9 10 12 14 16 17 19
  57396  5.55981942552E-04 -1.43963639866E-05    1  4  5  6  8 11 14 15 18 19
  57398 -5.55979458475E-04  3.77161319192E-06    1  3  5  8  9 11 12 14 18 20
  57399  5.55976662803E-04 -2.25549869033E-05    2  4  7  9 10 11 13 15 18 20
  57400  5.55975137563E-04 -1.43963639866E-05    2  3  5  6  7 12 13 16 17 20
  57402 -5.55967165092E-04  3.77161319192E-06    2  4  6  7 10 11 12 13 17 19
  57987 -4.84723760343E-04  1.86270313412E-04    1  4  7  8 10 11 14 15 18 19
  57988  4.84723441030E-04 -2.02880271118E-04    1  2  3  5  8 12 14 16 17 19
  57989 -4.84722865791E-04  1.86270313412E-04    2  3  7  8  9 12 13 16 17 20
  57990  4.84722546477E-04 -2.02880271118E-04    1  2  4  6  7 11 13 15 18 20
  57991 -4.84721467592E-04  1.89371746929E-04    1  3  5  7  8  9 14 16 18 20
  57992  4.84721143192E-04 -1.79864915495E-04    1  2  3  6  8 10 11 13 18 19
  57993 -4.84716321908E-04  1.89371746929E-04    2  4  6  7  8 10 13 15 17 19
  57994  4.84715997508E-04 -1.79864915495E-04    1  2  4  5  7  9 12 14 17 20
  59191 -3.42468182625E-04  2.06056151237E-04    3  7  8  9 12 13 14 16 17 20
  59192  3.42467931954E-04 -2.01570076771E-04    1  2  4  6 11 13 15 18 19 20
  59193  3.42467244795E-04 -2.06056151237E-04    4  7  8 10 11 13 14 15 18 19
  59194 -3.42466994114E-04  2.01570076771E-04    1  2  3  5 12 14 16 17 19 20
  59195 -3.42464804596E-04  1.93611927599E-04    3  5  7  8  9 14 16 17 18 20
  59196 -3.42464521831E-04  1.84431521087E-04    1  2  3  4  6 10 11 13 18 19
  59197  3.42463877497E-04 -1.93611927599E-04    4  6  7  8 10 13 15 17 18 19
  59198  3.42463594732E-04 -1.84431521087E-04    1  2  3  4  5  9 12 14 17 20
  59711 -2.98466126273E-04  2.47779520934E-06    2  3  5  7 12 15 16 18 19 20
  59712  2.98466024788E-04 -3.89787591235E-06    2  3  7 10 11 12 13 14 15 18
  59713 -2.98464731928E-04  2.91240604698E-06    2  3  4  6  7  9 10 11 14 19
  59714 -2.98464547637E-04  3.89200073371E-06    2  5  6  7  9 14 16 17 18 19
  59715  2.98464512636E-04 -2.91240604698E-06    1  3  4  5  8  9 10 12 13 20
  59716  2.98464328355E-04 -3.89200073371E-06    1  5  6  8 10 13 15 17 18 20
  59717  2.98463595961E-04 -2.47779520934E-06    1  4  6  8 11 15 16 17 19 20
  59718 -2.98463494475E-04  3.89787591235E-06    1  4  8  9 11 12 13 14 16 17
  59999  2.69000053129E-04 -1.32448235453E-05    1  2  5  6 13 14 15 16 17 20
  60000 -2.68999818685E-04  1.32448235453E-05    1  2  5  6 13 14 15 16 18 19
  60001  2.68999651726E-04 -1.25333658804E-05    4  7  8  9 10 11 12 13 19 20
  60002  2.68999432086E-04 -1.36677246362E-05    1  2  4  9 10 11 12 13 17 18
  60003 -2.68999417271E-04  1.25333658804E-05    3  7  8  9 10 11 12 14 19 20
  60004 -2.68999327210E-04  1.36677246362E-05    1  2  3  9 10 11 12 14 17 18
  60005  2.68999093556E-04 -1.05852492542E-05    3  4  5  6  7  8 15 16 17 20
  60006 -2.68998988691E-04  1.05852492542E-05    3  4  5  6  7  8 15 16 18 19
  60015 -2.67560358895E-04  1.85226185759E-04    3  5  8  9 10 12 14 15 16 17
  60016 -2.67559878340E-04  1.87861309749E-04    1  4  5  6 10 11 12 15 18 19
  60017  2.67558392049E-04 -1.85226185759E-04    4  6  7  9 10 11 13 15 16 18
  60018  2.67557911505E-04 -1.87861309749E-04    2  3  5  6  9 11 12 16 17 20
  60019 -2.67556531195E-04  7.54274662028E-05    1  4  5  8 12 13 14 17 19 20
  60020  2.67556265352E-04 -6.43950130769E-05    1  4  8 10 13 14 15 17 19 20
  60021  2.67555630683E-04 -7.99996615219E-05    2  3  4  5  7 12 14 17 18 19
  60022  2.67555472748E-04 -7.78022248044E-05    2  3  4  7 10 14 15 17 18 19
  60023  2.67554021595E-04 -1.62970596917E-04    6  8  9 10 11 13 15 16 18 19
  60024 -2.67553800839E-04  1.72734502840E-04    1  3  5  6  9 11 12 14 16 20
  60025 -2.67553027063E-04  7.99996615219E-05    1  3  4  6  8 11 13 17 18 20
  60026 -2.67552869138E-04  7.78022248044E-05    1  3  4  8  9 13 16 17 18 20
  60027 -2.67550490296E-04  1.62970596917E-04    5  7  9 10 12 14 15 16 17 20
  60028  2.67550269540E-04 -1.72734502840E-04    2  4  5  6 10 11 12 13 15 19
  60029  2.67544712565E-04 -7.54274662028E-05    2  3  6  7 11 13 14 18 19 20
  60030 -2.67544446732E-04  6.43950130769E-05    2  3  7  9 13 14 16 18 19 20
  60047  2.61261950424E-04 -1.03108478121E-05    3  4  7  8  9 12 13 14 17 20
  60048 -2.61261817097E-04  9.49869079149E-06    3  5  7  8 14 16 17 18 19 20
  60049 -2.61261769029E-04  1.18817766853E-05    1  2  4  6 13 15 17 18 19 20
  60050 -2.61261700238E-04  9.49869079149E-06    4  6  7  8 13 15 17 18 19 20
  60051  2.61261679031E-04 -1.56812958923E-05    1  2  3  4 10 11 13 14 18 19
  60052  2.61261562173E-04 -1.56812958923E-05    1  2  3  4  9 12 13 14 17 20
  60053  2.61261399362E-04 -1.03108478121E-05    3  4  7  8 10 11 13 14 18 19
  60054 -2.61261217956E-04  1.18817766853E-05    1  2  3  5 14 16 17 18 19 20
  60119  2.55160187849E-04 -2.40781277721E-04    1  2  3  9 10 11 12 14 18 19
  60120  2.55159396899E-04 -2.37056341876E-04    3  5  6  7  8 14 15 16 18 19
  60121  2.55158390605E-04 -2.40291128642E-04    1  2  3  5  6 14 15 16 18 19
  60122  2.55158045515E-04 -2.40781277721E-04    1  2  4  9 10 11 12 13 17 20
  60123  2.55157484175E-04 -2.38458267424E-04    3  7  8  9 10 11 12 14 18 19
  60124  2.55157254564E-04 -2.37056341876E-04    4  5  6  7  8 13 15 16 17 20
  60125  2.55156765701E-04 -2.40291128642E-04    1  2  4  5  6 13 15 16 17 20
  60126  2.55155859282E-04 -2.38458267424E-04    4  7  8  9 10 11 12 13 17 20
  60367 -2.27124261559E-04  3.51660669377E-05    2  3  7  8 10 11 13 15 16 20
  60368  2.27124208605E-04 -3.35990549268E-05    1  2  5  7 11 12 13 16 18 20
  60369  2.27123935053E-04 -3.51660669377E-05    1  4  7  8  9 12 14 15 16 19
  60370 -2.27123882089E-04  3.35990549268E-05    1  2  6  8 11 12 14 15 17 19
  60371 -2.27123552214E-04  3.26789408393E-05    2  4  5  7  8  9 10 16 17 19
  60372  2.27123510348E-04 -3.39585808990E-05    1  2  4  5  6  7 10 11 14 17
  60373  2.27122881576E-04 -3.26789408393E-05    1  3  6  7  8  9 10 15 18 20
  60374 -2.27122839699E-04  3.39585808990E-05    1  2  3  5  6  8  9 12 13 18
  60599  2.06632063728E-04 -6.72960379074E-06    3  4  7  8  9 10 14 15 17 18
  60601 -2.06631096478E-04  7.17628715142E-06    7  8  9 13 14 15 16 18 19 20
  60602 -2.06631082052E-04  6.72960379074E-06    3  4  7  8  9 10 13 16 17 18
  60603  2.06630960571E-04 -8.66247269159E-06    1  2  3  6 11 12 13 14 19 20
  60605  2.06630884136E-04 -7.17628715142E-06    7  8 10 13 14 15 16 17 19 20
  60606 -2.06630748229E-04  8.66247269159E-06    1  2  4  5 11 12 13 14 19 20
  60615 -2.03714860440E-04  8.12822606795E-05    1  2  4  5  8 10 11 15 16 17
  60616 -2.03714605115E-04  7.86967750351E-05    1  4  5  7  8 10 11 12 16 17
  60617 -2.03713198450E-04  7.87933049149E-05    1  2  5  8  9 10 11 13 16 20
  60618 -2.03713183961E-04  7.59933552939E-05    1  5  6  7  8 10 11 13 16 20
  60619  2.03711391255E-04 -7.87933049149E-05    1  2  6  7  9 10 12 14 15 19
  60620  2.03711376766E-04 -7.59933552939E-05    2  5  6  7  8  9 12 14 15 19
  60621  2.03708487664E-04 -8.12822606795E-05    1  2  3  6  7  9 12 15 16 18
  60622  2.03708232350E-04 -7.86967750351E-05    2  3  6  7  8  9 11 12 15 18
  60687 -1.98728043425E-04  2.35131354213E-04    1  2  8  9 11 12 13 14 17 20
  60688 -1.98727369102E-04  2.42847872710E-04    1  4  6  7  8 13 15 16 19 20
  60689 -1.98726773278E-04  2.35131354213E-04    1  2  7 10 11 12 13 14 18 19
  60690 -1.98726407212E-04  2.41249239756E-04    1  2  3  5  6  7 14 16 17 18
  60691 -1.98726098955E-04  2.42847872710E-04    2  3  5  7  8 14 15 16 19 20
  60692  1.98725593276E-04 -2.40586703197E-04    2  3  4  7  8  9 10 11 18 19
  60693 -1.98725533456E-04  2.41249239756E-04    1  2  4  5  6  8 13 15 17 18
  60694  1.98724719520E-04 -2.40586703197E-04    1  3  4  7  8  9 10 12 17 20
  60711  1.97161086770E-04 -7.34214418319E-05    1  3  4  8  9 10 14 15 18 19
  60712 -1.97160686283E-04  6.91633746930E-05    1  3  5  6  8 12 14 17 18 19
  60713 -1.97160321102E-04  7.34214418319E-05    2  3  4  7  9 10 13 16 17 20
  60714  1.97159920615E-04 -6.91633746930E-05    2  4  5  6  7 11 13 17 18 20
  60715  1.97159535817E-04 -7.47616723796E-05    2  4  7 10 13 15 16 17 19 20
  60716 -1.97159082091E-04  7.80804780727E-05    2  4  5  7 11 12 13 14 17 20
  60717 -1.97158613582E-04  7.47616723796E-05    1  3  8  9 14 15 16 18 19 20
  60718  1.97158159856E-04 -7.80804780727E-05    1  3  6  8 11 12 13 14 18 19
  60807 -1.87449504638E-04  2.85819804951E-04    2  3  5  6  7 10 12 14 15 17
  60808 -1.87449237994E-04  2.90390415878E-04    2  4  5  7  9 10 12 15 18 19
  60809 -1.87449018818E-04  2.96430876155E-04    1  5  8 10 11 12 14 15 17 20
  60810  1.87448265743E-04 -2.85060986010E-04    1  4  5  8 10 12 13 15 16 19
  60811 -1.87446721612E-04  2.85819804951E-04    1  4  5  6  8  9 11 13 16 18
  60812 -1.87446454958E-04  2.90390415878E-04    1  3  6  8  9 10 11 16 17 20
  60813 -1.87428693723E-04  2.96430876155E-04    2  6  7  9 11 12 13 16 18 19
  60814  1.87427940648E-04 -2.85060986010E-04    2  3  6  7  9 11 14 15 16 20
  60927 -1.76509618774E-04  1.35833212278E-04    2  3  4  7 12 13 14 15 17 18
  60928 -1.76508989760E-04  1.60039413980E-04    2  3  4  7 12 15 17 18 19 20
  60929 -1.76508881357E-04  1.60107471967E-04    1  5  8 10 13 14 17 18 19 20
  60930 -1.76508512701E-04  1.35833212278E-04    1  3  4  8 11 13 14 16 17 18
  60931 -1.76508075970E-04  1.60107471967E-04    2  6  7  9 13 14 17 18 19 20
  60932 -1.76508036663E-04  1.53503952837E-04    1  3  4  5  8 10 13 14 19 20
  60933 -1.76507883677E-04  1.60039413980E-04    1  3  4  8 11 16 17 18 19 20
  60934 -1.76507231276E-04  1.53503952837E-04    2  3  4  6  7  9 13 14 19 20
  61139 -1.55967425049E-04  4.65753118307E-04    3  4  6  7  9 11 12 15 18 20
  61140 -1.55966676976E-04  4.56156926128E-04    2  3  6  9 12 13 15 16 17 18
  61141  1.55963403181E-04 -4.74172788985E-04    3  5  6  8 10 11 13 16 19 20
  61142  1.55962925027E-04 -4.66000468834E-04    1  5  9 10 11 13 14 16 18 20
  61143 -1.55957284867E-04  4.74172788985E-04    4  5  6  7  9 12 14 15 19 20
  61144 -1.55956806702E-04  4.66000468834E-04    2  6  9 10 12 13 14 15 17 19
  61145  1.55953681987E-04 -4.65753118307E-04    3  4  5  8 10 11 12 16 17 19
  61146  1.55952933914E-04 -4.56156926128E-04    1  4  5 10 11 14 15 16 17 18
  61179 -1.47127374331E-04  5.54426910135E-05    1  3  4  5  6  9 11 16 18 20
  61180  1.47127350924E-04 -4.88152649243E-05    3  6  8  9 10 11 13 16 17 18
  61181  1.47125802128E-04 -4.86344681929E-05    5  8 10 12 13 14 15 16 17 19
  61182 -1.47125699653E-04  5.09337446272E-05    1  4  5 10 11 12 14 15 19 20
  61183 -1.47124845461E-04  4.86344681929E-05    6  7  9 11 13 14 15 16 18 20
  61184  1.47124742986E-04 -5.09337446272E-05    2  3  6  9 11 12 13 16 19 20
  61185  1.47122057065E-04 -5.54426910135E-05    2  3  4  5  6 10 12 15 17 19
  61186 -1.47122033647E-04  4.88152649243E-05    4  5  7  9 10 12 14 15 17 18
  61255  1.37305712372E-04 -5.94868175040E-04    2  3  5  9 10 11 12 14 18 19
  61256 -1.37305422363E-04  5.94868175040E-04    1  4  6  9 10 11 12 13 17 20
  61257  1.37303456633E-04 -5.77931863769E-04    3  5  6  7 10 14 15 16 18 19
  61258 -1.37303166623E-04  5.77931863769E-04    4  5  6  8  9 13 15 16 17 20
  61259  1.37299589994E-04 -5.86941847563E-04    2  3  5  6 11 14 15 16 18 19
  61260 -1.37299535745E-04  5.86941847563E-04    1  4  5  6 12 13 15 16 17 20
  61261  1.37297211930E-04 -5.85189071319E-04    3  7  9 10 11 12 14 16 18 19
  61262 -1.37297157681E-04  5.85189071319E-04    4  8  9 10 11 12 13 15 17 20
  61395 -1.27970981908E-04  5.77863295749E-05    1  2  4  7 12 13 14 15 17 18
  61396  1.27970338626E-04 -8.67690339504E-05    2  3  4  7  8 12 15 17 19 20
  61397 -1.27967821139E-04  5.77863295749E-05    1  2  3  8 11 13 14 16 17 18
  61398  1.27967791835E-04 -8.66332555767E-05    1  2  5  8 10 13 14 17 18 19
  61399  1.27967177858E-04 -8.67690339504E-05    1  3  4  7  8 11 16 18 19 20
  61400  1.27966698261E-04 -9.91300570292E-05    1  3  4  5  7  8 10 14 19 20
  61401  1.27957663688E-04 -8.66332555767E-05    1  2  6  7  9 13 14 17 18 20
  61402  1.27956570114E-04 -9.91300570292E-05    2  3  4  6  7  8  9 13 19 20
  61427  1.26076447950E-04 -6.55518566053E-05    1  2  5  6 12 13 15 16 17 20
  61428  1.26076386657E-04 -6.53008230330E-05    4  7  8  9 10 11 12 13 15 20
  61429  1.26076283076E-04 -6.55038710875E-05    1  2  3  5  9 10 11 12 14 18
  61430  1.26076236903E-04 -6.64640676560E-05    3  5  6  7  8 10 15 16 18 19
  61431  1.26075992708E-04 -6.55038710875E-05    1  2  4  6  9 10 11 12 13 17
  61432  1.26075946536E-04 -6.64640676560E-05    4  5  6  7  8  9 15 16 17 20
  61433  1.26075870037E-04 -6.55518566053E-05    1  2  5  6 11 14 15 16 18 19
  61434  1.26075808754E-04 -6.53008230330E-05    3  7  8  9 10 11 12 14 16 19
  61583  1.16898681042E-04 -1.11972501237E-04    2  5  9 10 11 12 13 14 18 19
  61584  1.16898309164E-04 -1.11972501237E-04    1  6  9 10 11 12 13 14 17 20
  61585 -1.16897170712E-04  1.10720869739E-04    3  5  6  7 10 14 15 16 19 20
  61586 -1.16896816419E-04  1.15821943983E-04    2  3  5  6 11 14 15 16 17 18
  61587 -1.16896798834E-04  1.10720869739E-04    4  5  6  8  9 13 15 16 19 20
  61588 -1.16896552302E-04  1.15821943983E-04    1  4  5  6 12 13 15 16 17 18
  61589  1.16895310174E-04 -1.15064975832E-04    3  4  7  9 10 11 12 16 18 19
  61590  1.16895046057E-04 -1.15064975832E-04    3  4  8  9 10 11 12 15 17 20
  61675 -1.08448342359E-04  2.29685917716E-04    1  3  4  7  8 10 14 15 18 19
  61676 -1.08448079632E-04  2.38215224333E-04    1  2  3  5  8 12 14 17 18 19
  61677  1.08446145797E-04 -2.31252387772E-04    2  4  7  8 10 13 15 17 19 20
  61678  1.08446079165E-04 -2.29685917716E-04    2  3  4  7  8  9 13 16 17 20
  61679 -1.08446050524E-04  2.31252387772E-04    1  3  7  8  9 14 16 18 19 20
  61680 -1.08445832243E-04  2.34912160080E-04    1  2  4  5  7 12 13 14 17 20
  61681  1.08445816438E-04 -2.38215224333E-04    1  2  4  6  7 11 13 17 18 20
  61682  1.08445736970E-04 -2.34912160080E-04    1  2  3  6  8 11 13 14 18 19
  61683  1.08269261498E-04 -4.99798951003E-05    7  8  9 10 12 13 14 15 16 19
  61684 -1.08269128770E-04  5.53783533984E-05    3  6  7  8  9 10 15 16 17 18
  61685 -1.08269038657E-04  5.73169343086E-05    1  2  5  6 11 12 14 15 19 20
  61686  1.08269036046E-04 -5.66864196392E-05    1  2  3  4  5  6  9 11 12 18
  61687 -1.08268300387E-04  4.99798951003E-05    7  8  9 10 11 13 14 15 16 20
  61688  1.08268169839E-04 -5.53783533984E-05    4  5  7  8  9 10 15 16 17 18
  61689  1.08268077546E-04 -5.73169343086E-05    1  2  5  6 11 12 13 16 19 20
  61690 -1.08268077125E-04  5.66864196392E-05    1  2  3  4  5  6 10 11 12 17
  61711  1.05508486530E-04 -1.09143299990E-04    2  3  7  9 10 11 12 14 15 18
  61712  1.05508361089E-04 -1.14423519343E-04    2  3  5  6  7 12 15 16 18 19
  61713 -1.05506601858E-04  1.10372252575E-04    2  5  6  7  9 14 15 16 18 19
  61714 -1.05506489348E-04  1.09192336389E-04    2  3  6  7  9 10 11 12 14 19
  61715 -1.05504051939E-04  1.09143299990E-04    1  4  8  9 10 11 12 13 16 17
  61716  1.05503930352E-04 -1.10372252575E-04    1  5  6  8 10 13 15 16 17 20
  61717 -1.05503926498E-04  1.14423519343E-04    1  4  5  6  8 11 15 16 17 20
  61718  1.05503817832E-04 -1.09192336389E-04    1  4  5  8  9 10 11 12 13 20
  61719  1.05064754206E-04 -1.12173478684E-04    3  4  8 10 11 13 14 15 18 19
  61720 -1.05064615172E-04  1.12173478684E-04    3  4  7  9 12 13 14 16 17 20
  61721 -1.05064522994E-04  1.11680890450E-04    1  3  5 12 14 16 17 18 19 20
  61722  1.05064383960E-04 -1.11680890450E-04    2  4  6 11 13 15 17 18 19 20
  61723  1.05064189434E-04 -1.08098319377E-04    3  5  8  9 14 16 17 18 19 20
  61724  1.05063929234E-04 -1.10441798656E-04    1  3  4  6 10 11 13 14 18 19
  61725 -1.05063086077E-04  1.08098319377E-04    4  6  7 10 13 15 17 18 19 20
  61726 -1.05062825877E-04  1.10441798656E-04    2  3  4  5  9 12 13 14 17 20
  61727 -1.03704640911E-04  2.19157547741E-04    1  4  5  8 12 13 14 16 17 19
  61728 -1.03704490262E-04  2.23921394045E-04    1  4  8 10 11 14 15 17 19 20
  61729  1.03701356060E-04 -2.22470858960E-04    2  4  5  7  9 12 14 17 18 19
  61730 -1.03701287364E-04  2.21997687449E-04    2  3  4  6  7 10 14 15 17 19
  61731  1.03700176099E-04 -2.22470858960E-04    1  3  6  8 10 11 13 17 18 20
  61732 -1.03700107404E-04  2.21997687449E-04    1  3  4  5  8  9 13 16 18 20
  61733 -1.03692220571E-04  2.19157547741E-04    2  3  6  7 11 13 14 15 18 20
  61734 -1.03692069922E-04  2.23921394045E-04    2  3  7  9 12 13 16 18 19 20
  61735 -1.03196630172E-04  8.39064269376E-05    1  3  4  6 11 13 14 18 19 20
  61736  1.03196257694E-04 -8.80195141484E-05    3  8  9 13 14 16 17 18 19 20
  61737 -1.03195447801E-04  8.39064269376E-05    2  3  4  5 12 13 14 17 19 20
  61738  1.03195075323E-04 -8.80195141484E-05    4  7 10 13 14 15 17 18 19 20
  61739 -1.03194604518E-04  8.31708148865E-05    2  3  4  6 11 13 17 18 19 20
  61740  1.03194224279E-04 -8.26851925708E-05    3  4  7  9 13 14 16 17 18 20
  61741 -1.03193040802E-04  8.31708148865E-05    1  3  4  5 12 14 17 18 19 20
  61742  1.03192660563E-04 -8.26851925708E-05    3  4  8 10 13 14 15 17 18 19
  61795  9.98922149838E-05 -1.46288893743E-05    3  4  7  8  9 10 11 12 15 20
  61796  9.98921844476E-05 -1.46941471880E-05    1  2  5  6 12 13 15 16 17 18
  61797 -9.98917518131E-05  1.46288893743E-05    3  4  7  8  9 10 11 12 16 19
  61798 -9.98917440316E-05  1.57529284065E-05    3  5  6  7  8 10 15 16 19 20
  61799  9.98917329017E-05 -1.47868382094E-05    1  2  5  9 10 11 12 13 14 18
  61800 -9.98917212769E-05  1.46941471880E-05    1  2  5  6 11 14 15 16 17 18
  61801  9.98916750304E-05 -1.57529284065E-05    4  5  6  7  8  9 15 16 19 20
  61802 -9.98916638899E-05  1.47868382094E-05    1  2  6  9 10 11 12 13 14 17
  61803 -9.97363992511E-05  4.17586993598E-04    3  6  7  9 10 11 14 18 19 20
  61804 -9.97352333796E-05  4.17551705313E-04    2  3  5  6  9 13 14 16 18 19
  61805  9.97287042170E-05 -4.17586993598E-04    4  5  8  9 10 12 13 17 19 20
  61806  9.97275383455E-05 -4.17551705313E-04    1  4  5  6 10 13 14 15 17 20
  61807 -9.97247734520E-05  4.13170978161E-04    3  4  6  8 11 13 15 16 17 20
  61808  9.97240418998E-05 -4.13170978161E-04    3  4  5  7 12 14 15 16 18 19
  61809  9.97238867865E-05 -4.11977623096E-04    1  4  9 11 12 13 16 17 18 20
  61810 -9.97231552448E-05  4.11977623096E-04    2  3 10 11 12 14 15 17 18 19
  61851  9.67663221290E-05 -1.65465409481E-04    1  2  3  6  8 11 13 16 18 19
  61852 -9.67662887182E-05  1.65817867936E-04    1  3  7  8  9 11 14 16 18 20
  61853 -9.67580104956E-05  1.63705215407E-04    1  4  5  7  8 10 14 15 18 19
  61854  9.67579529402E-05 -1.69589891158E-04    1  2  3  5  8 10 12 14 17 19
  61855  9.67525210900E-05 -1.65465409481E-04    1  2  4  5  7 12 14 15 17 20
  61856 -9.67524876792E-05  1.65817867936E-04    2  4  7  8 10 12 13 15 17 19
  61857 -9.67508464436E-05  1.63705215407E-04    2  3  6  7  8  9 13 16 17 20
  61858  9.67507888882E-05 -1.69589891158E-04    1  2  4  6  7  9 11 13 18 20
  61859  9.65453202042E-05 -7.00624020266E-05    1  2  4  5 10 11 15 16 17 20
  61860  9.65444566094E-05 -6.32652361261E-05    4  5  7  8 10 11 12 13 16 17
  61861  9.65433429547E-05 -6.32644776887E-05    1  2  4  5  9 10 11 13 16 20
  61862  9.65429629582E-05 -5.45941370206E-05    5  6  7  8 10 11 13 16 17 20
  61863 -9.65422808115E-05  6.32644776887E-05    1  2  3  6  9 10 12 14 15 19
  61864 -9.65419008255E-05  5.45941370206E-05    5  6  7  8  9 12 14 15 18 19
  61865 -9.65302117217E-05  7.00624020266E-05    1  2  3  6  9 12 15 16 18 19
  61866 -9.65293481163E-05  6.32652361261E-05    3  6  7  8  9 11 12 14 15 18
  61883  9.52850688333E-05 -3.71505919698E-05    1  2  3  6 11 12 13 16 19 20
  61884 -9.52850263459E-05  3.85381694504E-05    7  8  9 11 13 14 15 16 18 20
  61885 -9.52847232058E-05  3.89704487994E-05    1  2  3  4  5  6 10 12 17 19
  61886  9.52846800971E-05 -3.68412284608E-05    4  5  7  8  9 10 14 15 17 18
  61887 -9.52836551659E-05  3.89704487994E-05    1  2  3  4  5  6  9 11 18 20
  61888  9.52836120572E-05 -3.68412284608E-05    3  6  7  8  9 10 13 16 17 18
  61889  9.52834606083E-05 -3.71505919698E-05    1  2  4  5 11 12 14 15 19 20
  61890 -9.52834181209E-05  3.85381694504E-05    7  8 10 12 13 14 15 16 17 19
  61939  9.10139910769E-05 -7.08794725624E-05    1  3  6  7  8  9 10 16 17 18
  61940  9.10138573600E-05 -7.18008291556E-05    1  2  3  4  5  6  8  9 11 18
  61941  9.10137266230E-05 -6.09800675393E-05    1  7  8 10 12 13 14 15 16 19
  61942 -9.10133765625E-05  7.15272726585E-05    1  2  5  8 11 12 14 15 19 20
  61943  9.10116230695E-05 -7.08794725624E-05    2  4  5  7  8  9 10 15 17 18
  61944  9.10115504566E-05 -6.09800675393E-05    2  7  8  9 11 13 14 15 16 20
  61945  9.10114893631E-05 -7.18008291556E-05    1  2  3  4  5  6  7 10 12 17
  61946 -9.10112003855E-05  7.15272726585E-05    1  2  6  7 11 12 13 16 19 20
  61995  8.83588274492E-05 -5.18603208588E-04    3  7  8  9 10 11 12 16 18 19
  61996  8.83582180944E-05 -5.18603208588E-04    4  7  8  9 10 11 12 15 17 20
  61997 -8.83572827500E-05  5.18424882956E-04    1  2  3  5  6 11 14 15 16 18
  61998 -8.83566734057E-05  5.18424882956E-04    1  2  4  5  6 12 13 15 16 17
  61999 -8.83545865208E-05  5.24736474422E-04    4  5  6  7  8  9 13 15 16 20
  62000 -8.83537664453E-05  5.24736474422E-04    3  5  6  7  8 10 14 15 16 19
  62001 -8.83534154476E-05  5.12431258193E-04    1  2  6  9 10 11 12 13 17 20
  62002 -8.83525953721E-05  5.12431258193E-04    1  2  5  9 10 11 12 14 18 19
  62027 -8.68582756117E-05  3.22787269304E-04    2  3  4  7 11 12 14 15 17 18
  62028  8.68574135121E-05 -3.14775461753E-04    2  3  4  7 12 15 16 17 18 19
  62029 -8.68541901441E-05  3.22787269304E-04    1  3  4  8 11 12 13 16 17 18
  62030  8.68533280444E-05 -3.14775461753E-04    1  3  4  8 11 15 16 17 18 20
  62031  8.68521784940E-05 -3.14774961348E-04    1  5  6  8 10 13 14 17 19 20
  62032 -8.68507744613E-05  3.05113604328E-04    1  4  5  8  9 10 13 14 19 20
  62033  8.68458409301E-05 -3.14774961348E-04    2  5  6  7  9 13 14 18 19 20
  62034 -8.68444368974E-05  3.05113604328E-04    2  3  6  7  9 10 13 14 19 20
  62059 -8.37060127930E-05  6.72067271815E-05    2  5  6  7  9 14 15 18 19 20
  62060 -8.37060108239E-05  6.70866490763E-05    2  3  6  7  9 10 12 13 14 19
  62061 -8.37052205580E-05  6.70928868609E-05    2  3  6  7 12 15 16 17 18 19
  62062 -8.37052174834E-05  6.70601463641E-05    2  3  4  7  9 11 12 14 15 18
  62063  8.37041820329E-05 -6.72067271815E-05    1  5  6  8 10 13 16 17 19 20
  62064  8.37041800639E-05 -6.70866490763E-05    1  4  5  8  9 10 11 13 14 20
  62065  8.37038669311E-05 -6.70928868609E-05    1  4  5  8 11 15 16 17 18 20
  62066  8.37038638564E-05 -6.70601463641E-05    1  3  4  8 10 11 12 13 16 17
  62075 -8.31636930936E-05  1.23025987841E-05    3  4  7  9 10 12 13 14 17 20
  62076 -8.31636500797E-05  1.18257830187E-05    2  4  5  6 13 15 17 18 19 20
  62077 -8.31634240383E-05  1.23025987841E-05    3  4  8  9 10 11 13 14 18 19
  62078 -8.31633810244E-05  1.18257830187E-05    1  3  5  6 14 16 17 18 19 20
  62079  8.31631846767E-05 -1.22370073664E-05    3  5  8 14 15 16 17 18 19 20
  62080  8.31631555726E-05 -1.37526547565E-05    1  3  4 10 11 12 13 14 18 19
  62081  8.31630804746E-05 -1.22370073664E-05    4  6  7 13 15 16 17 18 19 20
  62082  8.31630513599E-05 -1.37526547565E-05    2  3  4  9 11 12 13 14 17 20
  62135 -7.69973248930E-05  1.17312601113E-05    1  3  5  7  8  9 10 12 14 16
  62136  7.69971547327E-05 -1.17312601113E-05    2  4  6  7  8  9 10 11 13 15
  62137  7.69970311138E-05 -1.25791350032E-05    1  2  5  6  8 10 11 15 18 19
  62140 -7.69968609536E-05  1.25791350032E-05    1  2  5  6  7  9 12 16 17 20
  62143  7.69965573818E-05 -6.56930587797E-06    1  6  7  8 10 11 15 16 18 19
  62144  7.69964224540E-05 -8.66575305663E-06    1  2  3  5  8  9 11 12 14 16
  62149 -7.69943324944E-05  6.56930587797E-06    2  5  7  8  9 12 15 16 17 20
  62150 -7.69941975665E-05  8.66575305663E-06    1  2  4  6  7 10 11 12 13 15
  62167 -7.61066966439E-05  2.84538904180E-05    1  2  5  6  8 11 12 15 18 19
  62168  7.61065850816E-05 -2.87308343201E-05    1  3  7  8  9 10 12 14 15 16
  62169 -7.61065243146E-05  2.84538904180E-05    1  2  5  6  7 11 12 16 17 20
  62170  7.61064127522E-05 -2.87308343201E-05    2  4  7  8  9 10 11 13 15 16
  62171  7.61062357055E-05 -2.91753857933E-05    1  2  4  5  6  7 10 11 12 13
  62172 -7.61061738013E-05  2.95142910277E-05    2  5  7  8  9 10 15 16 17 20
  62173  7.61060173718E-05 -2.91753857933E-05    1  2  3  5  6  8  9 11 12 14
  62174 -7.61059554676E-05  2.95142910277E-05    1  6  7  8  9 10 15 16 18 19
  62183 -7.48295186029E-05  6.23166664086E-05    3  4  7  8  9 10 11 14 15 18
  62184 -7.48295067149E-05  6.16430265152E-05    1  2  3  5  6 12 16 17 18 19
  62185 -7.48294330279E-05  6.23166664086E-05    3  4  7  8  9 10 12 13 16 17
  62186 -7.48294211399E-05  6.16430265152E-05    1  2  4  5  6 11 15 17 18 20
  62187 -7.48288840294E-05  6.29202350026E-05    1  2  3  6 10 11 12 13 14 19
  62188  7.48288811654E-05 -6.24358489013E-05    5  7  8  9 14 15 16 18 19 20
  62189 -7.48285091399E-05  6.29202350026E-05    1  2  4  5  9 11 12 13 14 20
  62190  7.48285062758E-05 -6.24358489013E-05    6  7  8 10 13 15 16 17 19 20
  62265  6.91099159169E-05 -6.25375648615E-05    1  2  3  6  8 11 13 18 19 20
  62266  6.91098875709E-05 -6.22369824176E-05    1  3  7  8  9 13 14 16 18 20
  62267 -6.91069409976E-05  6.33743682983E-05    1  2  3  4  5  8 12 14 17 19
  62268  6.91069387442E-05 -6.17050634749E-05    1  4  7  8 10 14 15 17 18 19
  62269  6.91062516064E-05 -6.33743682983E-05    1  2  3  4  6  7 11 13 18 20
  62270 -6.91062493530E-05  6.17050634749E-05    2  3  7  8  9 13 16 17 18 20
  62271 -6.91050524294E-05  6.25375648615E-05    1  2  4  5  7 12 14 17 19 20
  62272 -6.91050240834E-05  6.22369824176E-05    2  4  7  8 10 13 14 15 17 19
  62281  6.84810065402E-05 -8.65933892613E-05    2  3  6  7  8  9 11 12 14 15
  62282 -6.84808486471E-05  8.57953524394E-05    1  2  6  7  9 12 15 16 18 19
  62283  6.84796960009E-05 -9.07173675405E-05    2  5  6  7  8  9 12 15 18 19
  62284 -6.84795859970E-05  8.65934861195E-05    1  2  3  6  7  9 10 12 14 15
  62285 -6.84775214140E-05  8.65933892613E-05    1  4  5  7  8 10 11 12 13 16
  62286  6.84773635314E-05 -8.57953524394E-05    1  2  5  8 10 11 15 16 17 20
  62287 -6.84767699080E-05  9.07173675405E-05    1  5  6  7  8 10 11 16 17 20
  62288  6.84766599040E-05 -8.65934861195E-05    1  2  4  5  8  9 10 11 13 16
  62417  6.04765657334E-05 -1.36033438257E-05    1  3  4  6 11 12 13 14 19 20
  62418 -6.04763232655E-05  1.52085738029E-05    8  9 13 14 15 16 17 18 19 20
  62419 -6.04760728478E-05  1.36033438257E-05    2  3  4  5 11 12 13 14 19 20
  62420  6.04760274226E-05 -2.07405087720E-05    1  3  4  5  6 12 17 18 19 20
  62421 -6.04759966863E-05  2.07405087720E-05    2  3  4  5  6 11 17 18 19 20
  62422  6.04758303694E-05 -1.52085738029E-05    7 10 13 14 15 16 17 18 19 20
  62423  6.04758015180E-05 -1.28283684835E-05    3  4  8  9 10 13 14 15 17 18
  62424 -6.04757707817E-05  1.28283684835E-05    3  4  7  9 10 13 14 16 17 18
  62461  5.87509147523E-05 -6.39421000830E-07    1  2  3  4  5  6 17 18 19 20
  62464  5.87507889327E-05 -1.18163417761E-07    7  8 13 14 15 16 17 18 19 20
  62489 -5.75759268932E-05  5.63982606942E-05    3  4  7  8  9 12 13 14 16 17
  62490  5.75758705697E-05 -5.65992061191E-05    1  2  4  6 11 15 17 18 19 20
  62491 -5.75755438957E-05  5.63982606942E-05    3  4  7  8 10 11 13 14 15 18
  62492  5.75754875828E-05 -5.65992061191E-05    1  2  3  5 12 16 17 18 19 20
  62493 -5.75749671304E-05  5.63243861978E-05    5  7  8  9 14 16 17 18 19 20
  62494 -5.75749586540E-05  5.63243861978E-05    6  7  8 10 13 15 17 18 19 20
  62495  5.75749346146E-05 -5.66749445014E-05    1  2  3  4  6 10 11 13 14 19
  62496  5.75749261382E-05 -5.66749445014E-05    1  2  3  4  5  9 12 13 14 20
  62497  5.73786807191E-05 -1.32967051290E-05    4  6  7  8 13 15 16 17 18 19
  62498  5.73786056948E-05 -1.42830018669E-05    3  7  8  9 10 12 13 14 17 20
  62499  5.73784588684E-05 -1.25875804647E-05    1  2  3  4  9 11 12 14 17 20
  62500  5.73783661648E-05 -1.15450194530E-05    1  2  4  5  6 13 15 18 19 20
  62501  5.73776278736E-05 -1.42830018669E-05    4  7  8  9 10 11 13 14 18 19
  62502  5.73775590408E-05 -1.32967051290E-05    3  5  7  8 14 15 16 17 18 20
  62503  5.73773883435E-05 -1.15450194530E-05    1  2  3  5  6 14 16 17 19 20
  62504  5.73773372007E-05 -1.25875804647E-05    1  2  3  4 10 11 12 13 18 19
  62561  5.29765946889E-05 -3.77044219766E-05    1  2  5  7 10 11 12 13 14 18
  62562  5.29765317844E-05 -3.77044219766E-05    1  2  6  8  9 11 12 13 14 17
  62563 -5.29764716491E-05  3.81226209072E-05    2  3  5  7  8 10 15 16 19 20
  62564 -5.29764087446E-05  3.81226209072E-05    1  4  6  7  8  9 15 16 19 20
  62565  5.29763549904E-05 -3.81388330348E-05    1  2  5  6  8 12 13 15 17 18
  62566  5.29762130287E-05 -3.81388330348E-05    1  2  5  6  7 11 14 16 17 18
  62567  5.29761793652E-05 -3.79455142596E-05    1  3  4  7  8  9 10 12 15 20
  62568  5.29760373930E-05 -3.79455142596E-05    2  3  4  7  8  9 10 11 16 19
  62569 -5.29758599988E-05  1.33428717520E-04    1  2  8  9 11 12 13 14 17 18
  62570  5.29754978292E-05 -1.36202352870E-04    1  3  4  6  7  8 15 16 19 20
  62571  5.29749004151E-05 -1.33428717520E-04    1  2  7 10 11 12 13 14 17 18
  62572  5.29747426483E-05 -1.35691251459E-04    1  2  5  6  8 13 14 15 17 18
  62573 -5.29745382454E-05  1.36202352870E-04    2  3  4  5  7  8 15 16 19 20
  62574 -5.29743286829E-05  1.35691251459E-04    1  2  5  6  7 13 14 16 17 18
  62575  5.29742645675E-05 -1.35691482407E-04    1  3  4  7  8  9 10 12 19 20
  62576 -5.29738506021E-05  1.35691482407E-04    2  3  4  7  8  9 10 11 19 20
  62733  4.37655862701E-05 -1.79006365361E-04    1  2  3  4  5  6  7 10 11 12
  62734 -4.37654495944E-05  1.79995104001E-04    2  5  7  8  9 10 15 16 17 18
  62735  4.37651251843E-05 -1.76489083430E-04    1  2  5  6  8 11 12 15 19 20
  62736 -4.37650085150E-05  1.79006365361E-04    1  2  3  4  5  6  8  9 11 12
  62737  4.37648718393E-05 -1.79995104001E-04    1  6  7  8  9 10 15 16 17 18
  62738  4.37648370070E-05 -1.83748081995E-04    1  7  8  9 10 12 13 14 15 16
  62739 -4.37648322370E-05  1.76489083430E-04    1  2  5  6  7 11 12 16 19 20
  62740 -4.37645440597E-05  1.83748081995E-04    2  7  8  9 10 11 13 14 15 16
  62741 -4.36919309412E-05  2.75534777273E-05    3  7  8  9 10 11 12 14 15 16
  62742 -4.36919190321E-05  2.75927928653E-05    1  2  5  6 11 12 15 16 18 19
  62743 -4.36918048794E-05  2.83237817068E-05    5  6  7  8  9 10 15 16 18 19
  62744 -4.36918047320E-05  2.74636433846E-05    1  2  3  5  6  9 10 11 12 14
  62745  4.36915171338E-05 -2.75534777273E-05    4  7  8  9 10 11 12 13 15 16
  62746  4.36915052247E-05 -2.75927928653E-05    1  2  5  6 11 12 15 16 17 20
  62747  4.36914539555E-05 -2.83237817068E-05    5  6  7  8  9 10 15 16 17 20
  62748  4.36914538081E-05 -2.74636433846E-05    1  2  4  5  6  9 10 11 12 13
  62749  4.31156483295E-05 -4.53429878331E-05    1  2  3  4  5  6  9 10 11 12
  62750  4.31156264698E-05 -4.46922227831E-05    5  6  7  8  9 10 15 16 17 18
  62751  4.31154980914E-05 -4.50553914014E-05    1  2  5  6 11 12 15 16 19 20
  62752  4.31154639857E-05 -4.60397989850E-05    7  8  9 10 11 12 13 14 15 16
  62769  4.16538942088E-05 -1.76977787434E-05    3  6  8  9 10 15 16 17 18 19
  62770 -4.16538389173E-05  1.80731338575E-05    1  3  4  5  6  9 11 12 14 18
  62771  4.16537665992E-05 -1.58458879061E-05    3  8  9 10 12 13 14 15 16 19
  62772  4.16537619556E-05 -1.76977787434E-05    4  5  7  9 10 15 16 17 18 20
  62773 -4.16537066640E-05  1.80731338575E-05    2  3  4  5  6 10 11 12 13 17
  62774  4.16536765490E-05 -1.82482676010E-05    1  5  6 11 12 14 15 18 19 20
  62775  4.16531635938E-05 -1.58458879061E-05    4  7  9 10 11 13 14 15 16 20
  62776  4.16530735436E-05 -1.82482676010E-05    2  5  6 11 12 13 16 17 19 20
  62849  3.52764548401E-05 -2.35345134107E-04    1  2  5  6 12 13 15 16 19 20
  62850 -3.52763798474E-05  2.35728826479E-04    1  2  3  4  6  9 10 11 12 17
  62851  3.52762901026E-05 -2.31497851963E-04    4  5  6  7  8  9 15 16 17 18
  62852  3.52762816578E-05 -2.40589781879E-04    7  8  9 10 11 12 13 14 15 20
  62853 -3.52761967882E-05  2.35345134107E-04    1  2  5  6 11 14 15 16 19 20
  62854  3.52760657670E-05 -2.35728826479E-04    1  2  3  4  5  9 10 11 12 18
  62855 -3.52760236060E-05  2.40589781879E-04    7  8  9 10 11 12 13 14 16 19
  62856 -3.52759760222E-05  2.31497851963E-04    3  5  6  7  8 10 15 16 17 18
  62897  3.12700645154E-05 -4.42455086910E-05    3  6  7  8 10 15 16 17 18 19
  62898 -3.12700619882E-05  4.45390369401E-05    1  2  3  4  5  9 11 12 14 18
  62899  3.12700616829E-05 -4.42455086910E-05    4  5  7  8  9 15 16 17 18 20
  62900 -3.12700591557E-05  4.45390369401E-05    1  2  3  4  6 10 11 12 13 17
  62901  3.12699273552E-05 -4.38678522838E-05    4  7  8  9 10 11 13 14 15 20
  62902  3.12699030211E-05 -4.47612359131E-05    1  2  5  6 12 13 16 17 19 20
  62903  3.12697372096E-05 -4.38678522838E-05    3  7  8  9 10 12 13 14 16 19
  62904  3.12697128649E-05 -4.47612359131E-05    1  2  5  6 11 14 15 18 19 20
  62937  2.88489757319E-05 -2.62692721833E-05    3  4  7  8  9 10 13 14 15 18
  62938  2.88489626645E-05 -2.56946904692E-05    1  2  3  5  6 12 17 18 19 20
  62939 -2.88489178500E-05  2.62692721833E-05    3  4  7  8  9 10 13 14 16 17
  62940 -2.88489047721E-05  2.56946904692E-05    1  2  4  5  6 11 17 18 19 20
  62941  2.88487185540E-05 -2.61514991391E-05    7  8  9 14 15 16 17 18 19 20
  62942 -2.88487164691E-05  2.63241120089E-05    1  2  3  4  6 11 12 13 14 19
  62943 -2.88486491842E-05  2.61514991391E-05    7  8 10 13 15 16 17 18 19 20
  62944  2.88486470994E-05 -2.63241120089E-05    1  2  3  4  5 11 12 13 14 20
  62949  2.86075713401E-05 -2.58964921545E-05    3  4  8  9 10 11 13 14 15 18
  62950  2.86075479010E-05 -2.51133481984E-05    1  3  5  6 12 16 17 18 19 20
  62951 -2.86075097729E-05  2.58189700630E-05    5  8  9 14 15 16 17 18 19 20
  62952 -2.86074958526E-05  2.59684311455E-05    1  3  4  6 10 11 12 13 14 19
  62953  2.86072750760E-05 -2.58964921545E-05    3  4  7  9 10 12 13 14 16 17
  62954  2.86072516368E-05 -2.51133481984E-05    2  4  5  6 11 15 17 18 19 20
  62955 -2.86069866775E-05  2.58189700630E-05    6  7 10 13 15 16 17 18 19 20
  62956 -2.86069727572E-05  2.59684311455E-05    2  3  4  5  9 11 12 13 14 20
  62977 -2.67938434749E-05  4.46500969635E-05    3  5  7  8  9 10 12 13 14 16
  62978 -2.67938248584E-05  4.46500969635E-05    4  6  7  8  9 10 11 13 14 15
  62979  2.67937758320E-05 -4.47339860769E-05    1  2  5  6 10 11 15 18 19 20
  62980  2.67937572154E-05 -4.47339860769E-05    1  2  5  6  9 12 16 17 19 20
  62981 -2.67928817115E-05  4.46782958991E-05    6  7  8 10 11 15 16 17 18 19
  62982  2.67928475741E-05 -4.50585516019E-05    1  2  3  4  5  9 11 12 14 16
  62983 -2.67924808030E-05  4.46782958991E-05    5  7  8  9 12 15 16 17 18 20
  62984  2.67924466656E-05 -4.50585516019E-05    1  2  3  4  6 10 11 12 13 15
  62985  2.67389876844E-05 -9.65932150343E-06    1  2  3  5  6  9 11 16 18 20
  62986 -2.67389721952E-05  7.42166225247E-06    3  6  7  8  9 10 11 13 16 18
  62987 -2.67375977932E-05  9.65932150343E-06    1  2  4  5  6 10 12 15 17 19
  62988  2.67375823039E-05 -7.42166225247E-06    4  5  7  8  9 10 12 14 15 17
  62989 -2.67365316486E-05  8.18668592986E-06    5  7  8 10 12 14 15 16 17 19
  62990 -2.67365241830E-05  8.12067837888E-06    1  2  4  5 10 11 12 14 15 19
  62991  2.67342746140E-05 -8.18668592986E-06    6  7  8  9 11 13 15 16 18 20
  62992  2.67342671589E-05 -8.12067837888E-06    1  2  3  6  9 11 12 13 16 20
  63033  2.44806388818E-05 -1.13501526787E-04    1  2  4  6  9 10 11 12 13 19
  63034  2.44804836317E-05 -1.11987102662E-04    5  6  7  8  9 14 15 16 17 20
  63035  2.44798485422E-05 -1.13501526787E-04    1  2  3  5  9 10 11 12 14 20
  63036  2.44797817101E-05 -1.13027043531E-04    1  2  3  5  6 12 15 16 17 20
  63037  2.44796933026E-05 -1.11987102662E-04    5  6  7  8 10 13 15 16 18 19
  63038  2.44795270067E-05 -1.11829817013E-04    4  7  8  9 10 11 12 13 15 18
  63039  2.44786324334E-05 -1.13027043531E-04    1  2  4  5  6 11 15 16 18 19
  63040  2.44783777195E-05 -1.11829817013E-04    3  7  8  9 10 11 12 14 16 17
  63041 -2.43315776161E-05  5.82362053081E-05    1  2  6 11 12 15 16 17 19 20
  63042  2.43315161015E-05 -5.97792944917E-05    4  7  8  9 11 12 13 14 15 16
  63043  2.43314548291E-05 -5.81734165568E-05    1  2  3  4  5  6  9 10 12 13
  63044  2.43314225660E-05 -5.62992218480E-05    5  6  7  8  9 10 15 17 18 20
  63045  2.43313825320E-05 -5.82362053081E-05    1  2  5 11 12 15 16 18 19 20
  63046 -2.43313490370E-05  5.81734165568E-05    1  2  3  4  5  6  9 10 11 14
  63047 -2.43313210279E-05  5.97792944917E-05    3  7  8 10 11 12 13 14 15 16
  63048 -2.43313167739E-05  5.62992218480E-05    5  6  7  8  9 10 16 17 18 19
  63073 -2.35665464817E-05  2.44903568399E-06    1  2  3  4 10 11 13 16 17 20
  63077  2.35641100733E-05 -2.44903568399E-06    1  2  3  4  9 12 14 15 18 19
  63097  2.15589444373E-05 -6.38071972812E-04    5  7  8 10 12 13 14 15 16 17
  63098  2.15585041898E-05 -6.42803405510E-04    1  2  4  5 10 11 12 15 19 20
  63099 -2.15552021121E-05  6.38281734960E-04    6  7  8  9 10 11 13 16 17 18
  63100 -2.15550487152E-05  6.39798454603E-04    1  2  3  4  5  6  9 11 16 20
  63101 -2.15495961215E-05  6.38281734960E-04    5  7  8  9 10 12 14 15 17 18
  63102 -2.15494427246E-05  6.39798454603E-04    1  2  3  4  5  6 10 12 15 19
  63103  2.15493088813E-05 -6.38071972812E-04    6  7  8  9 11 13 14 15 16 18
  63104  2.15488686338E-05 -6.42803405510E-04    1  2  3  6  9 11 12 16 19 20
  63141 -1.89401658521E-05  9.67482378384E-04    3  5  8  9 10 12 14 16 17 19
  63142  1.89397049032E-05 -9.58732573651E-04    1  4  5  6 10 11 14 15 18 19
  63143 -1.89373564811E-05  9.67482378384E-04    4  6  7  9 10 11 13 15 18 20
  63144  1.89368955427E-05 -9.58732573651E-04    2  3  5  6  9 12 13 16 17 20
  63145 -1.89338668902E-05  9.42560403743E-04    3  6  8 10 11 13 15 16 18 19
  63146  1.89335880738E-05 -9.53274950536E-04    1  3  5  9 11 12 14 16 18 20
  63147 -1.89272459611E-05  9.42560403743E-04    4  5  7  9 12 14 15 16 17 20
  63148  1.89269671447E-05 -9.53274950536E-04    2  4  6 10 11 12 13 15 17 19
  63149 -1.85763153115E-05  1.21307842089E-04    1  2  3 10 11 12 13 14 15 18
  63150 -1.85761970417E-05  1.22166815289E-04    3  5  7  8 12 15 16 18 19 20
  63151 -1.85756922680E-05  1.21307842089E-04    1  2  4  9 11 12 13 14 16 17
  63152 -1.85755739982E-05  1.22166815289E-04    4  6  7  8 11 15 16 17 19 20
  63153 -1.85752616341E-05  1.22424465760E-04    1  2  5  6  9 14 16 17 18 19
  63154  1.85751155553E-05 -1.21974027471E-04    3  4  6  7  8  9 10 11 14 19
  63155 -1.85748648743E-05  1.22424465760E-04    1  2  5  6 10 13 15 17 18 20
  63156  1.85747187955E-05 -1.21974027471E-04    3  4  5  7  8  9 10 12 13 20
  63173  1.78971854739E-05 -5.52965843171E-05    3  5  7  8 10 15 16 18 19 20
  63174  1.78971412491E-05 -5.55419612837E-05    1  2  3  5 10 11 12 13 14 18
  63175  1.78970461236E-05 -5.53510166068E-05    3  4  7  8  9 10 11 14 16 19
  63176  1.78969833560E-05 -5.55135773867E-05    1  2  5  6 11 14 16 17 18 19
  63177  1.78969440275E-05 -5.53510166068E-05    3  4  7  8  9 10 12 13 15 20
  63178  1.78968812703E-05 -5.55135773867E-05    1  2  5  6 12 13 15 17 18 20
  63179  1.78968375299E-05 -5.52965843171E-05    4  6  7  8  9 15 16 17 19 20
  63180  1.78967933051E-05 -5.55419612837E-05    1  2  4  6  9 11 12 13 14 17
  63221 -1.30762144864E-05  1.10609398470E-04    2  5  6  7  9 12 15 16 19 20
  63222  1.30761727045E-05 -1.10168452225E-04    2  6  7  9 10 11 12 13 14 15
  63223  1.30761581524E-05 -1.09861475438E-04    2  3  4  6  7  9 10 11 12 15
  63224 -1.30761159493E-05  1.10677791960E-04    2  5  6  7  9 12 15 16 17 18
  63227  1.30757994681E-05 -1.09861475438E-04    1  3  4  5  8  9 10 11 12 16
  63228 -1.30757572650E-05  1.10677791960E-04    1  5  6  8 10 11 15 16 17 18
  63231 -1.30751862068E-05  1.10609398470E-04    1  5  6  8 10 11 15 16 19 20
  63232  1.30751444354E-05 -1.10168452225E-04    1  5  8  9 10 11 12 13 14 16
  63285  1.07566254512E-05 -2.13412107675E-05    6  7  8  9 10 15 16 17 18 19
  63286 -1.07566190807E-05  2.14579608752E-05    1  2  3  4  5  6  9 11 12 14
  63287 -1.07565754666E-05  2.10730081710E-05    3  7  8  9 10 12 13 14 15 16
  63288 -1.07565558814E-05  2.16348910241E-05    1  2  5  6 11 12 15 18 19 20
  63289  1.07561837822E-05 -2.10730081710E-05    4  7  8  9 10 11 13 14 15 16
  63290  1.07561641969E-05 -2.16348910241E-05    1  2  5  6 11 12 16 17 19 20
  63291 -1.07560276370E-05  2.13412107675E-05    5  7  8  9 10 15 16 17 18 20
  63292  1.07560212560E-05 -2.14579608752E-05    1  2  3  4  5  6 10 11 12 13
  63293 -1.04831937410E-05  1.52458456412E-05    1  6  7  8 10 15 16 17 18 19
  63294 -1.04831811896E-05  1.53703723782E-05    1  2  3  4  5  8  9 11 12 14
  63295  1.04829481564E-05 -1.48723471242E-05    2  4  7  8  9 10 11 13 14 15
  63296  1.04829194629E-05 -1.53320125813E-05    1  2  5  6  7 12 16 17 19 20
  63297  1.04828440280E-05 -1.48723471242E-05    1  3  7  8  9 10 12 13 14 16
  63298 -1.04828159663E-05  1.52458456412E-05    2  5  7  8  9 15 16 17 18 20
  63299  1.04828153451E-05 -1.53320125813E-05    1  2  5  6  8 11 15 18 19 20
  63300 -1.04828034254E-05  1.53703723782E-05    1  2  3  4  6  7 10 11 12 13
  63341 -8.41718599056E-06  4.13777761139E-06    6  7  8 13 15 16 17 18 19 20
  63342  8.41718471647E-06 -4.25099956741E-06    1  2  3  4  9 11 12 13 14 20
  63343  8.41680300364E-06 -4.14436671647E-06    3  4  7  8  9 10 12 13 14 17
  63344  8.41679826526E-06 -4.02290673161E-06    1  2  4  5  6 15 17 18 19 20
  63345  8.41630475841E-06 -4.13777761139E-06    5  7  8 14 15 16 17 18 19 20
  63346 -8.41630348432E-06  4.25099956741E-06    1  2  3  4 10 11 12 13 14 19
  63347 -8.41626191299E-06  4.14436671647E-06    3  4  7  8  9 10 11 13 14 18
  63348 -8.41625717461E-06  4.02290673161E-06    1  2  3  5  6 16 17 18 19 20
  63357 -7.48484779931E-06  1.34024201156E-04    3  7  8  9 10 11 14 18 19 20
  63358  7.48324367039E-06 -1.33846076520E-04    1  2  3  5  6 13 14 16 18 19
  63359 -7.48271627890E-06  1.34024201156E-04    4  7  8  9 10 12 13 17 19 20
  63360  7.48111214998E-06 -1.33846076520E-04    1  2  4  5  6 13 14 15 17 20
  63361 -7.48096161712E-06  1.27974838235E-04    3  4  6  7  8 13 15 16 17 20
  63362 -7.47962933395E-06  1.29379924096E-04    1  2  4  9 11 12 13 17 18 20
  63363 -7.47906632042E-06  1.27974838235E-04    3  4  5  7  8 14 15 16 18 19
  63364 -7.47773402672E-06  1.29379924096E-04    1  2  3 10 11 12 14 17 18 19
  63365 -6.34531807262E-06  1.29721957218E-04    1  2  3 10 11 12 13 14 19 20
  63366  6.34525111413E-06 -1.29721957218E-04    1  2  4  9 11 12 13 14 19 20
  63367  6.34515531475E-06 -1.32728492386E-04    5  7  8 13 14 15 16 18 19 20
  63368 -6.34508836680E-06  1.32728492386E-04    6  7  8 13 14 15 16 17 19 20
  63369 -6.34495958835E-06  1.37586341638E-04    1  2  3  4  5  6 16 17 18 19
  63370  6.34483314748E-06 -1.37586341638E-04    1  2  3  4  5  6 15 17 18 20
  63371 -6.34478935438E-06  1.33054706660E-04    3  4  7  8  9 10 11 14 17 18
  63372  6.34466291352E-06 -1.33054706660E-04    3  4  7  8  9 10 12 13 17 18
  63405  5.40087688592E-06 -2.49435520655E-05    3  4  7  8 15 16 17 18 19 20
  63406  5.40085118287E-06 -2.55785680267E-05    1  2  3  4 11 12 13 14 17 18
  63407  5.40072303620E-06 -2.52373770931E-05    3  4  7  8  9 10 13 14 19 20
  63408  5.40069192088E-06 -2.49435543097E-05    1  2  5  6 13 14 17 18 19 20
  63465 -1.97040090659E-06  2.49390328961E-04    1  3  5  6  9 11 12 16 18 20
  63466 -1.97039648410E-06  2.50333628800E-04    6  7  9 10 11 13 15 16 18 20
  63467  1.97037508772E-06 -2.49625932492E-04    2  3  5  6  9 11 12 13 16 20
  63468 -1.97036997027E-06  2.48362155254E-04    3  6  8  9 10 11 13 15 16 18
  63469  1.96983389177E-06 -2.50333628800E-04    5  8  9 10 12 14 15 16 17 19
  63470 -1.96981249538E-06  2.49625932492E-04    1  4  5  6 10 11 12 14 15 19
  63471  1.96943323598E-06 -2.49390328961E-04    2  4  5  6 10 11 12 15 17 19
  63472  1.96940229966E-06 -2.48362155254E-04    4  5  7  9 10 12 14 15 16 17
  63473  1.56901163483E-06 -2.51662649323E-06    5  6  7  8  9 15 16 17 18 20
  63474 -1.56900941305E-06  2.39624046191E-06    1  2  3  4  6  9 10 11 12 13
  63475 -1.56885571075E-06  2.29176122833E-06    3  7  8  9 10 11 12 13 14 16
  63476 -1.56885064596E-06  2.38058275347E-06    1  2  5  6 11 15 16 18 19 20
  63477  1.56879650214E-06 -2.29176122833E-06    4  7  8  9 10 11 12 13 14 15
  63478  1.56879143735E-06 -2.38058275347E-06    1  2  5  6 12 15 16 17 19 20
  63479 -1.56873966272E-06  2.51662649323E-06    5  6  7  8 10 15 16 17 18 19
  63480  1.56873744095E-06 -2.39624046191E-06    1  2  3  4  5  9 10 11 12 14
  63481 -1.25043766269E-06  7.00649906667E-04    4  5  7  8  9 10 12 13 15 20
  63482  1.25024989674E-06 -7.00649906667E-04    3  6  7  8  9 10 11 14 16 19
  63483 -1.24823437172E-06  6.99242420509E-04    1  2  5  6 10 12 13 15 17 20
  63484  1.24804660578E-06 -6.99242420509E-04    1  2  5  6  9 11 14 16 18 19
  63485 -1.24607640066E-06  6.95519342797E-04    4  6  7  8  9 11 15 16 17 20
  63486  1.24489143878E-06 -6.95519342797E-04    3  5  7  8 10 12 15 16 18 19
  63487 -1.24457147222E-06  6.90344641703E-04    1  2  4  6  9 11 12 13 16 17
  63488  1.24338652087E-06 -6.90344641703E-04    1  2  3  5 10 11 12 14 15 18
  63489  1.23239073586E-06 -2.29480726497E-04    1  2  4  6  7 10 11 12 13 19
  63490 -1.23215224827E-06  2.35630802630E-04    2  5  7  8  9 14 15 16 17 20
  63491  1.23041323365E-06 -2.20532940828E-04    1  2  3  5  6  7 12 16 17 20
  63492  1.22990528003E-06 -2.25713777284E-04    2  4  7  8  9 10 11 13 15 18
  63493 -1.22960798395E-06  2.29480726497E-04    1  2  3  5  8  9 11 12 14 20
  63494  1.22936948583E-06 -2.35630802630E-04    1  6  7  8 10 13 15 16 18 19
  63495 -1.22887346237E-06  2.20532940828E-04    1  2  4  5  6  8 11 15 18 19
  63496 -1.22836550875E-06  2.25713777284E-04    1  3  7  8  9 10 12 14 16 17
