TERM-2
  1 3.4236450777531724
  2 3.4230672771502695
  3 3.4468396272685600
  4 3.4468396272685600
  5 3.4402340989126627
  6 3.4407720874615637
  7 3.4468396272685600
  8 3.4400628121955990
  9 3.4236450777531724
  10 3.4400628121955990
  11 3.4402340989126627
  12 3.4407720874615637
  13 3.4400628121955990
  14 3.4236450777531724
  15 3.4400628121955990
  16 3.4468396272685600
  17 3.4407720874615637
  18 3.4407720874615637
  19 3.4236450777531724
  20 3.4230672771502695
  21 3.4230672771502695
  22 3.4230672771502695
TERM-02
  1 2 0.67728381935565893E-001
  1 3 -0.71878172972889820
  1 4 -1.0816123581894652
  1 5 -0.18718403561916117
  1 6 -0.80633659673350871E-001
  1 7 -1.0720794442562578
  1 8 0.16909909908483297E-002
  1 9 -0.57296185822929280
  1 10 -0.96423850892675744E-001
  1 11 -0.61608145690890725
  1 12 -0.53473483605926531
  1 13 -0.48196581839114871
  1 14 -0.72529055303570988
  1 15 -0.45494077024373764
  1 16 -0.68605901247621259
  1 17 -0.43117444048245568
  1 18 0.36896630134360964
  1 19 -0.18073203407875499
  1 20 0.21772786169437081
  1 21 -0.38558583352018100
  1 22 -0.41930191011060131
  2 1 0.67095325711165943E-001
  2 3 0.69106217648100399
  2 4 -0.58169434703616441
  2 5 -0.28214950732423355
  2 6 1.0601403701040308
  2 7 -0.58499843017143527
  2 8 1.1304119358403333
  2 9 -0.41965985032939845
  2 10 1.5723335372171130
  2 11 -0.18246081826268015
  2 12 -0.10051306133662931
  2 13 0.74226756196946186E-002
  2 14 -0.38379718994352968
  2 15 -0.93793933143375527E-003
  2 16 0.54493300128016942
  2 17 -0.12530534486968298
  2 18 0.67925902109591740
  2 19 0.21712869692191900
  2 20 1.3822800765106171
  2 21 0.15485400310323491E-001
  2 22 0.24990968979904511E-001
  3 1 -0.71737169313422755
  3 2 0.69451071291536604
  3 4 -1.1575800405974284
  3 5 -0.97332378986945278
  3 6 0.31797294095517177E-002
  3 7 -1.1601782157170926
  3 8 0.75747807487157715
  3 9 -1.0807847580948877
  3 10 1.0337190952078279
  3 11 -0.94893358996480448
  3 12 -0.73596052110703458
  3 13 -0.57715232786172010
  3 14 -1.0706796369059839
  3 15 -0.58292243554833234
  3 16 0.68668765275770327
  3 17 -0.74385552086899975
  3 18 -0.82917786302444202E-001
  3 19 -0.68303831845522556
  3 20 0.54470530357183700
  3 21 -0.58377204413483452
  3 22 -0.58014617035479010
  4 1 -1.0807847580948877
  4 2 -0.58014617035479010
  4 3 -1.1575800405974284
  4 5 -0.97332378986945278
  4 6 -0.73596052110703458
  4 7 0.68668765275770327
  4 8 -0.58292243554833234
  4 9 -0.71737169313422755
  4 10 -0.57715232786172010
  4 11 -0.94893358996480448
  4 12 0.48559009049234190E-002
  4 13 1.0337190952078279
  4 14 -0.68303831845522556
  4 15 0.75747807487157715
  4 16 -1.1601782157170926
  4 17 -0.82917786302444202E-001
  4 18 -0.74385552086899975
  4 19 -1.0706796369059839
  4 20 -0.58377204413483452
  4 21 0.54470530357183700
  4 22 0.69451071291536604
  5 1 -0.18008772356002289
  5 2 -0.28288352638375486
  5 3 -0.97270271849871126
  5 4 -0.97270271849871126
  5 6 -0.43932434142063714
  5 7 -0.94926259209760078
  5 8 -0.29951065481869565
  5 9 -0.18008772356002289
  5 10 -0.37371875307083680
  5 11 -0.83986221004259287
  5 12 -0.43932434142063714
  5 13 -0.37371875307083680
  5 14 -0.61449057097487358
  5 15 -0.29951065481869565
  5 16 -0.94926259209760078
  5 17 -0.10111319815806166
  5 18 -0.10111319815806166
  5 19 -0.61449057097487358
  5 20 -0.18325360606286853
  5 21 -0.18325360606286853
  5 22 -0.28288352638375486
  6 1 -0.79118906708758638E-001
  6 2 1.0698120247873721
  6 3 0.41058613810292602E-003
  6 4 -0.73615585005766304
  6 5 -0.43972091852061740
  6 7 -0.74455030732639893
  6 8 0.49823636024362750
  6 9 -0.53407063339678373
  6 10 0.80397772286840130
  6 11 -0.98750176304697374E-001
  6 12 -0.19070619300876063
  6 13 -0.13523866553676847
  6 14 -0.43158005939511418
  6 15 -0.15704208470829381
  6 16 -0.83937973171270913E-001
  6 17 -0.26445757389499963
  6 18 0.20283931426226837
  6 19 0.37642369730871894
  6 20 0.68115650906284453
  6 21 -0.12479723069522979
  6 22 -0.10066352675468010
  7 1 -1.0706796369059839
  7 2 -0.58377204413483452
  7 3 -1.1601782157170926
  7 4 0.68668765275770327
  7 5 -0.94893358996480448
  7 6 -0.74385552086899975
  7 8 -0.57715232786172010
  7 9 -0.68303831845522556
  7 10 -0.58292243554833234
  7 11 -0.97332378986945278
  7 12 -0.82917786302444202E-001
  7 13 0.75747807487157715
  7 14 -0.71737169313422755
  7 15 1.0337190952078279
  7 16 -1.1575800405974284
  7 17 0.48559009049234190E-002
  7 18 -0.73596052110703458
  7 19 -1.0807847580948877
  7 20 -0.58014617035479010
  7 21 0.69451071291536604
  7 22 0.54470530357183700
  8 1 0.34011966485779661E-002
  8 2 1.1320422908304719
  8 3 0.75734831633445043
  8 4 -0.58405428560709116
  8 5 -0.29826180247275713
  8 6 0.49910064115118058
  8 7 -0.57822399043320238
  8 9 -0.45442710719809820
  8 10 1.0307563402936968
  8 11 -0.37293544992803751
  8 12 -0.15603659155949942
  8 13 -0.52149166592068167E-002
  8 14 -0.48118862590328976
  8 15 0.55076097509966677E-002
  8 16 1.0295081607395720
  8 17 -0.13465808256731526
  8 18 0.80666801027277835
  8 19 -0.95381439234702617E-001
  8 20 1.5797012401503263
  8 21 0.81712147647484603E-002
  8 22 -0.48452186869863307E-003
  9 1 -0.57296185822929280
  9 2 -0.41930191011060131
  9 3 -1.0816123581894652
  9 4 -0.71878172972889820
  9 5 -0.18718403561916117
  9 6 -0.53473483605926531
  9 7 -0.68605901247621259
  9 8 -0.45494077024373764
  9 10 -0.48196581839114871
  9 11 -0.61608145690890725
  9 12 -0.80633659673350871E-001
  9 13 -0.96423850892675744E-001
  9 14 -0.18073203407875499
  9 15 0.16909909908483297E-002
  9 16 -1.0720794442562578
  9 17 0.36896630134360964
  9 18 -0.43117444048245568
  9 19 -0.72529055303570988
  9 20 -0.38558583352018100
  9 21 0.21772786169437081
  9 22 0.67728381935565893E-001
  10 1 -0.95381439234702617E-001
  10 2 1.5797012401503263
  10 3 1.0295081607395720
  10 4 -0.57822399043320238
  10 5 -0.37293544992803751
  10 6 0.80666801027277835
  10 7 -0.58405428560709116
  10 8 1.0307563402936968
  10 9 -0.48118862590328976
  10 11 -0.29826180247275713
  10 12 -0.13465808256731526
  10 13 0.55076097509966677E-002
  10 14 -0.45442710719809820
  10 15 -0.52149166592068167E-002
  10 16 0.75734831633445043
  10 17 -0.15603659155949942
  10 18 0.49910064115118058
  10 19 0.34011966485779661E-002
  10 20 1.1320422908304719
  10 21 -0.48452186869863307E-003
  10 22 0.81712147647484603E-002
  11 1 -0.61449057097487358
  11 2 -0.18325360606286853
  11 3 -0.94926259209760078
  11 4 -0.94926259209760078
  11 5 -0.83986221004259287
  11 6 -0.10111319815806166
  11 7 -0.97270271849871126
  11 8 -0.37371875307083680
  11 9 -0.61449057097487358
  11 10 -0.29951065481869565
  11 12 -0.10111319815806166
  11 13 -0.29951065481869565
  11 14 -0.18008772356002289
  11 15 -0.37371875307083680
  11 16 -0.97270271849871126
  11 17 -0.43932434142063714
  11 18 -0.43932434142063714
  11 19 -0.18008772356002289
  11 20 -0.28288352638375486
  11 21 -0.28288352638375486
  11 22 -0.18325360606286853
  12 1 -0.53407063339678373
  12 2 -0.10066352675468010
  12 3 -0.73615585005766304
  12 4 0.83024229970888452E-004
  12 5 -0.43972091852061740
  12 6 -0.19070619300876063
  12 7 -0.83937973171270913E-001
  12 8 -0.15704208470829381
  12 9 -0.79118906708758638E-001
  12 10 -0.13523866553676847
  12 11 -0.98750176304697374E-001
  12 13 0.80397772286840130
  12 14 0.37642369730871894
  12 15 0.49823636024362750
  12 16 -0.74455030732639893
  12 17 0.20283931426226837
  12 18 -0.26445757389499963
  12 19 -0.43158005939511418
  12 20 -0.12479723069522979
  12 21 0.68115650906284453
  12 22 1.0698120247873721
  13 1 -0.48118862590328976
  13 2 0.81712147647484603E-002
  13 3 -0.57822399043320238
  13 4 1.0295081607395720
  13 5 -0.37293544992803751
  13 6 -0.13465808256731526
  13 7 0.75734831633445043
  13 8 -0.52149166592068167E-002
  13 9 -0.95381439234702617E-001
  13 10 0.55076097509966677E-002
  13 11 -0.29826180247275713
  13 12 0.80666801027277835
  13 14 0.34011966485779661E-002
  13 15 1.0307563402936968
  13 16 -0.58405428560709116
  13 17 0.49910064115118058
  13 18 -0.15603659155949942
  13 19 -0.45442710719809820
  13 20 -0.48452186869863307E-003
  13 21 1.1320422908304719
  13 22 1.5797012401503263
  14 1 -0.72529055303570988
  14 2 -0.38558583352018100
  14 3 -1.0720794442562578
  14 4 -0.68605901247621259
  14 5 -0.61608145690890725
  14 6 -0.43117444048245568
  14 7 -0.71878172972889820
  14 8 -0.48196581839114871
  14 9 -0.18073203407875499
  14 10 -0.45494077024373764
  14 11 -0.18718403561916117
  14 12 0.36896630134360964
  14 13 0.16909909908483297E-002
  14 15 -0.96423850892675744E-001
  14 16 -1.0816123581894652
  14 17 -0.80633659673350871E-001
  14 18 -0.53473483605926531
  14 19 -0.57296185822929280
  14 20 -0.41930191011060131
  14 21 0.67728381935565893E-001
  14 22 0.21772786169437081
  15 1 -0.45442710719809820
  15 2 -0.48452186869863307E-003
  15 3 -0.58405428560709116
  15 4 0.75734831633445043
  15 5 -0.29826180247275713
  15 6 -0.15603659155949942
  15 7 1.0295081607395720
  15 8 0.55076097509966677E-002
  15 9 0.34011966485779661E-002
  15 10 -0.52149166592068167E-002
  15 11 -0.37293544992803751
  15 12 0.49910064115118058
  15 13 1.0307563402936968
  15 14 -0.95381439234702617E-001
  15 16 -0.57822399043320238
  15 17 0.80666801027277835
  15 18 -0.13465808256731526
  15 19 -0.48118862590328976
  15 20 0.81712147647484603E-002
  15 21 1.5797012401503263
  15 22 1.1320422908304719
  16 1 -0.68303831845522556
  16 2 0.54470530357183700
  16 3 0.68668765275770327
  16 4 -1.1601782157170926
  16 5 -0.94893358996480448
  16 6 -0.82917786302444202E-001
  16 7 -1.1575800405974284
  16 8 1.0337190952078279
  16 9 -1.0706796369059839
  16 10 0.75747807487157715
  16 11 -0.97332378986945278
  16 12 -0.74385552086899975
  16 13 -0.58292243554833234
  16 14 -1.0807847580948877
  16 15 -0.57715232786172010
  16 17 -0.73596052110703458
  16 19 -0.71737169313422755
  16 20 0.69451071291536604
  16 21 -0.58014617035479010
  16 22 -0.58377204413483452
  17 1 -0.43158005939511418
  17 2 -0.12479723069522979
  17 3 -0.74455030732639893
  17 4 -0.83937973171270913E-001
  17 5 -0.98750176304697374E-001
  17 6 -0.26445757389499963
  17 7 0.83024229970888452E-004
  17 8 -0.13523866553676847
  17 9 0.37642369730871894
  17 10 -0.15704208470829381
  17 11 -0.43972091852061740
  17 12 0.20283931426226837
  17 13 0.49823636024362750
  17 14 -0.79118906708758638E-001
  17 15 0.80397772286840130
  17 16 -0.73615585005766304
  17 18 -0.19070619300876063
  17 19 -0.53407063339678373
  17 20 -0.10066352675468010
  17 21 1.0698120247873721
  17 22 0.68115650906284453
  18 1 0.37642369730871894
  18 2 0.68115650906284453
  18 3 -0.83937973171270913E-001
  18 4 -0.74455030732639893
  18 5 -0.98750176304697374E-001
  18 6 0.20283931426226837
  18 7 -0.73615585005766304
  18 8 0.80397772286840130
  18 9 -0.43158005939511418
  18 10 0.49823636024362750
  18 11 -0.43972091852061740
  18 12 -0.26445757389499963
  18 13 -0.15704208470829381
  18 14 -0.53407063339678373
  18 15 -0.13523866553676847
  18 17 -0.19070619300876063
  18 19 -0.79118906708758638E-001
  18 20 1.0698120247873721
  18 21 -0.10066352675468010
  18 22 -0.12479723069522979
  19 1 -0.18073203407875499
  19 2 0.21772786169437081
  19 3 -0.68605901247621259
  19 4 -1.0720794442562578
  19 5 -0.61608145690890725
  19 6 0.36896630134360964
  19 7 -1.0816123581894652
  19 8 -0.96423850892675744E-001
  19 9 -0.72529055303570988
  19 10 0.16909909908483297E-002
  19 11 -0.18718403561916117
  19 12 -0.43117444048245568
  19 13 -0.45494077024373764
  19 14 -0.57296185822929280
  19 15 -0.48196581839114871
  19 16 -0.71878172972889820
  19 17 -0.53473483605926531
  19 18 -0.80633659673350871E-001
  19 20 0.67728381935565893E-001
  19 21 -0.41930191011060131
  19 22 -0.38558583352018100
  20 1 0.21712869692191900
  20 2 1.3822800765106171
  20 3 0.54493300128016942
  20 4 -0.58499843017143527
  20 5 -0.18246081826268015
  20 6 0.67925902109591740
  20 7 -0.58169434703616441
  20 8 1.5723335372171130
  20 9 -0.38379718994352968
  20 10 1.1304119358403333
  20 11 -0.28214950732423355
  20 12 -0.12530534486968298
  20 13 -0.93793933143375527E-003
  20 14 -0.41965985032939845
  20 15 0.74226756196946186E-002
  20 16 0.69106217648100399
  20 17 -0.10051306133662931
  20 18 1.0601403701040308
  20 19 0.67095325711165943E-001
  20 21 0.24990968979904511E-001
  20 22 0.15485400310323491E-001
  21 1 -0.38379718994352968
  21 2 0.15485400310323491E-001
  21 3 -0.58499843017143527
  21 4 0.54493300128016942
  21 5 -0.18246081826268015
  21 6 -0.12530534486968298
  21 7 0.69106217648100399
  21 8 0.74226756196946186E-002
  21 9 0.21712869692191900
  21 10 -0.93793933143375527E-003
  21 11 -0.28214950732423355
  21 12 0.67925902109591740
  21 13 1.1304119358403333
  21 14 0.67095325711165943E-001
  21 15 1.5723335372171130
  21 16 -0.58169434703616441
  21 17 1.0601403701040308
  21 18 -0.10051306133662931
  21 19 -0.41965985032939845
  21 20 0.24990968979904511E-001
  21 22 1.3822800765106171
  22 1 -0.41965985032939845
  22 2 0.24990968979904511E-001
  22 3 -0.58169434703616441
  22 4 0.69106217648100399
  22 5 -0.28214950732423355
  22 6 -0.10051306133662931
  22 7 0.54493300128016942
  22 8 -0.93793933143375527E-003
  22 9 0.67095325711165943E-001
  22 10 0.74226756196946186E-002
  22 11 -0.18246081826268015
  22 12 1.0601403701040308
  22 13 1.5723335372171130
  22 14 0.21712869692191900
  22 15 1.1304119358403333
  22 16 -0.58499843017143527
  22 17 0.67925902109591740
  22 18 -0.12530534486968298
  22 19 -0.38379718994352968
  22 20 0.15485400310323491E-001
  22 21 1.3822800765106171
TERM-uu
  1 2 -2.4583723237394790
  1 3 4.4471168042389415
  1 4 4.6263390002799438
  1 5 5.2678811253396560
  1 6 0.30425888444807170
  1 7 4.6208564647308927
  1 8 -1.9815810841676587
  1 9 4.6556651932031512
  1 10 -1.9381571176237062
  1 11 5.3964809792190582
  1 12 0.54446864288268415
  1 13 -1.7468227375146039
  1 14 4.7353997175796101
  1 15 -1.7585225724610660
  1 16 4.4310596240194853
  1 17 0.49925233461505830
  1 18 0.15034417498312477
  1 19 4.4886650920052755
  1 20 -2.5385104318662348
  1 21 -2.2334506586219898
  1 22 -2.2186696107222010
  2 1 -2.4583723237394790
  2 3 -3.0411851540006478
  2 4 -2.4254018156227599
  2 5 -1.5554473984550183
  2 6 -6.9593432633785071
  2 7 -2.4235733060486031
  2 8 -9.3383602376643324
  2 9 -2.2186696107222010
  2 10 -9.5021042216447427
  2 11 -1.6023015496214179
  2 12 -6.4707842770065556
  2 13 -8.7913572740745511
  2 14 -2.2334506586219898
  2 15 -8.7875224191870149
  2 16 -2.9495967599062745
  2 17 -6.4592203731615259
  2 18 -6.8650434819017789
  2 19 -2.5385104318662348
  2 20 -9.8679366019970338
  2 21 -9.2367533249964122
  2 22 -9.2403450122315594
  3 1 4.4471168042389415
  3 2 -3.0411851540006478
  3 4 4.3756937857573286
  3 5 5.3021351989085153
  3 6 0.18544939078160585E-002
  3 7 4.3756821331164222
  3 8 -2.6111284625510538
  3 9 4.6263390002799438
  3 10 -2.6043120245059437
  3 11 5.2852016170240139
  3 12 0.35861828737410201
  3 13 -1.9870477875150458
  3 14 4.6208564647308927
  3 15 -1.9837563588188463
  3 16 3.6303381766714233
  3 17 0.36408990117878792
  3 18 0.50039101717773420E-001
  3 19 4.4310596240194853
  3 20 -2.9495967599062745
  3 21 -2.4235733060486031
  3 22 -2.4254018156227599
  4 1 4.6263390002799438
  4 2 -2.4254018156227599
  4 3 4.3756937857573286
  4 5 5.3021351989085153
  4 6 0.35861828737410201
  4 7 3.6303381766714233
  4 8 -1.9837563588188463
  4 9 4.4471168042389415
  4 10 -1.9870477875150458
  4 11 5.2852016170240139
  4 12 0.85087004991436386E-003
  4 13 -2.6043120245059437
  4 14 4.4310596240194853
  4 15 -2.6111284625510538
  4 16 4.3756821331164222
  4 17 0.50039101717773420E-001
  4 18 0.36408990117878792
  4 19 4.6208564647308927
  4 20 -2.4235733060486031
  4 21 -2.9495967599062745
  4 22 -3.0411851540006478
  5 1 5.2678811253396560
  5 2 -1.5554473984550183
  5 3 5.3021351989085153
  5 4 5.3021351989085153
  5 6 1.2184775250922575
  5 7 5.2852016170240139
  5 8 -1.1073664063983759
  5 9 5.2678811253396560
  5 10 -1.0720110151848052
  5 11 6.2017150386012707
  5 12 1.2184775250922575
  5 13 -1.0720110151848052
  5 14 5.3964809792190582
  5 15 -1.1073664063983759
  5 16 5.2852016170240139
  5 17 1.0614335042088525
  5 18 1.0614335042088525
  5 19 5.3964809792190582
  5 20 -1.6023015496214179
  5 21 -1.6023015496214179
  5 22 -1.5554473984550183
  6 1 0.30425888444807170
  6 2 -6.9593432633785071
  6 3 0.18544939078160585E-002
  6 4 0.35861828737410201
  6 5 1.2184775250922575
  6 7 0.36408990117878792
  6 8 -6.3264054087031667
  6 9 0.54446864288268415
  6 10 -6.4720927044707217
  6 11 1.0614335042088525
  6 12 -3.7184217392434462
  6 13 -6.0135327130269953
  6 14 0.49925233461505830
  6 15 -6.0016085167462583
  6 16 0.50039101717773420E-001
  6 17 -3.6855742991035774
  6 18 -3.9594065426711866
  6 19 0.15034417498312477
  6 20 -6.8650434819017789
  6 21 -6.4592203731615259
  6 22 -6.4707842770065556
  7 1 4.6208564647308927
  7 2 -2.4235733060486031
  7 3 4.3756821331164222
  7 4 3.6303381766714233
  7 5 5.2852016170240139
  7 6 0.36408990117878792
  7 8 -1.9870477875150458
  7 9 4.4310596240194853
  7 10 -1.9837563588188463
  7 11 5.3021351989085153
  7 12 0.50039101717773420E-001
  7 13 -2.6111284625510538
  7 14 4.4471168042389415
  7 15 -2.6043120245059437
  7 16 4.3756937857573286
  7 17 0.85087004991436386E-003
  7 18 0.35861828737410201
  7 19 4.6263390002799438
  7 20 -2.4254018156227599
  7 21 -3.0411851540006478
  7 22 -2.9495967599062745
  8 1 -1.9815810841676587
  8 2 -9.3383602376643324
  8 3 -2.6111284625510538
  8 4 -1.9837563588188463
  8 5 -1.1073664063983759
  8 6 -6.3264054087031667
  8 7 -1.9870477875150458
  8 9 -1.7585225724610660
  8 10 -8.8596512796224047
  8 11 -1.0720110151848052
  8 12 -6.0016085167462583
  8 13 -8.3442575625696698
  8 14 -1.7468227375146039
  8 15 -8.3476640318024824
  8 16 -2.6043120245059437
  8 17 -6.0135327130269953
  8 18 -6.4720927044707217
  8 19 -1.9381571176237062
  8 20 -9.5021042216447427
  8 21 -8.7913572740745511
  8 22 -8.7875224191870149
  9 1 4.6556651932031512
  9 2 -2.2186696107222010
  9 3 4.6263390002799438
  9 4 4.4471168042389415
  9 5 5.2678811253396560
  9 6 0.54446864288268415
  9 7 4.4310596240194853
  9 8 -1.7585225724610660
  9 10 -1.7468227375146039
  9 11 5.3964809792190582
  9 12 0.30425888444807170
  9 13 -1.9381571176237062
  9 14 4.4886650920052755
  9 15 -1.9815810841676587
  9 16 4.6208564647308927
  9 17 0.15034417498312477
  9 18 0.49925233461505830
  9 19 4.7353997175796101
  9 20 -2.2334506586219898
  9 21 -2.5385104318662348
  9 22 -2.4583723237394790
  10 1 -1.9381571176237062
  10 2 -9.5021042216447427
  10 3 -2.6043120245059437
  10 4 -1.9870477875150458
  10 5 -1.0720110151848052
  10 6 -6.4720927044707217
  10 7 -1.9837563588188463
  10 8 -8.8596512796224047
  10 9 -1.7468227375146039
  10 11 -1.1073664063983759
  10 12 -6.0135327130269953
  10 13 -8.3476640318024824
  10 14 -1.7585225724610660
  10 15 -8.3442575625696698
  10 16 -2.6111284625510538
  10 17 -6.0016085167462583
  10 18 -6.3264054087031667
  10 19 -1.9815810841676587
  10 20 -9.3383602376643324
  10 21 -8.7875224191870149
  10 22 -8.7913572740745511
  11 1 5.3964809792190582
  11 2 -1.6023015496214179
  11 3 5.2852016170240139
  11 4 5.2852016170240139
  11 5 6.2017150386012707
  11 6 1.0614335042088525
  11 7 5.3021351989085153
  11 8 -1.0720110151848052
  11 9 5.3964809792190582
  11 10 -1.1073664063983759
  11 12 1.0614335042088525
  11 13 -1.1073664063983759
  11 14 5.2678811253396560
  11 15 -1.0720110151848052
  11 16 5.3021351989085153
  11 17 1.2184775250922575
  11 18 1.2184775250922575
  11 19 5.2678811253396560
  11 20 -1.5554473984550183
  11 21 -1.5554473984550183
  11 22 -1.6023015496214179
  12 1 0.54446864288268415
  12 2 -6.4707842770065556
  12 3 0.35861828737410201
  12 4 0.85087004991436386E-003
  12 5 1.2184775250922575
  12 6 -3.7184217392434462
  12 7 0.50039101717773420E-001
  12 8 -6.0016085167462583
  12 9 0.30425888444807170
  12 10 -6.0135327130269953
  12 11 1.0614335042088525
  12 13 -6.4720927044707217
  12 14 0.15034417498312477
  12 15 -6.3264054087031667
  12 16 0.36408990117878792
  12 17 -3.9594065426711866
  12 18 -3.6855742991035774
  12 19 0.49925233461505830
  12 20 -6.4592203731615259
  12 21 -6.8650434819017789
  12 22 -6.9593432633785071
  13 1 -1.7468227375146039
  13 2 -8.7913572740745511
  13 3 -1.9870477875150458
  13 4 -2.6043120245059437
  13 5 -1.0720110151848052
  13 6 -6.0135327130269953
  13 7 -2.6111284625510538
  13 8 -8.3442575625696698
  13 9 -1.9381571176237062
  13 10 -8.3476640318024824
  13 11 -1.1073664063983759
  13 12 -6.4720927044707217
  13 14 -1.9815810841676587
  13 15 -8.8596512796224047
  13 16 -1.9837563588188463
  13 17 -6.3264054087031667
  13 18 -6.0016085167462583
  13 19 -1.7585225724610660
  13 20 -8.7875224191870149
  13 21 -9.3383602376643324
  13 22 -9.5021042216447427
  14 1 4.7353997175796101
  14 2 -2.2334506586219898
  14 3 4.6208564647308927
  14 4 4.4310596240194853
  14 5 5.3964809792190582
  14 6 0.49925233461505830
  14 7 4.4471168042389415
  14 8 -1.7468227375146039
  14 9 4.4886650920052755
  14 10 -1.7585225724610660
  14 11 5.2678811253396560
  14 12 0.15034417498312477
  14 13 -1.9815810841676587
  14 15 -1.9381571176237062
  14 16 4.6263390002799438
  14 17 0.30425888444807170
  14 18 0.54446864288268415
  14 19 4.6556651932031512
  14 20 -2.2186696107222010
  14 21 -2.4583723237394790
  14 22 -2.5385104318662348
  15 1 -1.7585225724610660
  15 2 -8.7875224191870149
  15 3 -1.9837563588188463
  15 4 -2.6111284625510538
  15 5 -1.1073664063983759
  15 6 -6.0016085167462583
  15 7 -2.6043120245059437
  15 8 -8.3476640318024824
  15 9 -1.9815810841676587
  15 10 -8.3442575625696698
  15 11 -1.0720110151848052
  15 12 -6.3264054087031667
  15 13 -8.8596512796224047
  15 14 -1.9381571176237062
  15 16 -1.9870477875150458
  15 17 -6.4720927044707217
  15 18 -6.0135327130269953
  15 19 -1.7468227375146039
  15 20 -8.7913572740745511
  15 21 -9.5021042216447427
  15 22 -9.3383602376643324
  16 1 4.4310596240194853
  16 2 -2.9495967599062745
  16 3 3.6303381766714233
  16 4 4.3756821331164222
  16 5 5.2852016170240139
  16 6 0.50039101717773420E-001
  16 7 4.3756937857573286
  16 8 -2.6043120245059437
  16 9 4.6208564647308927
  16 10 -2.6111284625510538
  16 11 5.3021351989085153
  16 12 0.36408990117878792
  16 13 -1.9837563588188463
  16 14 4.6263390002799438
  16 15 -1.9870477875150458
  16 17 0.35861828737410201
  16 19 4.4471168042389415
  16 20 -3.0411851540006478
  16 21 -2.4254018156227599
  16 22 -2.4235733060486031
  17 1 0.49925233461505830
  17 2 -6.4592203731615259
  17 3 0.36408990117878792
  17 4 0.50039101717773420E-001
  17 5 1.0614335042088525
  17 6 -3.6855742991035774
  17 7 0.85087004991436386E-003
  17 8 -6.0135327130269953
  17 9 0.15034417498312477
  17 10 -6.0016085167462583
  17 11 1.2184775250922575
  17 12 -3.9594065426711866
  17 13 -6.3264054087031667
  17 14 0.30425888444807170
  17 15 -6.4720927044707217
  17 16 0.35861828737410201
  17 18 -3.7184217392434462
  17 19 0.54446864288268415
  17 20 -6.4707842770065556
  17 21 -6.9593432633785071
  17 22 -6.8650434819017789
  18 1 0.15034417498312477
  18 2 -6.8650434819017789
  18 3 0.50039101717773420E-001
  18 4 0.36408990117878792
  18 5 1.0614335042088525
  18 6 -3.9594065426711866
  18 7 0.35861828737410201
  18 8 -6.4720927044707217
  18 9 0.49925233461505830
  18 10 -6.3264054087031667
  18 11 1.2184775250922575
  18 12 -3.6855742991035774
  18 13 -6.0016085167462583
  18 14 0.54446864288268415
  18 15 -6.0135327130269953
  18 17 -3.7184217392434462
  18 19 0.30425888444807170
  18 20 -6.9593432633785071
  18 21 -6.4707842770065556
  18 22 -6.4592203731615259
  19 1 4.4886650920052755
  19 2 -2.5385104318662348
  19 3 4.4310596240194853
  19 4 4.6208564647308927
  19 5 5.3964809792190582
  19 6 0.15034417498312477
  19 7 4.6263390002799438
  19 8 -1.9381571176237062
  19 9 4.7353997175796101
  19 10 -1.9815810841676587
  19 11 5.2678811253396560
  19 12 0.49925233461505830
  19 13 -1.7585225724610660
  19 14 4.6556651932031512
  19 15 -1.7468227375146039
  19 16 4.4471168042389415
  19 17 0.54446864288268415
  19 18 0.30425888444807170
  19 20 -2.4583723237394790
  19 21 -2.2186696107222010
  19 22 -2.2334506586219898
  20 1 -2.5385104318662348
  20 2 -9.8679366019970338
  20 3 -2.9495967599062745
  20 4 -2.4235733060486031
  20 5 -1.6023015496214179
  20 6 -6.8650434819017789
  20 7 -2.4254018156227599
  20 8 -9.5021042216447427
  20 9 -2.2334506586219898
  20 10 -9.3383602376643324
  20 11 -1.5554473984550183
  20 12 -6.4592203731615259
  20 13 -8.7875224191870149
  20 14 -2.2186696107222010
  20 15 -8.7913572740745511
  20 16 -3.0411851540006478
  20 17 -6.4707842770065556
  20 18 -6.9593432633785071
  20 19 -2.4583723237394790
  20 21 -9.2403450122315594
  20 22 -9.2367533249964122
  21 1 -2.2334506586219898
  21 2 -9.2367533249964122
  21 3 -2.4235733060486031
  21 4 -2.9495967599062745
  21 5 -1.6023015496214179
  21 6 -6.4592203731615259
  21 7 -3.0411851540006478
  21 8 -8.7913572740745511
  21 9 -2.5385104318662348
  21 10 -8.7875224191870149
  21 11 -1.5554473984550183
  21 12 -6.8650434819017789
  21 13 -9.3383602376643324
  21 14 -2.4583723237394790
  21 15 -9.5021042216447427
  21 16 -2.4254018156227599
  21 17 -6.9593432633785071
  21 18 -6.4707842770065556
  21 19 -2.2186696107222010
  21 20 -9.2403450122315594
  21 22 -9.8679366019970338
  22 1 -2.2186696107222010
  22 2 -9.2403450122315594
  22 3 -2.4254018156227599
  22 4 -3.0411851540006478
  22 5 -1.5554473984550183
  22 6 -6.4707842770065556
  22 7 -2.9495967599062745
  22 8 -8.7875224191870149
  22 9 -2.4583723237394790
  22 10 -8.7913572740745511
  22 11 -1.6023015496214179
  22 12 -6.9593432633785071
  22 13 -9.5021042216447427
  22 14 -2.5385104318662348
  22 15 -9.3383602376643324
  22 16 -2.4235733060486031
  22 17 -6.8650434819017789
  22 18 -6.4592203731615259
  22 19 -2.2334506586219898
  22 20 -9.2367533249964122
  22 21 -9.8679366019970338
TERM-ud
  1 2 2.3943977260638190
  1 3 -3.7291254290090476
  1 4 -3.5442578752779141
  1 5 -4.9952778702324068
  1 6 -0.23701542451449767
  1 7 -3.5499896029953661
  1 8 1.9827117907907319
  1 9 -4.1128226448623124
  1 10 2.0346444510084036
  1 11 -4.7962562175055057
  1 12 -0.10051203364323117E-001
  1 13 2.2276970474524216
  1 14 -4.0076463082308340
  1 15 2.2138921277764423
  1 16 -3.7467805703865844
  1 17 -0.61628507443461933E-001
  1 18 -0.44225033675635239
  1 19 -4.2697264913298421
  1 20 2.2902686309610814
  1 21 2.6173143637337453
  1 22 2.6380689226624683
  2 1 2.3943977260638190
  2 3 2.3058546934907374
  2 4 3.0064142221653016
  2 5 1.8364846698862776
  2 6 5.9869957735798778
  2 7 3.0084063135263897
  2 8 8.1954569939896302
  2 9 2.6380689226624683
  2 10 8.0029396913144719
  2 11 1.7900909239540357
  2 12 6.5722862208239627
  2 13 8.7838393678666336
  2 14 2.6173143637337453
  2 15 8.7870607189689718
  2 16 2.4114628030364602
  2 17 6.5842331457923908
  2 18 6.1651400216674688
  2 19 2.2902686309610814
  2 20 8.5311763843556765
  2 21 9.2211348218878761
  2 22 9.2159370445644768
  3 1 -3.7291254290090476
  3 2 2.3058546934907374
  3 4 -3.2167061046850094
  3 5 -4.3298700067045814
  3 6 0.90724202769217716E-003
  3 7 -3.2148804420111832
  3 8 1.8057798050823068
  3 9 -3.5442578752779141
  3 10 1.7209762029940119
  3 11 -4.3355582607653966
  3 12 0.37762606801209603
  3 13 2.5639399231450470
  3 14 -3.5499896029953661
  3 15 2.5670421076601229
  3 16 -4.1744596762776061
  3 17 0.37920834976887680
  3 18 0.32406982443339817E-001
  3 19 -3.7467805703865844
  3 20 2.4114628030364602
  3 21 3.0084063135263897
  3 22 3.0064142221653016
  4 1 -3.5442578752779141
  4 2 3.0064142221653016
  4 3 -3.2167061046850094
  4 5 -4.3298700067045814
  4 6 0.37762606801209603
  4 7 -4.1744596762776061
  4 8 2.5670421076601229
  4 9 -3.7291254290090476
  4 10 2.5639399231450470
  4 11 -4.3355582607653966
  4 12 0.94110399341881975E-003
  4 13 1.7209762029940119
  4 14 -3.7467805703865844
  4 15 1.8057798050823068
  4 16 -3.2148804420111832
  4 17 0.32406982443339817E-001
  4 18 0.37920834976887680
  4 19 -3.5499896029953661
  4 20 3.0084063135263897
  4 21 2.4114628030364602
  4 22 2.3058546934907374
  5 1 -4.9952778702324068
  5 2 1.8364846698862776
  5 3 -4.3298700067045814
  5 4 -4.3298700067045814
  5 6 -0.77564799511544813
  5 7 -4.3355582607653966
  5 8 1.4059002748319611
  5 9 -4.9952778702324068
  5 10 1.4455048443933491
  5 11 -5.3671977792533401
  5 12 -0.77564799511544813
  5 13 1.4455048443933491
  5 14 -4.7962562175055057
  5 15 1.4059002748319611
  5 16 -4.3355582607653966
  5 17 -0.98587194943274481
  5 18 -0.98587194943274481
  5 19 -4.7962562175055057
  5 20 1.7900909239540357
  5 21 1.7900909239540357
  5 22 1.8364846698862776
  6 1 -0.23701542451449767
  6 2 5.9869957735798778
  6 3 0.90724202769217716E-003
  6 4 0.37762606801209603
  6 5 -0.77564799511544813
  6 7 0.37920834976887680
  6 8 5.8299821165562760
  6 9 -0.10051203364323117E-001
  6 10 5.6471513382973386
  6 11 -0.98587194943274481
  6 12 3.9069162398240032
  6 13 6.1480405133757277
  6 14 -0.61628507443461933E-001
  6 15 6.1583288394196076
  6 16 0.32406982443339817E-001
  6 17 3.9496026022569803
  6 18 3.7531810558349350
  6 19 -0.44225033675635239
  6 20 6.1651400216674688
  6 21 6.5842331457923908
  6 22 6.5722862208239627
  7 1 -3.5499896029953661
  7 2 3.0084063135263897
  7 3 -3.2148804420111832
  7 4 -4.1744596762776061
  7 5 -4.3355582607653966
  7 6 0.37920834976887680
  7 8 2.5639399231450470
  7 9 -3.7467805703865844
  7 10 2.5670421076601229
  7 11 -4.3298700067045814
  7 12 0.32406982443339817E-001
  7 13 1.8057798050823068
  7 14 -3.7291254290090476
  7 15 1.7209762029940119
  7 16 -3.2167061046850094
  7 17 0.94110399341881975E-003
  7 18 0.37762606801209603
  7 19 -3.5442578752779141
  7 20 3.0064142221653016
  7 21 2.3058546934907374
  7 22 2.4114628030364602
  8 1 1.9827117907907319
  8 2 8.1954569939896302
  8 3 1.8057798050823068
  8 4 2.5670421076601229
  8 5 1.4059002748319611
  8 6 5.8299821165562760
  8 7 2.5639399231450470
  8 9 2.2138921277764423
  8 10 7.8132473606593749
  8 11 1.4455048443933491
  8 12 6.1583288394196076
  8 13 8.3500699136638961
  8 14 2.2276970474524216
  8 15 8.3446211762558811
  8 16 1.7209762029940119
  8 17 6.1480405133757277
  8 18 5.6471513382973386
  8 19 2.0346444510084036
  8 20 8.0029396913144719
  8 21 8.7838393678666336
  8 22 8.7870607189689718
  9 1 -4.1128226448623124
  9 2 2.6380689226624683
  9 3 -3.5442578752779141
  9 4 -3.7291254290090476
  9 5 -4.9952778702324068
  9 6 -0.10051203364323117E-001
  9 7 -3.7467805703865844
  9 8 2.2138921277764423
  9 10 2.2276970474524216
  9 11 -4.7962562175055057
  9 12 -0.23701542451449767
  9 13 2.0346444510084036
  9 14 -4.2697264913298421
  9 15 1.9827117907907319
  9 16 -3.5499896029953661
  9 17 -0.44225033675635239
  9 18 -0.61628507443461933E-001
  9 19 -4.0076463082308340
  9 20 2.6173143637337453
  9 21 2.2902686309610814
  9 22 2.3943977260638190
  10 1 2.0346444510084036
  10 2 8.0029396913144719
  10 3 1.7209762029940119
  10 4 2.5639399231450470
  10 5 1.4455048443933491
  10 6 5.6471513382973386
  10 7 2.5670421076601229
  10 8 7.8132473606593749
  10 9 2.2276970474524216
  10 11 1.4059002748319611
  10 12 6.1480405133757277
  10 13 8.3446211762558811
  10 14 2.2138921277764423
  10 15 8.3500699136638961
  10 16 1.8057798050823068
  10 17 6.1583288394196076
  10 18 5.8299821165562760
  10 19 1.9827117907907319
  10 20 8.1954569939896302
  10 21 8.7870607189689718
  10 22 8.7838393678666336
  11 1 -4.7962562175055057
  11 2 1.7900909239540357
  11 3 -4.3355582607653966
  11 4 -4.3355582607653966
  11 5 -5.3671977792533401
  11 6 -0.98587194943274481
  11 7 -4.3298700067045814
  11 8 1.4455048443933491
  11 9 -4.7962562175055057
  11 10 1.4059002748319611
  11 12 -0.98587194943274481
  11 13 1.4059002748319611
  11 14 -4.9952778702324068
  11 15 1.4455048443933491
  11 16 -4.3298700067045814
  11 17 -0.77564799511544813
  11 18 -0.77564799511544813
  11 19 -4.9952778702324068
  11 20 1.8364846698862776
  11 21 1.8364846698862776
  11 22 1.7900909239540357
  12 1 -0.10051203364323117E-001
  12 2 6.5722862208239627
  12 3 0.37762606801209603
  12 4 0.94110399341881975E-003
  12 5 -0.77564799511544813
  12 6 3.9069162398240032
  12 7 0.32406982443339817E-001
  12 8 6.1583288394196076
  12 9 -0.23701542451449767
  12 10 6.1480405133757277
  12 11 -0.98587194943274481
  12 13 5.6471513382973386
  12 14 -0.44225033675635239
  12 15 5.8299821165562760
  12 16 0.37920834976887680
  12 17 3.7531810558349350
  12 18 3.9496026022569803
  12 19 -0.61628507443461933E-001
  12 20 6.5842331457923908
  12 21 6.1651400216674688
  12 22 5.9869957735798778
  13 1 2.2276970474524216
  13 2 8.7838393678666336
  13 3 2.5639399231450470
  13 4 1.7209762029940119
  13 5 1.4455048443933491
  13 6 6.1480405133757277
  13 7 1.8057798050823068
  13 8 8.3500699136638961
  13 9 2.0346444510084036
  13 10 8.3446211762558811
  13 11 1.4059002748319611
  13 12 5.6471513382973386
  13 14 1.9827117907907319
  13 15 7.8132473606593749
  13 16 2.5670421076601229
  13 17 5.8299821165562760
  13 18 6.1583288394196076
  13 19 2.2138921277764423
  13 20 8.7870607189689718
  13 21 8.1954569939896302
  13 22 8.0029396913144719
  14 1 -4.0076463082308340
  14 2 2.6173143637337453
  14 3 -3.5499896029953661
  14 4 -3.7467805703865844
  14 5 -4.7962562175055057
  14 6 -0.61628507443461933E-001
  14 7 -3.7291254290090476
  14 8 2.2276970474524216
  14 9 -4.2697264913298421
  14 10 2.2138921277764423
  14 11 -4.9952778702324068
  14 12 -0.44225033675635239
  14 13 1.9827117907907319
  14 15 2.0346444510084036
  14 16 -3.5442578752779141
  14 17 -0.23701542451449767
  14 18 -0.10051203364323117E-001
  14 19 -4.1128226448623124
  14 20 2.6380689226624683
  14 21 2.3943977260638190
  14 22 2.2902686309610814
  15 1 2.2138921277764423
  15 2 8.7870607189689718
  15 3 2.5670421076601229
  15 4 1.8057798050823068
  15 5 1.4059002748319611
  15 6 6.1583288394196076
  15 7 1.7209762029940119
  15 8 8.3446211762558811
  15 9 1.9827117907907319
  15 10 8.3500699136638961
  15 11 1.4455048443933491
  15 12 5.8299821165562760
  15 13 7.8132473606593749
  15 14 2.0346444510084036
  15 16 2.5639399231450470
  15 17 5.6471513382973386
  15 18 6.1480405133757277
  15 19 2.2276970474524216
  15 20 8.7838393678666336
  15 21 8.0029396913144719
  15 22 8.1954569939896302
  16 1 -3.7467805703865844
  16 2 2.4114628030364602
  16 3 -4.1744596762776061
  16 4 -3.2148804420111832
  16 5 -4.3355582607653966
  16 6 0.32406982443339817E-001
  16 7 -3.2167061046850094
  16 8 1.7209762029940119
  16 9 -3.5499896029953661
  16 10 1.8057798050823068
  16 11 -4.3298700067045814
  16 12 0.37920834976887680
  16 13 2.5670421076601229
  16 14 -3.5442578752779141
  16 15 2.5639399231450470
  16 17 0.37762606801209603
  16 19 -3.7291254290090476
  16 20 2.3058546934907374
  16 21 3.0064142221653016
  16 22 3.0084063135263897
  17 1 -0.61628507443461933E-001
  17 2 6.5842331457923908
  17 3 0.37920834976887680
  17 4 0.32406982443339817E-001
  17 5 -0.98587194943274481
  17 6 3.9496026022569803
  17 7 0.94110399341881975E-003
  17 8 6.1480405133757277
  17 9 -0.44225033675635239
  17 10 6.1583288394196076
  17 11 -0.77564799511544813
  17 12 3.7531810558349350
  17 13 5.8299821165562760
  17 14 -0.23701542451449767
  17 15 5.6471513382973386
  17 16 0.37762606801209603
  17 18 3.9069162398240032
  17 19 -0.10051203364323117E-001
  17 20 6.5722862208239627
  17 21 5.9869957735798778
  17 22 6.1651400216674688
  18 1 -0.44225033675635239
  18 2 6.1651400216674688
  18 3 0.32406982443339817E-001
  18 4 0.37920834976887680
  18 5 -0.98587194943274481
  18 6 3.7531810558349350
  18 7 0.37762606801209603
  18 8 5.6471513382973386
  18 9 -0.61628507443461933E-001
  18 10 5.8299821165562760
  18 11 -0.77564799511544813
  18 12 3.9496026022569803
  18 13 6.1583288394196076
  18 14 -0.10051203364323117E-001
  18 15 6.1480405133757277
  18 17 3.9069162398240032
  18 19 -0.23701542451449767
  18 20 5.9869957735798778
  18 21 6.5722862208239627
  18 22 6.5842331457923908
  19 1 -4.2697264913298421
  19 2 2.2902686309610814
  19 3 -3.7467805703865844
  19 4 -3.5499896029953661
  19 5 -4.7962562175055057
  19 6 -0.44225033675635239
  19 7 -3.5442578752779141
  19 8 2.0346444510084036
  19 9 -4.0076463082308340
  19 10 1.9827117907907319
  19 11 -4.9952778702324068
  19 12 -0.61628507443461933E-001
  19 13 2.2138921277764423
  19 14 -4.1128226448623124
  19 15 2.2276970474524216
  19 16 -3.7291254290090476
  19 17 -0.10051203364323117E-001
  19 18 -0.23701542451449767
  19 20 2.3943977260638190
  19 21 2.6380689226624683
  19 22 2.6173143637337453
  20 1 2.2902686309610814
  20 2 8.5311763843556765
  20 3 2.4114628030364602
  20 4 3.0084063135263897
  20 5 1.7900909239540357
  20 6 6.1651400216674688
  20 7 3.0064142221653016
  20 8 8.0029396913144719
  20 9 2.6173143637337453
  20 10 8.1954569939896302
  20 11 1.8364846698862776
  20 12 6.5842331457923908
  20 13 8.7870607189689718
  20 14 2.6380689226624683
  20 15 8.7838393678666336
  20 16 2.3058546934907374
  20 17 6.5722862208239627
  20 18 5.9869957735798778
  20 19 2.3943977260638190
  20 21 9.2159370445644768
  20 22 9.2211348218878761
  21 1 2.6173143637337453
  21 2 9.2211348218878761
  21 3 3.0084063135263897
  21 4 2.4114628030364602
  21 5 1.7900909239540357
  21 6 6.5842331457923908
  21 7 2.3058546934907374
  21 8 8.7838393678666336
  21 9 2.2902686309610814
  21 10 8.7870607189689718
  21 11 1.8364846698862776
  21 12 6.1651400216674688
  21 13 8.1954569939896302
  21 14 2.3943977260638190
  21 15 8.0029396913144719
  21 16 3.0064142221653016
  21 17 5.9869957735798778
  21 18 6.5722862208239627
  21 19 2.6380689226624683
  21 20 9.2159370445644768
  21 22 8.5311763843556765
  22 1 2.6380689226624683
  22 2 9.2159370445644768
  22 3 3.0064142221653016
  22 4 2.3058546934907374
  22 5 1.8364846698862776
  22 6 6.5722862208239627
  22 7 2.4114628030364602
  22 8 8.7870607189689718
  22 9 2.3943977260638190
  22 10 8.7838393678666336
  22 11 1.7900909239540357
  22 12 5.9869957735798778
  22 13 8.0029396913144719
  22 14 2.2902686309610814
  22 15 8.1954569939896302
  22 16 3.0084063135263897
  22 17 6.1651400216674688
  22 18 6.5842331457923908
  22 19 2.6173143637337453
  22 20 9.2211348218878761
  22 21 8.5311763843556765
TERM-du
  1 2 2.3943977260638190
  1 3 -3.7291254290090476
  1 4 -3.5442578752779141
  1 5 -4.9952778702324068
  1 6 -0.23701542451449767
  1 7 -3.5499896029953661
  1 8 1.9827117907907319
  1 9 -4.1128226448623124
  1 10 2.0346444510084036
  1 11 -4.7962562175055057
  1 12 -0.10051203364323117E-001
  1 13 2.2276970474524216
  1 14 -4.0076463082308340
  1 15 2.2138921277764423
  1 16 -3.7467805703865844
  1 17 -0.61628507443461933E-001
  1 18 -0.44225033675635239
  1 19 -4.2697264913298421
  1 20 2.2902686309610814
  1 21 2.6173143637337453
  1 22 2.6380689226624683
  2 1 2.3943977260638190
  2 3 2.3058546934907374
  2 4 3.0064142221653016
  2 5 1.8364846698862776
  2 6 5.9869957735798778
  2 7 3.0084063135263897
  2 8 8.1954569939896302
  2 9 2.6380689226624683
  2 10 8.0029396913144719
  2 11 1.7900909239540357
  2 12 6.5722862208239627
  2 13 8.7838393678666336
  2 14 2.6173143637337453
  2 15 8.7870607189689718
  2 16 2.4114628030364602
  2 17 6.5842331457923908
  2 18 6.1651400216674688
  2 19 2.2902686309610814
  2 20 8.5311763843556765
  2 21 9.2211348218878761
  2 22 9.2159370445644768
  3 1 -3.7291254290090476
  3 2 2.3058546934907374
  3 4 -3.2167061046850094
  3 5 -4.3298700067045814
  3 6 0.90724202769217716E-003
  3 7 -3.2148804420111832
  3 8 1.8057798050823068
  3 9 -3.5442578752779141
  3 10 1.7209762029940119
  3 11 -4.3355582607653966
  3 12 0.37762606801209603
  3 13 2.5639399231450470
  3 14 -3.5499896029953661
  3 15 2.5670421076601229
  3 16 -4.1744596762776061
  3 17 0.37920834976887680
  3 18 0.32406982443339817E-001
  3 19 -3.7467805703865844
  3 20 2.4114628030364602
  3 21 3.0084063135263897
  3 22 3.0064142221653016
  4 1 -3.5442578752779141
  4 2 3.0064142221653016
  4 3 -3.2167061046850094
  4 5 -4.3298700067045814
  4 6 0.37762606801209603
  4 7 -4.1744596762776061
  4 8 2.5670421076601229
  4 9 -3.7291254290090476
  4 10 2.5639399231450470
  4 11 -4.3355582607653966
  4 12 0.94110399341881975E-003
  4 13 1.7209762029940119
  4 14 -3.7467805703865844
  4 15 1.8057798050823068
  4 16 -3.2148804420111832
  4 17 0.32406982443339817E-001
  4 18 0.37920834976887680
  4 19 -3.5499896029953661
  4 20 3.0084063135263897
  4 21 2.4114628030364602
  4 22 2.3058546934907374
  5 1 -4.9952778702324068
  5 2 1.8364846698862776
  5 3 -4.3298700067045814
  5 4 -4.3298700067045814
  5 6 -0.77564799511544813
  5 7 -4.3355582607653966
  5 8 1.4059002748319611
  5 9 -4.9952778702324068
  5 10 1.4455048443933491
  5 11 -5.3671977792533401
  5 12 -0.77564799511544813
  5 13 1.4455048443933491
  5 14 -4.7962562175055057
  5 15 1.4059002748319611
  5 16 -4.3355582607653966
  5 17 -0.98587194943274481
  5 18 -0.98587194943274481
  5 19 -4.7962562175055057
  5 20 1.7900909239540357
  5 21 1.7900909239540357
  5 22 1.8364846698862776
  6 1 -0.23701542451449767
  6 2 5.9869957735798778
  6 3 0.90724202769217716E-003
  6 4 0.37762606801209603
  6 5 -0.77564799511544813
  6 7 0.37920834976887680
  6 8 5.8299821165562760
  6 9 -0.10051203364323117E-001
  6 10 5.6471513382973386
  6 11 -0.98587194943274481
  6 12 3.9069162398240032
  6 13 6.1480405133757277
  6 14 -0.61628507443461933E-001
  6 15 6.1583288394196076
  6 16 0.32406982443339817E-001
  6 17 3.9496026022569803
  6 18 3.7531810558349350
  6 19 -0.44225033675635239
  6 20 6.1651400216674688
  6 21 6.5842331457923908
  6 22 6.5722862208239627
  7 1 -3.5499896029953661
  7 2 3.0084063135263897
  7 3 -3.2148804420111832
  7 4 -4.1744596762776061
  7 5 -4.3355582607653966
  7 6 0.37920834976887680
  7 8 2.5639399231450470
  7 9 -3.7467805703865844
  7 10 2.5670421076601229
  7 11 -4.3298700067045814
  7 12 0.32406982443339817E-001
  7 13 1.8057798050823068
  7 14 -3.7291254290090476
  7 15 1.7209762029940119
  7 16 -3.2167061046850094
  7 17 0.94110399341881975E-003
  7 18 0.37762606801209603
  7 19 -3.5442578752779141
  7 20 3.0064142221653016
  7 21 2.3058546934907374
  7 22 2.4114628030364602
  8 1 1.9827117907907319
  8 2 8.1954569939896302
  8 3 1.8057798050823068
  8 4 2.5670421076601229
  8 5 1.4059002748319611
  8 6 5.8299821165562760
  8 7 2.5639399231450470
  8 9 2.2138921277764423
  8 10 7.8132473606593749
  8 11 1.4455048443933491
  8 12 6.1583288394196076
  8 13 8.3500699136638961
  8 14 2.2276970474524216
  8 15 8.3446211762558811
  8 16 1.7209762029940119
  8 17 6.1480405133757277
  8 18 5.6471513382973386
  8 19 2.0346444510084036
  8 20 8.0029396913144719
  8 21 8.7838393678666336
  8 22 8.7870607189689718
  9 1 -4.1128226448623124
  9 2 2.6380689226624683
  9 3 -3.5442578752779141
  9 4 -3.7291254290090476
  9 5 -4.9952778702324068
  9 6 -0.10051203364323117E-001
  9 7 -3.7467805703865844
  9 8 2.2138921277764423
  9 10 2.2276970474524216
  9 11 -4.7962562175055057
  9 12 -0.23701542451449767
  9 13 2.0346444510084036
  9 14 -4.2697264913298421
  9 15 1.9827117907907319
  9 16 -3.5499896029953661
  9 17 -0.44225033675635239
  9 18 -0.61628507443461933E-001
  9 19 -4.0076463082308340
  9 20 2.6173143637337453
  9 21 2.2902686309610814
  9 22 2.3943977260638190
  10 1 2.0346444510084036
  10 2 8.0029396913144719
  10 3 1.7209762029940119
  10 4 2.5639399231450470
  10 5 1.4455048443933491
  10 6 5.6471513382973386
  10 7 2.5670421076601229
  10 8 7.8132473606593749
  10 9 2.2276970474524216
  10 11 1.4059002748319611
  10 12 6.1480405133757277
  10 13 8.3446211762558811
  10 14 2.2138921277764423
  10 15 8.3500699136638961
  10 16 1.8057798050823068
  10 17 6.1583288394196076
  10 18 5.8299821165562760
  10 19 1.9827117907907319
  10 20 8.1954569939896302
  10 21 8.7870607189689718
  10 22 8.7838393678666336
  11 1 -4.7962562175055057
  11 2 1.7900909239540357
  11 3 -4.3355582607653966
  11 4 -4.3355582607653966
  11 5 -5.3671977792533401
  11 6 -0.98587194943274481
  11 7 -4.3298700067045814
  11 8 1.4455048443933491
  11 9 -4.7962562175055057
  11 10 1.4059002748319611
  11 12 -0.98587194943274481
  11 13 1.4059002748319611
  11 14 -4.9952778702324068
  11 15 1.4455048443933491
  11 16 -4.3298700067045814
  11 17 -0.77564799511544813
  11 18 -0.77564799511544813
  11 19 -4.9952778702324068
  11 20 1.8364846698862776
  11 21 1.8364846698862776
  11 22 1.7900909239540357
  12 1 -0.10051203364323117E-001
  12 2 6.5722862208239627
  12 3 0.37762606801209603
  12 4 0.94110399341881975E-003
  12 5 -0.77564799511544813
  12 6 3.9069162398240032
  12 7 0.32406982443339817E-001
  12 8 6.1583288394196076
  12 9 -0.23701542451449767
  12 10 6.1480405133757277
  12 11 -0.98587194943274481
  12 13 5.6471513382973386
  12 14 -0.44225033675635239
  12 15 5.8299821165562760
  12 16 0.37920834976887680
  12 17 3.7531810558349350
  12 18 3.9496026022569803
  12 19 -0.61628507443461933E-001
  12 20 6.5842331457923908
  12 21 6.1651400216674688
  12 22 5.9869957735798778
  13 1 2.2276970474524216
  13 2 8.7838393678666336
  13 3 2.5639399231450470
  13 4 1.7209762029940119
  13 5 1.4455048443933491
  13 6 6.1480405133757277
  13 7 1.8057798050823068
  13 8 8.3500699136638961
  13 9 2.0346444510084036
  13 10 8.3446211762558811
  13 11 1.4059002748319611
  13 12 5.6471513382973386
  13 14 1.9827117907907319
  13 15 7.8132473606593749
  13 16 2.5670421076601229
  13 17 5.8299821165562760
  13 18 6.1583288394196076
  13 19 2.2138921277764423
  13 20 8.7870607189689718
  13 21 8.1954569939896302
  13 22 8.0029396913144719
  14 1 -4.0076463082308340
  14 2 2.6173143637337453
  14 3 -3.5499896029953661
  14 4 -3.7467805703865844
  14 5 -4.7962562175055057
  14 6 -0.61628507443461933E-001
  14 7 -3.7291254290090476
  14 8 2.2276970474524216
  14 9 -4.2697264913298421
  14 10 2.2138921277764423
  14 11 -4.9952778702324068
  14 12 -0.44225033675635239
  14 13 1.9827117907907319
  14 15 2.0346444510084036
  14 16 -3.5442578752779141
  14 17 -0.23701542451449767
  14 18 -0.10051203364323117E-001
  14 19 -4.1128226448623124
  14 20 2.6380689226624683
  14 21 2.3943977260638190
  14 22 2.2902686309610814
  15 1 2.2138921277764423
  15 2 8.7870607189689718
  15 3 2.5670421076601229
  15 4 1.8057798050823068
  15 5 1.4059002748319611
  15 6 6.1583288394196076
  15 7 1.7209762029940119
  15 8 8.3446211762558811
  15 9 1.9827117907907319
  15 10 8.3500699136638961
  15 11 1.4455048443933491
  15 12 5.8299821165562760
  15 13 7.8132473606593749
  15 14 2.0346444510084036
  15 16 2.5639399231450470
  15 17 5.6471513382973386
  15 18 6.1480405133757277
  15 19 2.2276970474524216
  15 20 8.7838393678666336
  15 21 8.0029396913144719
  15 22 8.1954569939896302
  16 1 -3.7467805703865844
  16 2 2.4114628030364602
  16 3 -4.1744596762776061
  16 4 -3.2148804420111832
  16 5 -4.3355582607653966
  16 6 0.32406982443339817E-001
  16 7 -3.2167061046850094
  16 8 1.7209762029940119
  16 9 -3.5499896029953661
  16 10 1.8057798050823068
  16 11 -4.3298700067045814
  16 12 0.37920834976887680
  16 13 2.5670421076601229
  16 14 -3.5442578752779141
  16 15 2.5639399231450470
  16 17 0.37762606801209603
  16 19 -3.7291254290090476
  16 20 2.3058546934907374
  16 21 3.0064142221653016
  16 22 3.0084063135263897
  17 1 -0.61628507443461933E-001
  17 2 6.5842331457923908
  17 3 0.37920834976887680
  17 4 0.32406982443339817E-001
  17 5 -0.98587194943274481
  17 6 3.9496026022569803
  17 7 0.94110399341881975E-003
  17 8 6.1480405133757277
  17 9 -0.44225033675635239
  17 10 6.1583288394196076
  17 11 -0.77564799511544813
  17 12 3.7531810558349350
  17 13 5.8299821165562760
  17 14 -0.23701542451449767
  17 15 5.6471513382973386
  17 16 0.37762606801209603
  17 18 3.9069162398240032
  17 19 -0.10051203364323117E-001
  17 20 6.5722862208239627
  17 21 5.9869957735798778
  17 22 6.1651400216674688
  18 1 -0.44225033675635239
  18 2 6.1651400216674688
  18 3 0.32406982443339817E-001
  18 4 0.37920834976887680
  18 5 -0.98587194943274481
  18 6 3.7531810558349350
  18 7 0.37762606801209603
  18 8 5.6471513382973386
  18 9 -0.61628507443461933E-001
  18 10 5.8299821165562760
  18 11 -0.77564799511544813
  18 12 3.9496026022569803
  18 13 6.1583288394196076
  18 14 -0.10051203364323117E-001
  18 15 6.1480405133757277
  18 17 3.9069162398240032
  18 19 -0.23701542451449767
  18 20 5.9869957735798778
  18 21 6.5722862208239627
  18 22 6.5842331457923908
  19 1 -4.2697264913298421
  19 2 2.2902686309610814
  19 3 -3.7467805703865844
  19 4 -3.5499896029953661
  19 5 -4.7962562175055057
  19 6 -0.44225033675635239
  19 7 -3.5442578752779141
  19 8 2.0346444510084036
  19 9 -4.0076463082308340
  19 10 1.9827117907907319
  19 11 -4.9952778702324068
  19 12 -0.61628507443461933E-001
  19 13 2.2138921277764423
  19 14 -4.1128226448623124
  19 15 2.2276970474524216
  19 16 -3.7291254290090476
  19 17 -0.10051203364323117E-001
  19 18 -0.23701542451449767
  19 20 2.3943977260638190
  19 21 2.6380689226624683
  19 22 2.6173143637337453
  20 1 2.2902686309610814
  20 2 8.5311763843556765
  20 3 2.4114628030364602
  20 4 3.0084063135263897
  20 5 1.7900909239540357
  20 6 6.1651400216674688
  20 7 3.0064142221653016
  20 8 8.0029396913144719
  20 9 2.6173143637337453
  20 10 8.1954569939896302
  20 11 1.8364846698862776
  20 12 6.5842331457923908
  20 13 8.7870607189689718
  20 14 2.6380689226624683
  20 15 8.7838393678666336
  20 16 2.3058546934907374
  20 17 6.5722862208239627
  20 18 5.9869957735798778
  20 19 2.3943977260638190
  20 21 9.2159370445644768
  20 22 9.2211348218878761
  21 1 2.6173143637337453
  21 2 9.2211348218878761
  21 3 3.0084063135263897
  21 4 2.4114628030364602
  21 5 1.7900909239540357
  21 6 6.5842331457923908
  21 7 2.3058546934907374
  21 8 8.7838393678666336
  21 9 2.2902686309610814
  21 10 8.7870607189689718
  21 11 1.8364846698862776
  21 12 6.1651400216674688
  21 13 8.1954569939896302
  21 14 2.3943977260638190
  21 15 8.0029396913144719
  21 16 3.0064142221653016
  21 17 5.9869957735798778
  21 18 6.5722862208239627
  21 19 2.6380689226624683
  21 20 9.2159370445644768
  21 22 8.5311763843556765
  22 1 2.6380689226624683
  22 2 9.2159370445644768
  22 3 3.0064142221653016
  22 4 2.3058546934907374
  22 5 1.8364846698862776
  22 6 6.5722862208239627
  22 7 2.4114628030364602
  22 8 8.7870607189689718
  22 9 2.3943977260638190
  22 10 8.7838393678666336
  22 11 1.7900909239540357
  22 12 5.9869957735798778
  22 13 8.0029396913144719
  22 14 2.2902686309610814
  22 15 8.1954569939896302
  22 16 3.0084063135263897
  22 17 6.1651400216674688
  22 18 6.5842331457923908
  22 19 2.6173143637337453
  22 20 9.2211348218878761
  22 21 8.5311763843556765
TERM-dd
  1 2 -2.4583723237394790
  1 3 4.4471168042389415
  1 4 4.6263390002799438
  1 5 5.2678811253396560
  1 6 0.30425888444807170
  1 7 4.6208564647308927
  1 8 -1.9815810841676587
  1 9 4.6556651932031512
  1 10 -1.9381571176237062
  1 11 5.3964809792190582
  1 12 0.54446864288268415
  1 13 -1.7468227375146039
  1 14 4.7353997175796101
  1 15 -1.7585225724610660
  1 16 4.4310596240194853
  1 17 0.49925233461505830
  1 18 0.15034417498312477
  1 19 4.4886650920052755
  1 20 -2.5385104318662348
  1 21 -2.2334506586219898
  1 22 -2.2186696107222010
  2 1 -2.4583723237394790
  2 3 -3.0411851540006478
  2 4 -2.4254018156227599
  2 5 -1.5554473984550183
  2 6 -6.9593432633785071
  2 7 -2.4235733060486031
  2 8 -9.3383602376643324
  2 9 -2.2186696107222010
  2 10 -9.5021042216447427
  2 11 -1.6023015496214179
  2 12 -6.4707842770065556
  2 13 -8.7913572740745511
  2 14 -2.2334506586219898
  2 15 -8.7875224191870149
  2 16 -2.9495967599062745
  2 17 -6.4592203731615259
  2 18 -6.8650434819017789
  2 19 -2.5385104318662348
  2 20 -9.8679366019970338
  2 21 -9.2367533249964122
  2 22 -9.2403450122315594
  3 1 4.4471168042389415
  3 2 -3.0411851540006478
  3 4 4.3756937857573286
  3 5 5.3021351989085153
  3 6 0.18544939078160585E-002
  3 7 4.3756821331164222
  3 8 -2.6111284625510538
  3 9 4.6263390002799438
  3 10 -2.6043120245059437
  3 11 5.2852016170240139
  3 12 0.35861828737410201
  3 13 -1.9870477875150458
  3 14 4.6208564647308927
  3 15 -1.9837563588188463
  3 16 3.6303381766714233
  3 17 0.36408990117878792
  3 18 0.50039101717773420E-001
  3 19 4.4310596240194853
  3 20 -2.9495967599062745
  3 21 -2.4235733060486031
  3 22 -2.4254018156227599
  4 1 4.6263390002799438
  4 2 -2.4254018156227599
  4 3 4.3756937857573286
  4 5 5.3021351989085153
  4 6 0.35861828737410201
  4 7 3.6303381766714233
  4 8 -1.9837563588188463
  4 9 4.4471168042389415
  4 10 -1.9870477875150458
  4 11 5.2852016170240139
  4 12 0.85087004991436386E-003
  4 13 -2.6043120245059437
  4 14 4.4310596240194853
  4 15 -2.6111284625510538
  4 16 4.3756821331164222
  4 17 0.50039101717773420E-001
  4 18 0.36408990117878792
  4 19 4.6208564647308927
  4 20 -2.4235733060486031
  4 21 -2.9495967599062745
  4 22 -3.0411851540006478
  5 1 5.2678811253396560
  5 2 -1.5554473984550183
  5 3 5.3021351989085153
  5 4 5.3021351989085153
  5 6 1.2184775250922575
  5 7 5.2852016170240139
  5 8 -1.1073664063983759
  5 9 5.2678811253396560
  5 10 -1.0720110151848052
  5 11 6.2017150386012707
  5 12 1.2184775250922575
  5 13 -1.0720110151848052
  5 14 5.3964809792190582
  5 15 -1.1073664063983759
  5 16 5.2852016170240139
  5 17 1.0614335042088525
  5 18 1.0614335042088525
  5 19 5.3964809792190582
  5 20 -1.6023015496214179
  5 21 -1.6023015496214179
  5 22 -1.5554473984550183
  6 1 0.30425888444807170
  6 2 -6.9593432633785071
  6 3 0.18544939078160585E-002
  6 4 0.35861828737410201
  6 5 1.2184775250922575
  6 7 0.36408990117878792
  6 8 -6.3264054087031667
  6 9 0.54446864288268415
  6 10 -6.4720927044707217
  6 11 1.0614335042088525
  6 12 -3.7184217392434462
  6 13 -6.0135327130269953
  6 14 0.49925233461505830
  6 15 -6.0016085167462583
  6 16 0.50039101717773420E-001
  6 17 -3.6855742991035774
  6 18 -3.9594065426711866
  6 19 0.15034417498312477
  6 20 -6.8650434819017789
  6 21 -6.4592203731615259
  6 22 -6.4707842770065556
  7 1 4.6208564647308927
  7 2 -2.4235733060486031
  7 3 4.3756821331164222
  7 4 3.6303381766714233
  7 5 5.2852016170240139
  7 6 0.36408990117878792
  7 8 -1.9870477875150458
  7 9 4.4310596240194853
  7 10 -1.9837563588188463
  7 11 5.3021351989085153
  7 12 0.50039101717773420E-001
  7 13 -2.6111284625510538
  7 14 4.4471168042389415
  7 15 -2.6043120245059437
  7 16 4.3756937857573286
  7 17 0.85087004991436386E-003
  7 18 0.35861828737410201
  7 19 4.6263390002799438
  7 20 -2.4254018156227599
  7 21 -3.0411851540006478
  7 22 -2.9495967599062745
  8 1 -1.9815810841676587
  8 2 -9.3383602376643324
  8 3 -2.6111284625510538
  8 4 -1.9837563588188463
  8 5 -1.1073664063983759
  8 6 -6.3264054087031667
  8 7 -1.9870477875150458
  8 9 -1.7585225724610660
  8 10 -8.8596512796224047
  8 11 -1.0720110151848052
  8 12 -6.0016085167462583
  8 13 -8.3442575625696698
  8 14 -1.7468227375146039
  8 15 -8.3476640318024824
  8 16 -2.6043120245059437
  8 17 -6.0135327130269953
  8 18 -6.4720927044707217
  8 19 -1.9381571176237062
  8 20 -9.5021042216447427
  8 21 -8.7913572740745511
  8 22 -8.7875224191870149
  9 1 4.6556651932031512
  9 2 -2.2186696107222010
  9 3 4.6263390002799438
  9 4 4.4471168042389415
  9 5 5.2678811253396560
  9 6 0.54446864288268415
  9 7 4.4310596240194853
  9 8 -1.7585225724610660
  9 10 -1.7468227375146039
  9 11 5.3964809792190582
  9 12 0.30425888444807170
  9 13 -1.9381571176237062
  9 14 4.4886650920052755
  9 15 -1.9815810841676587
  9 16 4.6208564647308927
  9 17 0.15034417498312477
  9 18 0.49925233461505830
  9 19 4.7353997175796101
  9 20 -2.2334506586219898
  9 21 -2.5385104318662348
  9 22 -2.4583723237394790
  10 1 -1.9381571176237062
  10 2 -9.5021042216447427
  10 3 -2.6043120245059437
  10 4 -1.9870477875150458
  10 5 -1.0720110151848052
  10 6 -6.4720927044707217
  10 7 -1.9837563588188463
  10 8 -8.8596512796224047
  10 9 -1.7468227375146039
  10 11 -1.1073664063983759
  10 12 -6.0135327130269953
  10 13 -8.3476640318024824
  10 14 -1.7585225724610660
  10 15 -8.3442575625696698
  10 16 -2.6111284625510538
  10 17 -6.0016085167462583
  10 18 -6.3264054087031667
  10 19 -1.9815810841676587
  10 20 -9.3383602376643324
  10 21 -8.7875224191870149
  10 22 -8.7913572740745511
  11 1 5.3964809792190582
  11 2 -1.6023015496214179
  11 3 5.2852016170240139
  11 4 5.2852016170240139
  11 5 6.2017150386012707
  11 6 1.0614335042088525
  11 7 5.3021351989085153
  11 8 -1.0720110151848052
  11 9 5.3964809792190582
  11 10 -1.1073664063983759
  11 12 1.0614335042088525
  11 13 -1.1073664063983759
  11 14 5.2678811253396560
  11 15 -1.0720110151848052
  11 16 5.3021351989085153
  11 17 1.2184775250922575
  11 18 1.2184775250922575
  11 19 5.2678811253396560
  11 20 -1.5554473984550183
  11 21 -1.5554473984550183
  11 22 -1.6023015496214179
  12 1 0.54446864288268415
  12 2 -6.4707842770065556
  12 3 0.35861828737410201
  12 4 0.85087004991436386E-003
  12 5 1.2184775250922575
  12 6 -3.7184217392434462
  12 7 0.50039101717773420E-001
  12 8 -6.0016085167462583
  12 9 0.30425888444807170
  12 10 -6.0135327130269953
  12 11 1.0614335042088525
  12 13 -6.4720927044707217
  12 14 0.15034417498312477
  12 15 -6.3264054087031667
  12 16 0.36408990117878792
  12 17 -3.9594065426711866
  12 18 -3.6855742991035774
  12 19 0.49925233461505830
  12 20 -6.4592203731615259
  12 21 -6.8650434819017789
  12 22 -6.9593432633785071
  13 1 -1.7468227375146039
  13 2 -8.7913572740745511
  13 3 -1.9870477875150458
  13 4 -2.6043120245059437
  13 5 -1.0720110151848052
  13 6 -6.0135327130269953
  13 7 -2.6111284625510538
  13 8 -8.3442575625696698
  13 9 -1.9381571176237062
  13 10 -8.3476640318024824
  13 11 -1.1073664063983759
  13 12 -6.4720927044707217
  13 14 -1.9815810841676587
  13 15 -8.8596512796224047
  13 16 -1.9837563588188463
  13 17 -6.3264054087031667
  13 18 -6.0016085167462583
  13 19 -1.7585225724610660
  13 20 -8.7875224191870149
  13 21 -9.3383602376643324
  13 22 -9.5021042216447427
  14 1 4.7353997175796101
  14 2 -2.2334506586219898
  14 3 4.6208564647308927
  14 4 4.4310596240194853
  14 5 5.3964809792190582
  14 6 0.49925233461505830
  14 7 4.4471168042389415
  14 8 -1.7468227375146039
  14 9 4.4886650920052755
  14 10 -1.7585225724610660
  14 11 5.2678811253396560
  14 12 0.15034417498312477
  14 13 -1.9815810841676587
  14 15 -1.9381571176237062
  14 16 4.6263390002799438
  14 17 0.30425888444807170
  14 18 0.54446864288268415
  14 19 4.6556651932031512
  14 20 -2.2186696107222010
  14 21 -2.4583723237394790
  14 22 -2.5385104318662348
  15 1 -1.7585225724610660
  15 2 -8.7875224191870149
  15 3 -1.9837563588188463
  15 4 -2.6111284625510538
  15 5 -1.1073664063983759
  15 6 -6.0016085167462583
  15 7 -2.6043120245059437
  15 8 -8.3476640318024824
  15 9 -1.9815810841676587
  15 10 -8.3442575625696698
  15 11 -1.0720110151848052
  15 12 -6.3264054087031667
  15 13 -8.8596512796224047
  15 14 -1.9381571176237062
  15 16 -1.9870477875150458
  15 17 -6.4720927044707217
  15 18 -6.0135327130269953
  15 19 -1.7468227375146039
  15 20 -8.7913572740745511
  15 21 -9.5021042216447427
  15 22 -9.3383602376643324
  16 1 4.4310596240194853
  16 2 -2.9495967599062745
  16 3 3.6303381766714233
  16 4 4.3756821331164222
  16 5 5.2852016170240139
  16 6 0.50039101717773420E-001
  16 7 4.3756937857573286
  16 8 -2.6043120245059437
  16 9 4.6208564647308927
  16 10 -2.6111284625510538
  16 11 5.3021351989085153
  16 12 0.36408990117878792
  16 13 -1.9837563588188463
  16 14 4.6263390002799438
  16 15 -1.9870477875150458
  16 17 0.35861828737410201
  16 19 4.4471168042389415
  16 20 -3.0411851540006478
  16 21 -2.4254018156227599
  16 22 -2.4235733060486031
  17 1 0.49925233461505830
  17 2 -6.4592203731615259
  17 3 0.36408990117878792
  17 4 0.50039101717773420E-001
  17 5 1.0614335042088525
  17 6 -3.6855742991035774
  17 7 0.85087004991436386E-003
  17 8 -6.0135327130269953
  17 9 0.15034417498312477
  17 10 -6.0016085167462583
  17 11 1.2184775250922575
  17 12 -3.9594065426711866
  17 13 -6.3264054087031667
  17 14 0.30425888444807170
  17 15 -6.4720927044707217
  17 16 0.35861828737410201
  17 18 -3.7184217392434462
  17 19 0.54446864288268415
  17 20 -6.4707842770065556
  17 21 -6.9593432633785071
  17 22 -6.8650434819017789
  18 1 0.15034417498312477
  18 2 -6.8650434819017789
  18 3 0.50039101717773420E-001
  18 4 0.36408990117878792
  18 5 1.0614335042088525
  18 6 -3.9594065426711866
  18 7 0.35861828737410201
  18 8 -6.4720927044707217
  18 9 0.49925233461505830
  18 10 -6.3264054087031667
  18 11 1.2184775250922575
  18 12 -3.6855742991035774
  18 13 -6.0016085167462583
  18 14 0.54446864288268415
  18 15 -6.0135327130269953
  18 17 -3.7184217392434462
  18 19 0.30425888444807170
  18 20 -6.9593432633785071
  18 21 -6.4707842770065556
  18 22 -6.4592203731615259
  19 1 4.4886650920052755
  19 2 -2.5385104318662348
  19 3 4.4310596240194853
  19 4 4.6208564647308927
  19 5 5.3964809792190582
  19 6 0.15034417498312477
  19 7 4.6263390002799438
  19 8 -1.9381571176237062
  19 9 4.7353997175796101
  19 10 -1.9815810841676587
  19 11 5.2678811253396560
  19 12 0.49925233461505830
  19 13 -1.7585225724610660
  19 14 4.6556651932031512
  19 15 -1.7468227375146039
  19 16 4.4471168042389415
  19 17 0.54446864288268415
  19 18 0.30425888444807170
  19 20 -2.4583723237394790
  19 21 -2.2186696107222010
  19 22 -2.2334506586219898
  20 1 -2.5385104318662348
  20 2 -9.8679366019970338
  20 3 -2.9495967599062745
  20 4 -2.4235733060486031
  20 5 -1.6023015496214179
  20 6 -6.8650434819017789
  20 7 -2.4254018156227599
  20 8 -9.5021042216447427
  20 9 -2.2334506586219898
  20 10 -9.3383602376643324
  20 11 -1.5554473984550183
  20 12 -6.4592203731615259
  20 13 -8.7875224191870149
  20 14 -2.2186696107222010
  20 15 -8.7913572740745511
  20 16 -3.0411851540006478
  20 17 -6.4707842770065556
  20 18 -6.9593432633785071
  20 19 -2.4583723237394790
  20 21 -9.2403450122315594
  20 22 -9.2367533249964122
  21 1 -2.2334506586219898
  21 2 -9.2367533249964122
  21 3 -2.4235733060486031
  21 4 -2.9495967599062745
  21 5 -1.6023015496214179
  21 6 -6.4592203731615259
  21 7 -3.0411851540006478
  21 8 -8.7913572740745511
  21 9 -2.5385104318662348
  21 10 -8.7875224191870149
  21 11 -1.5554473984550183
  21 12 -6.8650434819017789
  21 13 -9.3383602376643324
  21 14 -2.4583723237394790
  21 15 -9.5021042216447427
  21 16 -2.4254018156227599
  21 17 -6.9593432633785071
  21 18 -6.4707842770065556
  21 19 -2.2186696107222010
  21 20 -9.2403450122315594
  21 22 -9.8679366019970338
  22 1 -2.2186696107222010
  22 2 -9.2403450122315594
  22 3 -2.4254018156227599
  22 4 -3.0411851540006478
  22 5 -1.5554473984550183
  22 6 -6.4707842770065556
  22 7 -2.9495967599062745
  22 8 -8.7875224191870149
  22 9 -2.4583723237394790
  22 10 -8.7913572740745511
  22 11 -1.6023015496214179
  22 12 -6.9593432633785071
  22 13 -9.5021042216447427
  22 14 -2.5385104318662348
  22 15 -9.3383602376643324
  22 16 -2.4235733060486031
  22 17 -6.8650434819017789
  22 18 -6.4592203731615259
  22 19 -2.2334506586219898
  22 20 -9.2367533249964122
  22 21 -9.8679366019970338
TERM-20
  1 2 0.67095325711165943E-001
  1 3 -0.71737169313422755
  1 4 -1.0807847580948877
  1 5 -0.18008772356002289
  1 6 -0.79118906708758638E-001
  1 7 -1.0706796369059839
  1 8 0.34011966485779661E-002
  1 9 -0.57296185822929280
  1 10 -0.95381439234702617E-001
  1 11 -0.61449057097487358
  1 12 -0.53407063339678373
  1 13 -0.48118862590328976
  1 14 -0.72529055303570988
  1 15 -0.45442710719809820
  1 16 -0.68303831845522556
  1 17 -0.43158005939511418
  1 18 0.37642369730871894
  1 19 -0.18073203407875499
  1 20 0.21712869692191900
  1 21 -0.38379718994352968
  1 22 -0.41965985032939845
  2 1 0.67728381935565893E-001
  2 3 0.69451071291536604
  2 4 -0.58014617035479010
  2 5 -0.28288352638375486
  2 6 1.0698120247873721
  2 7 -0.58377204413483452
  2 8 1.1320422908304719
  2 9 -0.41930191011060131
  2 10 1.5797012401503263
  2 11 -0.18325360606286853
  2 12 -0.10066352675468010
  2 13 0.81712147647484603E-002
  2 14 -0.38558583352018100
  2 15 -0.48452186869863307E-003
  2 16 0.54470530357183700
  2 17 -0.12479723069522979
  2 18 0.68115650906284453
  2 19 0.21772786169437081
  2 20 1.3822800765106171
  2 21 0.15485400310323491E-001
  2 22 0.24990968979904511E-001
  3 1 -0.71878172972889820
  3 2 0.69106217648100399
  3 4 -1.1575800405974284
  3 5 -0.97270271849871126
  3 6 0.41058613810292602E-003
  3 7 -1.1601782157170926
  3 8 0.75734831633445043
  3 9 -1.0816123581894652
  3 10 1.0295081607395720
  3 11 -0.94926259209760078
  3 12 -0.73615585005766304
  3 13 -0.57822399043320238
  3 14 -1.0720794442562578
  3 15 -0.58405428560709116
  3 16 0.68668765275770327
  3 17 -0.74455030732639893
  3 18 -0.83937973171270913E-001
  3 19 -0.68605901247621259
  3 20 0.54493300128016942
  3 21 -0.58499843017143527
  3 22 -0.58169434703616441
  4 1 -1.0816123581894652
  4 2 -0.58169434703616441
  4 3 -1.1575800405974284
  4 5 -0.97270271849871126
  4 6 -0.73615585005766304
  4 7 0.68668765275770327
  4 8 -0.58405428560709116
  4 9 -0.71878172972889820
  4 10 -0.57822399043320238
  4 11 -0.94926259209760078
  4 12 0.83024229970888452E-004
  4 13 1.0295081607395720
  4 14 -0.68605901247621259
  4 15 0.75734831633445043
  4 16 -1.1601782157170926
  4 17 -0.83937973171270913E-001
  4 18 -0.74455030732639893
  4 19 -1.0720794442562578
  4 20 -0.58499843017143527
  4 21 0.54493300128016942
  4 22 0.69106217648100399
  5 1 -0.18718403561916117
  5 2 -0.28214950732423355
  5 3 -0.97332378986945278
  5 4 -0.97332378986945278
  5 6 -0.43972091852061740
  5 7 -0.94893358996480448
  5 8 -0.29826180247275713
  5 9 -0.18718403561916117
  5 10 -0.37293544992803751
  5 11 -0.83986221004259287
  5 12 -0.43972091852061740
  5 13 -0.37293544992803751
  5 14 -0.61608145690890725
  5 15 -0.29826180247275713
  5 16 -0.94893358996480448
  5 17 -0.98750176304697374E-001
  5 18 -0.98750176304697374E-001
  5 19 -0.61608145690890725
  5 20 -0.18246081826268015
  5 21 -0.18246081826268015
  5 22 -0.28214950732423355
  6 1 -0.80633659673350871E-001
  6 2 1.0601403701040308
  6 3 0.31797294095517177E-002
  6 4 -0.73596052110703458
  6 5 -0.43932434142063714
  6 7 -0.74385552086899975
  6 8 0.49910064115118058
  6 9 -0.53473483605926531
  6 10 0.80666801027277835
  6 11 -0.10111319815806166
  6 12 -0.19070619300876063
  6 13 -0.13465808256731526
  6 14 -0.43117444048245568
  6 15 -0.15603659155949942
  6 16 -0.82917786302444202E-001
  6 17 -0.26445757389499963
  6 18 0.20283931426226837
  6 19 0.36896630134360964
  6 20 0.67925902109591740
  6 21 -0.12530534486968298
  6 22 -0.10051306133662931
  7 1 -1.0720794442562578
  7 2 -0.58499843017143527
  7 3 -1.1601782157170926
  7 4 0.68668765275770327
  7 5 -0.94926259209760078
  7 6 -0.74455030732639893
  7 8 -0.57822399043320238
  7 9 -0.68605901247621259
  7 10 -0.58405428560709116
  7 11 -0.97270271849871126
  7 12 -0.83937973171270913E-001
  7 13 0.75734831633445043
  7 14 -0.71878172972889820
  7 15 1.0295081607395720
  7 16 -1.1575800405974284
  7 17 0.83024229970888452E-004
  7 18 -0.73615585005766304
  7 19 -1.0816123581894652
  7 20 -0.58169434703616441
  7 21 0.69106217648100399
  7 22 0.54493300128016942
  8 1 0.16909909908483297E-002
  8 2 1.1304119358403333
  8 3 0.75747807487157715
  8 4 -0.58292243554833234
  8 5 -0.29951065481869565
  8 6 0.49823636024362750
  8 7 -0.57715232786172010
  8 9 -0.45494077024373764
  8 10 1.0307563402936968
  8 11 -0.37371875307083680
  8 12 -0.15704208470829381
  8 13 -0.52149166592068167E-002
  8 14 -0.48196581839114871
  8 15 0.55076097509966677E-002
  8 16 1.0337190952078279
  8 17 -0.13523866553676847
  8 18 0.80397772286840130
  8 19 -0.96423850892675744E-001
  8 20 1.5723335372171130
  8 21 0.74226756196946186E-002
  8 22 -0.93793933143375527E-003
  9 1 -0.57296185822929280
  9 2 -0.41965985032939845
  9 3 -1.0807847580948877
  9 4 -0.71737169313422755
  9 5 -0.18008772356002289
  9 6 -0.53407063339678373
  9 7 -0.68303831845522556
  9 8 -0.45442710719809820
  9 10 -0.48118862590328976
  9 11 -0.61449057097487358
  9 12 -0.79118906708758638E-001
  9 13 -0.95381439234702617E-001
  9 14 -0.18073203407875499
  9 15 0.34011966485779661E-002
  9 16 -1.0706796369059839
  9 17 0.37642369730871894
  9 18 -0.43158005939511418
  9 19 -0.72529055303570988
  9 20 -0.38379718994352968
  9 21 0.21712869692191900
  9 22 0.67095325711165943E-001
  10 1 -0.96423850892675744E-001
  10 2 1.5723335372171130
  10 3 1.0337190952078279
  10 4 -0.57715232786172010
  10 5 -0.37371875307083680
  10 6 0.80397772286840130
  10 7 -0.58292243554833234
  10 8 1.0307563402936968
  10 9 -0.48196581839114871
  10 11 -0.29951065481869565
  10 12 -0.13523866553676847
  10 13 0.55076097509966677E-002
  10 14 -0.45494077024373764
  10 15 -0.52149166592068167E-002
  10 16 0.75747807487157715
  10 17 -0.15704208470829381
  10 18 0.49823636024362750
  10 19 0.16909909908483297E-002
  10 20 1.1304119358403333
  10 21 -0.93793933143375527E-003
  10 22 0.74226756196946186E-002
  11 1 -0.61608145690890725
  11 2 -0.18246081826268015
  11 3 -0.94893358996480448
  11 4 -0.94893358996480448
  11 5 -0.83986221004259287
  11 6 -0.98750176304697374E-001
  11 7 -0.97332378986945278
  11 8 -0.37293544992803751
  11 9 -0.61608145690890725
  11 10 -0.29826180247275713
  11 12 -0.98750176304697374E-001
  11 13 -0.29826180247275713
  11 14 -0.18718403561916117
  11 15 -0.37293544992803751
  11 16 -0.97332378986945278
  11 17 -0.43972091852061740
  11 18 -0.43972091852061740
  11 19 -0.18718403561916117
  11 20 -0.28214950732423355
  11 21 -0.28214950732423355
  11 22 -0.18246081826268015
  12 1 -0.53473483605926531
  12 2 -0.10051306133662931
  12 3 -0.73596052110703458
  12 4 0.48559009049234190E-002
  12 5 -0.43932434142063714
  12 6 -0.19070619300876063
  12 7 -0.82917786302444202E-001
  12 8 -0.15603659155949942
  12 9 -0.80633659673350871E-001
  12 10 -0.13465808256731526
  12 11 -0.10111319815806166
  12 13 0.80666801027277835
  12 14 0.36896630134360964
  12 15 0.49910064115118058
  12 16 -0.74385552086899975
  12 17 0.20283931426226837
  12 18 -0.26445757389499963
  12 19 -0.43117444048245568
  12 20 -0.12530534486968298
  12 21 0.67925902109591740
  12 22 1.0601403701040308
  13 1 -0.48196581839114871
  13 2 0.74226756196946186E-002
  13 3 -0.57715232786172010
  13 4 1.0337190952078279
  13 5 -0.37371875307083680
  13 6 -0.13523866553676847
  13 7 0.75747807487157715
  13 8 -0.52149166592068167E-002
  13 9 -0.96423850892675744E-001
  13 10 0.55076097509966677E-002
  13 11 -0.29951065481869565
  13 12 0.80397772286840130
  13 14 0.16909909908483297E-002
  13 15 1.0307563402936968
  13 16 -0.58292243554833234
  13 17 0.49823636024362750
  13 18 -0.15704208470829381
  13 19 -0.45494077024373764
  13 20 -0.93793933143375527E-003
  13 21 1.1304119358403333
  13 22 1.5723335372171130
  14 1 -0.72529055303570988
  14 2 -0.38379718994352968
  14 3 -1.0706796369059839
  14 4 -0.68303831845522556
  14 5 -0.61449057097487358
  14 6 -0.43158005939511418
  14 7 -0.71737169313422755
  14 8 -0.48118862590328976
  14 9 -0.18073203407875499
  14 10 -0.45442710719809820
  14 11 -0.18008772356002289
  14 12 0.37642369730871894
  14 13 0.34011966485779661E-002
  14 15 -0.95381439234702617E-001
  14 16 -1.0807847580948877
  14 17 -0.79118906708758638E-001
  14 18 -0.53407063339678373
  14 19 -0.57296185822929280
  14 20 -0.41965985032939845
  14 21 0.67095325711165943E-001
  14 22 0.21712869692191900
  15 1 -0.45494077024373764
  15 2 -0.93793933143375527E-003
  15 3 -0.58292243554833234
  15 4 0.75747807487157715
  15 5 -0.29951065481869565
  15 6 -0.15704208470829381
  15 7 1.0337190952078279
  15 8 0.55076097509966677E-002
  15 9 0.16909909908483297E-002
  15 10 -0.52149166592068167E-002
  15 11 -0.37371875307083680
  15 12 0.49823636024362750
  15 13 1.0307563402936968
  15 14 -0.96423850892675744E-001
  15 16 -0.57715232786172010
  15 17 0.80397772286840130
  15 18 -0.13523866553676847
  15 19 -0.48196581839114871
  15 20 0.74226756196946186E-002
  15 21 1.5723335372171130
  15 22 1.1304119358403333
  16 1 -0.68605901247621259
  16 2 0.54493300128016942
  16 3 0.68668765275770327
  16 4 -1.1601782157170926
  16 5 -0.94926259209760078
  16 6 -0.83937973171270913E-001
  16 7 -1.1575800405974284
  16 8 1.0295081607395720
  16 9 -1.0720794442562578
  16 10 0.75734831633445043
  16 11 -0.97270271849871126
  16 12 -0.74455030732639893
  16 13 -0.58405428560709116
  16 14 -1.0816123581894652
  16 15 -0.57822399043320238
  16 17 -0.73615585005766304
  16 19 -0.71878172972889820
  16 20 0.69106217648100399
  16 21 -0.58169434703616441
  16 22 -0.58499843017143527
  17 1 -0.43117444048245568
  17 2 -0.12530534486968298
  17 3 -0.74385552086899975
  17 4 -0.82917786302444202E-001
  17 5 -0.10111319815806166
  17 6 -0.26445757389499963
  17 7 0.48559009049234190E-002
  17 8 -0.13465808256731526
  17 9 0.36896630134360964
  17 10 -0.15603659155949942
  17 11 -0.43932434142063714
  17 12 0.20283931426226837
  17 13 0.49910064115118058
  17 14 -0.80633659673350871E-001
  17 15 0.80666801027277835
  17 16 -0.73596052110703458
  17 18 -0.19070619300876063
  17 19 -0.53473483605926531
  17 20 -0.10051306133662931
  17 21 1.0601403701040308
  17 22 0.67925902109591740
  18 1 0.36896630134360964
  18 2 0.67925902109591740
  18 3 -0.82917786302444202E-001
  18 4 -0.74385552086899975
  18 5 -0.10111319815806166
  18 6 0.20283931426226837
  18 7 -0.73596052110703458
  18 8 0.80666801027277835
  18 9 -0.43117444048245568
  18 10 0.49910064115118058
  18 11 -0.43932434142063714
  18 12 -0.26445757389499963
  18 13 -0.15603659155949942
  18 14 -0.53473483605926531
  18 15 -0.13465808256731526
  18 17 -0.19070619300876063
  18 19 -0.80633659673350871E-001
  18 20 1.0601403701040308
  18 21 -0.10051306133662931
  18 22 -0.12530534486968298
  19 1 -0.18073203407875499
  19 2 0.21712869692191900
  19 3 -0.68303831845522556
  19 4 -1.0706796369059839
  19 5 -0.61449057097487358
  19 6 0.37642369730871894
  19 7 -1.0807847580948877
  19 8 -0.95381439234702617E-001
  19 9 -0.72529055303570988
  19 10 0.34011966485779661E-002
  19 11 -0.18008772356002289
  19 12 -0.43158005939511418
  19 13 -0.45442710719809820
  19 14 -0.57296185822929280
  19 15 -0.48118862590328976
  19 16 -0.71737169313422755
  19 17 -0.53407063339678373
  19 18 -0.79118906708758638E-001
  19 20 0.67095325711165943E-001
  19 21 -0.41965985032939845
  19 22 -0.38379718994352968
  20 1 0.21772786169437081
  20 2 1.3822800765106171
  20 3 0.54470530357183700
  20 4 -0.58377204413483452
  20 5 -0.18325360606286853
  20 6 0.68115650906284453
  20 7 -0.58014617035479010
  20 8 1.5797012401503263
  20 9 -0.38558583352018100
  20 10 1.1320422908304719
  20 11 -0.28288352638375486
  20 12 -0.12479723069522979
  20 13 -0.48452186869863307E-003
  20 14 -0.41930191011060131
  20 15 0.81712147647484603E-002
  20 16 0.69451071291536604
  20 17 -0.10066352675468010
  20 18 1.0698120247873721
  20 19 0.67728381935565893E-001
  20 21 0.24990968979904511E-001
  20 22 0.15485400310323491E-001
  21 1 -0.38558583352018100
  21 2 0.15485400310323491E-001
  21 3 -0.58377204413483452
  21 4 0.54470530357183700
  21 5 -0.18325360606286853
  21 6 -0.12479723069522979
  21 7 0.69451071291536604
  21 8 0.81712147647484603E-002
  21 9 0.21772786169437081
  21 10 -0.48452186869863307E-003
  21 11 -0.28288352638375486
  21 12 0.68115650906284453
  21 13 1.1320422908304719
  21 14 0.67728381935565893E-001
  21 15 1.5797012401503263
  21 16 -0.58014617035479010
  21 17 1.0698120247873721
  21 18 -0.10066352675468010
  21 19 -0.41930191011060131
  21 20 0.24990968979904511E-001
  21 22 1.3822800765106171
  22 1 -0.41930191011060131
  22 2 0.24990968979904511E-001
  22 3 -0.58014617035479010
  22 4 0.69451071291536604
  22 5 -0.28288352638375486
  22 6 -0.10066352675468010
  22 7 0.54470530357183700
  22 8 -0.48452186869863307E-003
  22 9 0.67728381935565893E-001
  22 10 0.81712147647484603E-002
  22 11 -0.18325360606286853
  22 12 1.0698120247873721
  22 13 1.5797012401503263
  22 14 0.21772786169437081
  22 15 1.1320422908304719
  22 16 -0.58377204413483452
  22 17 0.68115650906284453
  22 18 -0.12479723069522979
  22 19 -0.38558583352018100
  22 20 0.15485400310323491E-001
  22 21 1.3822800765106171
