# No.Blocks      Mean       Error        Error_in_Error
        2278   142066.36179744129        1.6405177937990534        2.4309970518625688E-002
        1139   142066.36179744118        2.1920419947411172        4.5947590428840106E-002
         569   142066.23580044761        2.8367886183145785        8.4166217509720628E-002
         284   142066.13857554449        3.4037627094900249       0.14307081805773064     
         142   142066.13857554441        3.7086581530194578       0.22084737915420824     
          71   142066.13857554444        3.8434723368742825       0.32483269984406543     
          35   142065.81255128392        4.1289044347532595       0.50070320889908448     
          17   142065.56308755328        4.1488413205642143       0.73341845795947669     
           8   142066.32274594239        4.3659277215708716        1.1668432649669125     
           4   142066.32274594237        2.4240237430017646       0.98960354912428494     
           2   142066.32274594237       0.13538403704638038        9.5730970659906336E-002
