# No.Blocks      Mean       Error        Error_in_Error
        2278  -4.6652462124670802        2.3654972900376456E-005   3.5053060442298329E-007
        1139  -4.6652462124670837        3.0552806429031017E-005   6.4042013776225303E-007
         569  -4.6652445399824236        3.6097562547454247E-005   1.0709981284206022E-006
         284  -4.6652423631161968        3.7793301964133767E-005   1.5885709700138256E-006
         142  -4.6652423631161968        3.8342771181727668E-005   2.2832787966989614E-006
          71  -4.6652423631161968        3.4621312085709353E-005   2.9260349213521073E-006
          35  -4.6652434308035726        3.9607692493213335E-005   4.8031382275441845E-006
          17  -4.6652531038602936        3.8827952835644674E-005   6.8638771874189459E-006
           8  -4.6652575957031255        4.8550952106675247E-005   1.2975787756060663E-005
           4  -4.6652575957031246        4.9472741913800784E-005   2.0197162310869074E-005
           2  -4.6652575957031246        6.8218761645629259E-005   4.8237948963773209E-005
