TERM-2
  1 3.6450525952759221
  2 3.4841255079031090
  3 3.7221271157130502
  4 3.6450525952759221
  5 3.7221271157130502
  6 3.7221271157130502
  7 3.4841255079031090
  8 3.7221271157130502
  9 3.4841255079031090
  10 3.4841255079031090
TERM-02
  1 2 -4.1956968673644743
  1 3 -3.7808990986077116
  1 4 -8.5042289703938803
  1 5 -4.1035284511777386
  1 6 -3.7808990986077116
  1 7 -4.0800636613054575
  1 8 -4.1035284511777386
  1 9 -4.0800636613054575
  1 10 -4.1956968673644743
  2 1 -4.2011257130892270
  2 3 0.16141808755901499
  2 4 -4.0775534722010249
  2 5 0.95898349084182188
  2 6 0.66145268648787015
  2 7 0.91758726800453061
  2 8 0.24333814824115199
  2 10 0.32368288713848156E-001
  3 1 -3.7885541402558172
  3 2 0.16166145269369434
  3 4 -4.1046958429880274
  3 5 0.28719638806933911
  3 6 0.52460133581997759
  3 7 0.24364041770771491
  3 8 0.57459081117838262
  3 9 1.0334490528685119
  3 10 0.67292060084887262
  4 1 -8.5042289703938803
  4 2 -4.0800636613054575
  4 3 -4.1035284511777386
  4 5 -3.7808990986077116
  4 6 -4.1035284511777386
  4 7 -4.1956968673644743
  4 8 -3.7808990986077116
  4 9 -4.1956968673644743
  4 10 -4.0800636613054575
  5 1 -4.1046958429880274
  5 2 1.0334490528685119
  5 3 0.28719638806933911
  5 4 -3.7885541402558172
  5 6 0.57459081117838262
  5 7 0.67292060084887262
  5 8 0.52460133581997759
  5 9 0.16166145269369434
  5 10 0.24326443007550272
  6 1 -3.7885541402558172
  6 2 0.67292060084887262
  6 3 0.52460133581997759
  6 4 -4.1046958429880274
  6 5 0.57459081117838262
  6 7 1.0334490528685119
  6 8 0.28719638806933911
  6 9 0.24326443007550272
  6 10 0.16166145269369434
  7 1 -4.0775534722010249
  7 2 0.91758726800453061
  7 3 0.24338637710459288
  7 4 -4.2011257130892270
  7 5 0.66145268648787015
  7 6 0.95898349084182188
  7 8 0.16141808755901499
  7 9 0.32368288713848156E-001
  8 1 -4.1046958429880274
  8 2 0.24326443007550272
  8 3 0.57459081117838262
  8 4 -3.7885541402558172
  8 5 0.52460133581997759
  8 6 0.28719638806933911
  8 7 0.16166145269369434
  8 9 0.67292060084887262
  8 10 1.0334490528685119
  9 1 -4.0775534722010249
  9 3 0.95898349084182188
  9 4 -4.2011257130892270
  9 5 0.16141808755901499
  9 6 0.24333814824115199
  9 7 0.32368288713848156E-001
  9 8 0.66145268648787015
  9 10 0.91758726800453061
  10 1 -4.2011257130892270
  10 2 0.32368288713848156E-001
  10 3 0.66145268648787015
  10 4 -4.0775534722010249
  10 5 0.24333814824115199
  10 6 0.16141808755901499
  10 8 0.95898349084182188
  10 9 0.91758726800453061
TERM-uu
  1 2 22.321578965982358
  1 3 21.772921853217269
  1 4 44.718145416339325
  1 5 21.938630595418978
  1 6 21.772921853217269
  1 7 22.299064269984413
  1 8 21.938630595418978
  1 9 22.299064269984413
  1 10 22.321578965982358
  2 1 22.321578965982358
  2 3 -0.42542673533576342
  2 4 22.299064269984413
  2 5 -0.90830490228380822
  2 6 -0.69680556084910783
  2 7 -0.52110160329165922
  2 8 -0.46554535300379685
  2 10 -0.12553424239932290E-001
  3 1 21.772921853217269
  3 2 -0.42542673533576342
  3 4 21.938630595418978
  3 5 -0.83796434649639695
  3 6 -0.93546042401469320
  3 7 -0.46550898335448632
  3 8 -1.0129569597441295
  3 9 -0.90830490228380822
  3 10 -0.69680556084910783
  4 1 44.718145416339325
  4 2 22.299064269984413
  4 3 21.938630595418978
  4 5 21.772921853217269
  4 6 21.938630595418978
  4 7 22.321578965982358
  4 8 21.772921853217269
  4 9 22.321578965982358
  4 10 22.299064269984413
  5 1 21.938630595418978
  5 2 -0.90830490228380822
  5 3 -0.83796434649639695
  5 4 21.772921853217269
  5 6 -1.0129569597441295
  5 7 -0.69680556084910783
  5 8 -0.93546042401469320
  5 9 -0.42542673533576342
  5 10 -0.46554535300379685
  6 1 21.772921853217269
  6 2 -0.69680556084910783
  6 3 -0.93546042401469320
  6 4 21.938630595418978
  6 5 -1.0129569597441295
  6 7 -0.90830490228380822
  6 8 -0.83796434649639695
  6 9 -0.46554535300379685
  6 10 -0.42542673533576342
  7 1 22.299064269984413
  7 2 -0.52110160329165922
  7 3 -0.46550898335448632
  7 4 22.321578965982358
  7 5 -0.69680556084910783
  7 6 -0.90830490228380822
  7 8 -0.42542673533576342
  7 9 -0.12553424239932290E-001
  8 1 21.938630595418978
  8 2 -0.46554535300379685
  8 3 -1.0129569597441295
  8 4 21.772921853217269
  8 5 -0.93546042401469320
  8 6 -0.83796434649639695
  8 7 -0.42542673533576342
  8 9 -0.69680556084910783
  8 10 -0.90830490228380822
  9 1 22.299064269984413
  9 3 -0.90830490228380822
  9 4 22.321578965982358
  9 5 -0.42542673533576342
  9 6 -0.46554535300379685
  9 7 -0.12553424239932290E-001
  9 8 -0.69680556084910783
  9 10 -0.52110160329165922
  10 1 22.321578965982358
  10 2 -0.12553424239932290E-001
  10 3 -0.69680556084910783
  10 4 22.299064269984413
  10 5 -0.46554535300379685
  10 6 -0.42542673533576342
  10 8 -0.90830490228380822
  10 9 -0.52110160329165922
TERM-ud
  1 2 -18.132835601127461
  1 3 -18.030892543419490
  1 4 -36.211229206241974
  1 5 -17.827335190745309
  1 6 -18.030892543419490
  1 7 -18.186044582913670
  1 8 -17.827335190745309
  1 9 -18.186044582913670
  1 10 -18.132835601127461
  2 1 -18.132835601127461
  2 3 0.26550399560519428
  2 4 -18.186044582913670
  2 5 -0.22067356014460843
  2 6 0.60560457216397218E-001
  2 7 -0.43355121091534005
  2 8 0.21586496185124535
  2 10 -0.17270743932692432E-001
  3 1 -18.030892543419490
  3 2 0.26550399560519428
  3 4 -17.827335190745309
  3 5 0.54916063708262719
  3 6 0.41927291933785277
  3 7 0.21603845074159195
  3 8 0.43040062061766299
  3 9 -0.22067356014460843
  3 10 0.60560457216397218E-001
  4 1 -36.211229206241974
  4 2 -18.186044582913670
  4 3 -17.827335190745309
  4 5 -18.030892543419490
  4 6 -17.827335190745309
  4 7 -18.132835601127461
  4 8 -18.030892543419490
  4 9 -18.132835601127461
  4 10 -18.186044582913670
  5 1 -17.827335190745309
  5 2 -0.22067356014460843
  5 3 0.54916063708262719
  5 4 -18.030892543419490
  5 6 0.43040062061766299
  5 7 0.60560457216397218E-001
  5 8 0.41927291933785277
  5 9 0.26550399560519428
  5 10 0.21586496185124535
  6 1 -18.030892543419490
  6 2 0.60560457216397218E-001
  6 3 0.41927291933785277
  6 4 -17.827335190745309
  6 5 0.43040062061766299
  6 7 -0.22067356014460843
  6 8 0.54916063708262719
  6 9 0.21586496185124535
  6 10 0.26550399560519428
  7 1 -18.186044582913670
  7 2 -0.43355121091534005
  7 3 0.21603845074159195
  7 4 -18.132835601127461
  7 5 0.60560457216397218E-001
  7 6 -0.22067356014460843
  7 8 0.26550399560519428
  7 9 -0.17270743932692432E-001
  8 1 -17.827335190745309
  8 2 0.21586496185124535
  8 3 0.43040062061766299
  8 4 -18.030892543419490
  8 5 0.41927291933785277
  8 6 0.54916063708262719
  8 7 0.26550399560519428
  8 9 0.60560457216397218E-001
  8 10 -0.22067356014460843
  9 1 -18.186044582913670
  9 3 -0.22067356014460843
  9 4 -18.132835601127461
  9 5 0.26550399560519428
  9 6 0.21586496185124535
  9 7 -0.17270743932692432E-001
  9 8 0.60560457216397218E-001
  9 10 -0.43355121091534005
  10 1 -18.132835601127461
  10 2 -0.17270743932692432E-001
  10 3 0.60560457216397218E-001
  10 4 -18.186044582913670
  10 5 0.21586496185124535
  10 6 0.26550399560519428
  10 8 -0.22067356014460843
  10 9 -0.43355121091534005
TERM-du
  1 2 -18.132835601127461
  1 3 -18.030892543419490
  1 4 -36.211229206241974
  1 5 -17.827335190745309
  1 6 -18.030892543419490
  1 7 -18.186044582913670
  1 8 -17.827335190745309
  1 9 -18.186044582913670
  1 10 -18.132835601127461
  2 1 -18.132835601127461
  2 3 0.26550399560519428
  2 4 -18.186044582913670
  2 5 -0.22067356014460843
  2 6 0.60560457216397218E-001
  2 7 -0.43355121091534005
  2 8 0.21586496185124535
  2 10 -0.17270743932692432E-001
  3 1 -18.030892543419490
  3 2 0.26550399560519428
  3 4 -17.827335190745309
  3 5 0.54916063708262719
  3 6 0.41927291933785277
  3 7 0.21603845074159195
  3 8 0.43040062061766299
  3 9 -0.22067356014460843
  3 10 0.60560457216397218E-001
  4 1 -36.211229206241974
  4 2 -18.186044582913670
  4 3 -17.827335190745309
  4 5 -18.030892543419490
  4 6 -17.827335190745309
  4 7 -18.132835601127461
  4 8 -18.030892543419490
  4 9 -18.132835601127461
  4 10 -18.186044582913670
  5 1 -17.827335190745309
  5 2 -0.22067356014460843
  5 3 0.54916063708262719
  5 4 -18.030892543419490
  5 6 0.43040062061766299
  5 7 0.60560457216397218E-001
  5 8 0.41927291933785277
  5 9 0.26550399560519428
  5 10 0.21586496185124535
  6 1 -18.030892543419490
  6 2 0.60560457216397218E-001
  6 3 0.41927291933785277
  6 4 -17.827335190745309
  6 5 0.43040062061766299
  6 7 -0.22067356014460843
  6 8 0.54916063708262719
  6 9 0.21586496185124535
  6 10 0.26550399560519428
  7 1 -18.186044582913670
  7 2 -0.43355121091534005
  7 3 0.21603845074159195
  7 4 -18.132835601127461
  7 5 0.60560457216397218E-001
  7 6 -0.22067356014460843
  7 8 0.26550399560519428
  7 9 -0.17270743932692432E-001
  8 1 -17.827335190745309
  8 2 0.21586496185124535
  8 3 0.43040062061766299
  8 4 -18.030892543419490
  8 5 0.41927291933785277
  8 6 0.54916063708262719
  8 7 0.26550399560519428
  8 9 0.60560457216397218E-001
  8 10 -0.22067356014460843
  9 1 -18.186044582913670
  9 3 -0.22067356014460843
  9 4 -18.132835601127461
  9 5 0.26550399560519428
  9 6 0.21586496185124535
  9 7 -0.17270743932692432E-001
  9 8 0.60560457216397218E-001
  9 10 -0.43355121091534005
  10 1 -18.132835601127461
  10 2 -0.17270743932692432E-001
  10 3 0.60560457216397218E-001
  10 4 -18.186044582913670
  10 5 0.21586496185124535
  10 6 0.26550399560519428
  10 8 -0.22067356014460843
  10 9 -0.43355121091534005
TERM-dd
  1 2 22.321578965982358
  1 3 21.772921853217269
  1 4 44.718145416339325
  1 5 21.938630595418978
  1 6 21.772921853217269
  1 7 22.299064269984413
  1 8 21.938630595418978
  1 9 22.299064269984413
  1 10 22.321578965982358
  2 1 22.321578965982358
  2 3 -0.42542673533576342
  2 4 22.299064269984413
  2 5 -0.90830490228380822
  2 6 -0.69680556084910783
  2 7 -0.52110160329165922
  2 8 -0.46554535300379685
  2 10 -0.12553424239932290E-001
  3 1 21.772921853217269
  3 2 -0.42542673533576342
  3 4 21.938630595418978
  3 5 -0.83796434649639695
  3 6 -0.93546042401469320
  3 7 -0.46550898335448632
  3 8 -1.0129569597441295
  3 9 -0.90830490228380822
  3 10 -0.69680556084910783
  4 1 44.718145416339325
  4 2 22.299064269984413
  4 3 21.938630595418978
  4 5 21.772921853217269
  4 6 21.938630595418978
  4 7 22.321578965982358
  4 8 21.772921853217269
  4 9 22.321578965982358
  4 10 22.299064269984413
  5 1 21.938630595418978
  5 2 -0.90830490228380822
  5 3 -0.83796434649639695
  5 4 21.772921853217269
  5 6 -1.0129569597441295
  5 7 -0.69680556084910783
  5 8 -0.93546042401469320
  5 9 -0.42542673533576342
  5 10 -0.46554535300379685
  6 1 21.772921853217269
  6 2 -0.69680556084910783
  6 3 -0.93546042401469320
  6 4 21.938630595418978
  6 5 -1.0129569597441295
  6 7 -0.90830490228380822
  6 8 -0.83796434649639695
  6 9 -0.46554535300379685
  6 10 -0.42542673533576342
  7 1 22.299064269984413
  7 2 -0.52110160329165922
  7 3 -0.46550898335448632
  7 4 22.321578965982358
  7 5 -0.69680556084910783
  7 6 -0.90830490228380822
  7 8 -0.42542673533576342
  7 9 -0.12553424239932290E-001
  8 1 21.938630595418978
  8 2 -0.46554535300379685
  8 3 -1.0129569597441295
  8 4 21.772921853217269
  8 5 -0.93546042401469320
  8 6 -0.83796434649639695
  8 7 -0.42542673533576342
  8 9 -0.69680556084910783
  8 10 -0.90830490228380822
  9 1 22.299064269984413
  9 3 -0.90830490228380822
  9 4 22.321578965982358
  9 5 -0.42542673533576342
  9 6 -0.46554535300379685
  9 7 -0.12553424239932290E-001
  9 8 -0.69680556084910783
  9 10 -0.52110160329165922
  10 1 22.321578965982358
  10 2 -0.12553424239932290E-001
  10 3 -0.69680556084910783
  10 4 22.299064269984413
  10 5 -0.46554535300379685
  10 6 -0.42542673533576342
  10 8 -0.90830490228380822
  10 9 -0.52110160329165922
TERM-20
  1 2 -4.2011257130892270
  1 3 -3.7885541402558172
  1 4 -8.5042289703938803
  1 5 -4.1046958429880274
  1 6 -3.7885541402558172
  1 7 -4.0775534722010249
  1 8 -4.1046958429880274
  1 9 -4.0775534722010249
  1 10 -4.2011257130892270
  2 1 -4.1956968673644743
  2 3 0.16166145269369434
  2 4 -4.0800636613054575
  2 5 1.0334490528685119
  2 6 0.67292060084887262
  2 7 0.91758726800453061
  2 8 0.24326443007550272
  2 10 0.32368288713848156E-001
  3 1 -3.7808990986077116
  3 2 0.16141808755901499
  3 4 -4.1035284511777386
  3 5 0.28719638806933911
  3 6 0.52460133581997759
  3 7 0.24338637710459288
  3 8 0.57459081117838262
  3 9 0.95898349084182188
  3 10 0.66145268648787015
  4 1 -8.5042289703938803
  4 2 -4.0775534722010249
  4 3 -4.1046958429880274
  4 5 -3.7885541402558172
  4 6 -4.1046958429880274
  4 7 -4.2011257130892270
  4 8 -3.7885541402558172
  4 9 -4.2011257130892270
  4 10 -4.0775534722010249
  5 1 -4.1035284511777386
  5 2 0.95898349084182188
  5 3 0.28719638806933911
  5 4 -3.7808990986077116
  5 6 0.57459081117838262
  5 7 0.66145268648787015
  5 8 0.52460133581997759
  5 9 0.16141808755901499
  5 10 0.24333814824115199
  6 1 -3.7808990986077116
  6 2 0.66145268648787015
  6 3 0.52460133581997759
  6 4 -4.1035284511777386
  6 5 0.57459081117838262
  6 7 0.95898349084182188
  6 8 0.28719638806933911
  6 9 0.24333814824115199
  6 10 0.16141808755901499
  7 1 -4.0800636613054575
  7 2 0.91758726800453061
  7 3 0.24364041770771491
  7 4 -4.1956968673644743
  7 5 0.67292060084887262
  7 6 1.0334490528685119
  7 8 0.16166145269369434
  7 9 0.32368288713848156E-001
  8 1 -4.1035284511777386
  8 2 0.24333814824115199
  8 3 0.57459081117838262
  8 4 -3.7808990986077116
  8 5 0.52460133581997759
  8 6 0.28719638806933911
  8 7 0.16141808755901499
  8 9 0.66145268648787015
  8 10 0.95898349084182188
  9 1 -4.0800636613054575
  9 3 1.0334490528685119
  9 4 -4.1956968673644743
  9 5 0.16166145269369434
  9 6 0.24326443007550272
  9 7 0.32368288713848156E-001
  9 8 0.67292060084887262
  9 10 0.91758726800453061
  10 1 -4.1956968673644743
  10 2 0.32368288713848156E-001
  10 3 0.67292060084887262
  10 4 -4.0800636613054575
  10 5 0.24326443007550272
  10 6 0.16166145269369434
  10 8 1.0334490528685119
  10 9 0.91758726800453061
