-4.356099743172812122e-01 -1.425838403783618591e-01 -3.213859066660054165e-01 3.363720806431704791e-01 4.035208916581632943e-01 -1.310392562233891889e-01 1.314400391302913695e-01 -1.035635443405247269e-01 -7.504545645895027706e-02 1.644538689132539477e-01 5.350860796104074668e-02 -2.330824952792712179e-01 3.203618465901126311e-01 -2.500736526221088996e-01 3.323257017833392002e-01
-4.594296274532212385e-04 6.120128938078155389e-01 4.007029967822128835e-01 3.125267792303543235e-04 3.007906292460098968e-06 -9.926986180963659478e-05 -8.270046618478231470e-02 -2.045815828407264170e-01 2.085407222557941320e-03 -1.730543661418101897e-06 -7.835174988043980271e-05 4.646295089173050827e-03 6.451031479938555968e-01 3.745961440459457878e-05 -1.864626964404036968e-05
-3.591034361881271231e-01 4.941648797916998181e-01 -4.011252573792580822e-01 1.797487939058650674e-04 -5.144680049651295661e-05 -2.398466276440358591e-05 8.887802647954703983e-02 6.171294861534579873e-02 1.952858838379400996e-01 -1.906920080591012479e-06 5.425544548104399567e-06 6.151901817046550036e-01 -1.940127681177765961e-01 6.342860701868957563e-05 -1.001204165630709131e-05
5.804315140820956453e-05 6.439255711382374514e-04 -1.432346151087610098e-02 -4.044789470095173645e-01 7.699871237402104327e-04 5.701984826211071722e-01 -6.707314388676804962e-02 5.274310755590955191e-05 3.392583106554534524e-06 6.201603924929902827e-04 -2.195181645954966398e-01 9.170576540501939808e-06 -1.890207068577787197e-05 -5.850768878520040683e-03 6.770100803203300543e-01
4.354477909498191690e-01 1.415781294363067377e-01 3.473270683055776908e-01 3.366853342094708323e-01 4.036389383715797141e-01 -1.311267260889755204e-01 -1.028694602488055068e-02 1.034966824420392451e-01 7.508220535851872768e-02 1.643850143351141824e-01 5.345265984912547091e-02 2.331384547587816713e-01 -3.203193586016126471e-01 -2.500412868067612981e-01 3.322892106863211681e-01
-8.686649377720456755e-05 -5.311801029558860243e-04 1.433526894690573261e-02 4.042834404539794035e-01 3.346772351408877633e-01 4.619164221741532406e-01 6.690602230142526918e-02 2.140879271014806129e-06 1.936375317510008465e-05 1.285624133097988397e-01 -1.779154131919721271e-01 -9.361796488596696442e-05 -1.282071380238891667e-05 6.488517134250949558e-01 -1.931484347197117424e-01
1.694827242588788779e-04 -3.118532406376078869e-03 1.191875737959216808e-01 -1.005804148739908865e-01 -2.246356923785428061e-01 -1.986599792222015493e-01 5.560922880519019174e-01 -1.295492246238645877e-03 -1.140635574893268927e-03 5.637797435200205820e-01 -5.085022897288526966e-01 4.040805982341109243e-04 -2.362566734110756097e-04 8.781158370299760318e-03 -2.211528391498535128e-04
-3.340438215043723541e-04 -1.931453875195267246e-03 -1.420904503983838781e-03 -2.043539073116711069e-05 1.505251137775812553e-04 -7.701670848116433724e-04 7.715088347012486174e-04 9.408391448951459735e-01 -1.474419873103454681e-01 -3.769797541209216844e-04 -1.824855373530481512e-03 4.776760471995748769e-02 3.013142433700570777e-01 3.056785758751186244e-05 2.863094115399672512e-05
-1.131547086552501819e-03 1.179533256035799520e-03 -1.596641434174784439e-03 -7.693805848474561185e-07 -7.599951323060648301e-04 -1.383514237664720987e-04 3.537387972281632394e-04 1.480115359383571139e-01 9.407254810697326386e-01 1.803969009473571769e-03 -3.539853435364791233e-04 -3.016686153409593452e-01 4.598779194389745334e-02 -3.820337292143732855e-05 -1.046656806893975222e-05
-3.485112965381786942e-05 3.054378908690995667e-03 -1.189879891032074311e-01 1.037067738934057959e-01 -2.924453652104264667e-01 9.510700645408459719e-02 -5.551538080670037623e-01 8.565250942412467672e-04 -1.485411828705710674e-03 7.193824358739050462e-01 2.340891551792386449e-01 5.159541402884924117e-04 1.107622832790304762e-04 1.950784867549443800e-05 -8.703006947546358869e-05
1.369499747685401156e-04 -2.973880173425706014e-03 1.192301859063628067e-01 -1.007709635804616977e-01 -6.457029421217579113e-02 2.930166263311444474e-01 5.557829743635408493e-01 1.241167622930904610e-03 -2.307806415544386256e-04 1.563726362930250302e-01 7.430782311756652936e-01 8.013164327464079861e-05 5.905331955835192888e-04 -2.227900594100596515e-03 -8.553401600134201421e-03
-2.514952515899701591e-01 -3.807390855962866083e-01 3.330164057664368737e-01 3.219944511130621301e-01 -2.330873525302967209e-01 3.527672081039085472e-01 -1.305403985348376796e-02 -4.372038593830220032e-02 1.246054408902015215e-01 -9.435718785727184588e-02 -1.439381661282398972e-01 3.855166733518176625e-01 1.353612112374865395e-01 -4.027841520689667831e-01 -1.483994958809725651e-01
-4.273308401759324249e-01 1.601310680626371052e-01 3.329028706042360120e-01 3.223259084807082453e-01 -3.959108004838013395e-01 -1.482291728419364296e-01 -9.751877799654907336e-03 1.048160044482267655e-01 -8.007172222534825190e-02 -1.608700367125853459e-01 6.103999323139679828e-02 -2.473935165609105757e-01 -3.251468025352342583e-01 2.541790980116364063e-01 3.459505726602690734e-01
2.514352431036310231e-01 3.798268336632016906e-01 -3.081914710591897588e-01 3.224390095939052570e-01 -2.330859217706909570e-01 3.527194836321109195e-01 1.286605402428875888e-01 4.370051082554082811e-02 -1.246308544132715412e-01 -9.433541143193606426e-02 -1.439481291833115684e-01 -3.854246438348934989e-01 -1.353008734990128747e-01 -4.028989552345103031e-01 -1.483931019245021965e-01
4.273067294918087011e-01 -1.611223766213557562e-01 -3.080738970325065940e-01 3.223053292299680184e-01 -3.958251107782705391e-01 -1.481326547104168945e-01 1.255186903278080746e-01 -1.048982783674595465e-01 8.007458137556305866e-02 -1.609587208918728807e-01 6.108479682082134515e-02 2.473327874294913298e-01 3.251303974281836151e-01 2.542597294261560448e-01 3.459719661565799353e-01
