2.811817535330046192e-01 4.203625448101257905e-02 -2.767094863729657739e-01 -8.382582827146917159e-02 -2.608500837372216830e-01 1.247072320198361756e-01 -2.377382768540805269e-01 -1.659282672910110112e-01 2.017427025831792786e-01 2.094417813199277445e-01 1.358229580870226050e-01 2.542890592294461682e-01 -2.499015340601133950e-01 1.307238729356042517e-01 -2.105548373972928322e-01 -1.980888195735328872e-01 -1.673173304387733928e-01 -2.330596421816017727e-01 1.259433692045194009e-01 -2.543635793624459684e-01 -2.399111101898757925e-01 -2.329127673838306614e-02 -9.733971594061895105e-02 3.266350058096699205e-01
1.921047098202948999e-01 -2.824051677222473855e-01 2.250052361001681489e-01 -5.071172899272124307e-02 1.501010431888458174e-01 2.703361300395417111e-01 -2.453328159903303274e-01 8.954137912917972675e-02 1.112096215602814825e-01 -2.490937064238754328e-01 -2.581926378029939517e-01 1.530130349984796523e-01 1.605864119014193125e-01 2.612425355800789828e-01 -2.384886513938930808e-01 8.853665855078939051e-02 -1.136201731874783849e-01 2.549065054723513302e-01 -2.502812498676663666e-01 -7.994683568202204382e-02 2.191130828047132550e-01 2.834465939065439199e-01 -1.102807346016075607e-01 2.359023697554715193e-01
-1.333610823428464376e-01 2.340156513651140691e-01 -2.803773844449008457e-01 2.616208270937052660e-01 1.797870058383595204e-01 5.366408074519211924e-02 8.557715734198786950e-02 -2.025130023069926788e-01 2.673243041137858822e-01 -2.650375065544553488e-01 -2.016490495982726505e-01 1.035665495339225806e-01 1.149217329645891156e-01 2.140491245755135330e-01 -2.683061312522005970e-01 2.552616991111344991e-01 1.734109919535703204e-01 -4.134081382680369204e-02 -1.089468928737280518e-01 -2.480632407816719953e-01 -1.304379703426269688e-01 -3.444900598721154505e-01 -7.760489783965472677e-02 -2.463633431485201253e-01
-1.065388503140806686e-01 -1.962312894929435225e-01 -2.577041065536554987e-01 -2.813277837090691347e-01 2.599973845831656805e-01 -1.937095697916944859e-01 -9.041470431898410154e-02 3.402762414217676973e-02 1.564422080249704694e-01 2.468373920699442337e-01 -2.685904426087161734e-01 -1.853228618243645265e-01 -1.868823380194387096e-01 2.634099463841652056e-01 2.276934054401319185e-01 1.236409703806952559e-01 8.087032555181847618e-03 1.363573052534808594e-01 2.385835083853188598e-01 -3.051692543425161830e-01 -9.249883447844335638e-02 3.077131353724614771e-01 1.067963407661084441e-01 -2.084320248103067319e-01
2.208142837974936823e-01 2.774172318626486056e-01 1.278344303263756199e-01 -1.161900554989007822e-01 2.724393766317398935e-01 -2.193298314179702169e-01 5.852319720683854531e-03 2.266844349391247682e-01 2.589512585589076599e-01 6.315452686734775167e-02 1.954068381384496678e-01 2.491635747097691311e-01 2.449920721639712584e-01 -1.849837576790833715e-01 7.728708282712135058e-02 2.627471633452226896e-01 -2.123698044584026723e-01 1.811706181056643022e-02 2.301728151183181637e-01 -2.316961980206349303e-01 2.530294972068640735e-01 -1.732656824357686753e-01 2.476014867464928770e-01 1.506214335158620465e-01
6.590765369060715140e-02 -1.273867010441871450e-01 1.826637282355607073e-01 -2.289808708082685940e-01 -2.622461923894602309e-01 -2.791931933771271135e-01 2.777616070063124720e-01 -2.573981615140734092e-01 2.194241630252974362e-01 -1.674335595476731942e-01 -1.079299628116137250e-01 5.012283628803000657e-02 6.925234179142619739e-02 1.380174048959033895e-01 -2.006255720870363246e-01 2.503536906985026067e-01 2.823759022773564276e-01 -2.947237887328503780e-01 2.873801141727875819e-01 2.645351174570971242e-01 4.438086022348400328e-02 2.007890226142656220e-01 9.425236756705106245e-02 1.267085852750500230e-01
6.590764590466507977e-02 1.273866866587001767e-01 1.826637087469637766e-01 2.289808478187893848e-01 -2.622461680162255226e-01 2.791931697951264280e-01 2.777615855013870205e-01 2.573981419153982819e-01 2.194241441090695466e-01 1.674335406092030687e-01 -1.079299454097148725e-01 -5.012282483763012830e-02 6.925235513918560903e-02 -1.380174254263354938e-01 -2.006255943572604061e-01 -2.503537122847827034e-01 2.823759229777706992e-01 2.947238091842949714e-01 2.873801352952686239e-01 -2.645351398947319854e-01 -4.438086798893835921e-02 2.007890453183886759e-01 9.425237402751675264e-02 -1.267086003970879782e-01
3.949402323157327060e-02 7.821663370492440426e-02 1.169688983764646528e-01 1.557000164312407342e-01 -1.931036666060277351e-01 2.275978763621639700e-01 2.571683248316963266e-01 2.789940094840684948e-01 2.887127634411781885e-01 2.789720582613582911e-01 -2.367857673688400777e-01 -1.444073587115513591e-01 -1.532141699292836612e-01 2.479459788599169268e-01 2.862512085370730874e-01 2.898807622095192493e-01 -2.735155529172030864e-01 -2.455485465528455535e-01 -2.108027338081396862e-01 1.736887274205336784e-01 2.077498407863280494e-02 -1.158968872445852311e-01 -6.177694704713896506e-02 7.014834610405518145e-02
-3.949401757807695368e-02 7.821662232478965304e-02 -1.169688814894350726e-01 1.556999947012862873e-01 1.931036415564719722e-01 2.275978502273671156e-01 -2.571683001963121495e-01 2.789939885382756168e-01 -2.887127473056040339e-01 2.789720469392656388e-01 2.367857602931031646e-01 -1.444073553860722448e-01 1.532141735079260159e-01 2.479459865299041277e-01 -2.862512213180364307e-01 2.898807806378199681e-01 2.735155765156444541e-01 -2.455485739062515660e-01 2.108027624428334690e-01 1.736887547046150337e-01 2.077498866781979023e-02 1.158969079568255289e-01 6.177695690061230094e-02 7.014835904565656921e-02
2.777167710660135014e-01 -9.813199871550556952e-02 -2.450049821013422779e-01 1.825275147313342172e-01 -1.803245442244709174e-01 -2.411862037676167636e-01 -1.015098810628103781e-01 2.702230398651779830e-01 2.490617622855923613e-02 -2.726337808323044398e-01 -2.214486613568426160e-02 -2.654979330357220002e-01 2.594235070627345929e-01 -2.288804824972619570e-02 2.706751364421291495e-01 -2.096123602399440136e-02 2.690128812647626932e-01 -9.447779618427458448e-02 -2.406203531775783777e-01 -1.719518235860433286e-01 -2.456068513335390169e-01 4.369463097042197708e-02 2.148793743858739558e-01 2.850697675525953323e-01
-1.065387842357337911e-01 1.962311832878710360e-01 -2.577039993225834769e-01 2.813277116621998863e-01 2.599973669555372680e-01 1.937096020812054120e-01 -9.041476293234232409e-02 -3.402756876507302686e-02 1.564421765509940443e-01 -2.468373878637281083e-01 -2.685904540119127271e-01 1.853228726925471304e-01 -1.868823371893773289e-01 -2.634099480779972802e-01 2.276934180670937835e-01 -1.236410007768834612e-01 8.086988131965002977e-03 -1.363572643025133535e-01 2.385834965714021816e-01 3.051692959204387878e-01 9.249889709430635099e-02 3.077132536454082468e-01 1.067963395152647654e-01 2.084321144243037049e-01
-2.777167679876916262e-01 -9.813200683142148106e-02 2.450049688635790590e-01 1.825275253971636591e-01 1.803245154247038184e-01 -2.411862057954558547e-01 1.015098396101330180e-01 2.702230246063259678e-01 -2.490613296571896756e-02 -2.726337475407908384e-01 2.214489803225714454e-02 -2.654978832091290375e-01 -2.594235601258774726e-01 -2.288801312786212933e-02 -2.706751725050566826e-01 -2.096128619823903541e-02 -2.690128950859956847e-01 -9.447784497267985859e-02 2.406203481505182484e-01 -1.719518588571838091e-01 -2.456068470338534093e-01 -4.369463282592065539e-02 -2.148793519914357908e-01 2.850697882351482249e-01
2.573769654658932260e-01 2.142589016590640272e-01 -8.040313238996121825e-02 -2.793072471874064044e-01 1.486206710128751829e-01 1.581604484053854009e-01 2.731682230295734426e-01 5.343176556021037721e-02 -2.321782619208533349e-01 -2.154553859448913589e-01 -9.597731057875145966e-02 -2.637494692433786092e-01 -2.578553596488252775e-01 8.911276984588231698e-02 -2.190842466665545718e-01 -2.242057069566790184e-01 -6.607840249427530954e-02 -2.730684433778443054e-01 -1.401619342818668512e-01 -1.514418294793386244e-01 2.652046501019671432e-01 2.014727286887882819e-03 3.591127767830887829e-01 -7.862763138053018019e-02
-2.376376050957005326e-01 2.594997421712801344e-01 -4.592642943741330475e-02 -2.075102638257289855e-01 -2.718463015374775194e-01 -8.902855425245705112e-02 -1.730855674863494009e-01 2.759001078048482491e-01 -1.305680249419109429e-01 -1.251066611194742162e-01 -2.661879627363183953e-01 1.963243620606260065e-01 1.993177450288246000e-01 2.614760929192682104e-01 -1.097091100753897208e-01 -1.453884991825050710e-01 -2.754918933401940273e-01 1.540148703454519707e-01 1.103267954444894089e-01 2.522885649054819601e-01 -2.647912199379689469e-01 -9.420955157009797132e-02 3.177250208644311069e-01 -6.607144640277469450e-02
1.333608852946121803e-01 2.340153356215909086e-01 2.803770706429800086e-01 2.616206307231507266e-01 -1.797869928352756053e-01 5.366423950525161385e-02 -8.557691042005179105e-02 -2.025127864781353648e-01 -2.673242219161242050e-01 -2.650375940041103662e-01 2.016492485594802986e-01 1.035667198073624284e-01 -1.149216088694197252e-01 2.140490062500330082e-01 2.683061253771718557e-01 2.552618195523143063e-01 -1.734111773222357100e-01 -4.134096894328357502e-02 1.089468526741891180e-01 -2.480633645425956990e-01 -1.304381206914242697e-01 3.444903684983535164e-01 7.760491526456321509e-02 -2.463635764752257484e-01
2.676799637522975783e-01 1.719099651410360141e-01 -1.584187299433632290e-01 -2.723067539411296867e-01 1.799117776149619999e-02 2.584200495201612879e-01 1.844067016968297390e-01 -1.354480081782357126e-01 -2.715253619245853178e-01 -5.394185913120924658e-02 -2.227804545409968195e-01 -2.307773391856350886e-01 2.296366188293479937e-01 -2.153774489815718507e-01 6.352190246091356240e-02 2.713557505733721342e-01 -1.240159733391981989e-01 1.922410028085685119e-01 2.479937874029463918e-01 2.745624017132509628e-02 -2.588638961146352280e-01 -3.865553417642306894e-02 -3.322967624812194209e-01 1.739501379172836149e-01
-2.376375409889035506e-01 -2.594996662339394966e-01 -4.592639352654608736e-02 2.075102513842503604e-01 -2.718462701948920479e-01 8.902853417532734237e-02 -1.730855764366195926e-01 -2.759001250506821767e-01 -1.305680506522443052e-01 1.251066563170329105e-01 -2.661880000660458157e-01 -1.963244111193525043e-01 1.993176843171522439e-01 -2.614760465008277301e-01 -1.097091225552671856e-01 1.453884551812456016e-01 -2.754918681208884390e-01 -1.540148737013773417e-01 1.103267966055922616e-01 -2.522885852127469963e-01 2.647913019064174756e-01 -9.420960339903018677e-02 3.177250935120892184e-01 6.607147097673503333e-02
2.573769325822521936e-01 -2.142588672080761869e-01 -8.040313699057589913e-02 2.793072199554498813e-01 1.486206376868331736e-01 -1.581604586162338455e-01 2.731682015252913653e-01 -5.343172977828368475e-02 -2.321782812591565714e-01 2.154553714598889114e-01 -9.597734851931677413e-02 2.637495013602335070e-01 -2.578553339787826304e-01 -8.911273048344775516e-02 -2.190842654652678800e-01 2.242056841257317468e-01 -6.607844511604070437e-02 2.730684640034916066e-01 -1.401619155114784132e-01 1.514418637827001923e-01 -2.652046814156425181e-01 2.014715049278817394e-03 3.591128140664768820e-01 7.862762082010678333e-02
-1.921045450183136993e-01 -2.824049665553610700e-01 -2.250051566352525012e-01 -5.071183618578867236e-02 -1.501008318127836361e-01 2.703359908018740931e-01 2.453328835921015361e-01 8.954162921032732259e-02 -1.112093747097731844e-01 -2.490936726739164109e-01 2.581928605515253494e-01 1.530132992729999197e-01 -1.605861196534459356e-01 2.612422636715768798e-01 2.384886249757253163e-01 8.853683972242681888e-02 1.136199820416639444e-01 2.549064702937555160e-01 2.502813740295139477e-01 -7.994695740667262518e-02 2.191133113156119305e-01 -2.834467996603898254e-01 1.102809169896465935e-01 2.359025342897166089e-01
-2.811817024219073202e-01 4.203624342032116767e-02 2.767094450095334834e-01 -8.382580843646546265e-02 2.608500587542155746e-01 1.247072073300939388e-01 2.377382681086587790e-01 -1.659282408339761428e-01 -2.017427071260772531e-01 2.094417543614056354e-01 -1.358229679631325904e-01 2.542890340078585165e-01 2.499015738983944579e-01 1.307238740766726026e-01 2.105548713744438416e-01 -1.980888261449383903e-01 1.673173549402454663e-01 -2.330596559930262213e-01 -1.259433833055587093e-01 -2.543636017690494855e-01 -2.399111418101934901e-01 2.329127839166518499e-02 9.733972463460174862e-02 3.266350425063302976e-01
2.676799964390350617e-01 -1.719099865270869443e-01 -1.584187482307369277e-01 2.723067816272725095e-01 1.799117265807745336e-02 -2.584200710127174672e-01 1.844066948816357465e-01 1.354480291083847709e-01 -2.715253473578579380e-01 5.394182488431589068e-02 -2.227804436856760106e-01 2.307772922787946490e-01 2.296366426579063424e-01 2.153774398113862953e-01 6.352193135459487106e-02 -2.713557460518470910e-01 -1.240159449063217706e-01 -1.922410060268817944e-01 2.479937647533280998e-01 -2.745624888000401664e-02 2.588638926191709211e-01 -3.865552787191402218e-02 -3.322967511982126143e-01 -1.739501276908020644e-01
1.695309973329476860e-01 -2.710626505415184018e-01 2.658843664041783961e-01 -1.552277258682361605e-01 1.976292173985721295e-02 1.876582410107318355e-01 -2.749239616659940322e-01 2.376151903083994765e-01 -8.448107226117884672e-02 -1.172750634991236857e-01 -2.568969230174117935e-01 2.226001188006182796e-01 -2.215563284139655531e-01 -2.479813069534244907e-01 9.726027128845669834e-02 1.060810163599685413e-01 2.475898847541511127e-01 -2.622011195086552671e-01 1.465771334589522912e-01 -5.923499715384220043e-02 -1.861599902616907498e-01 -3.312133866013619587e-01 2.057242266209172513e-02 -2.603591377999223688e-01
2.208141193581732720e-01 -2.774169976905681567e-01 1.278342571466428712e-01 1.161900763006704362e-01 2.724392398299450568e-01 2.193296168508650779e-01 5.852496310043496519e-03 -2.266844838788130700e-01 2.589511587319076602e-01 -6.315433354835768565e-02 1.954070271040240503e-01 -2.491636809592956414e-01 2.449919178808237230e-01 1.849835183487292256e-01 7.728728789534186627e-02 -2.627472261821861554e-01 -2.123696889248092301e-01 -1.811729787060613328e-02 2.301730444651891028e-01 2.316962691952543507e-01 -2.530297191459618955e-01 -1.732659664870163096e-01 2.476016001885163187e-01 -1.506216664663485305e-01
1.695311384791893805e-01 2.710628716734843069e-01 2.658845895528590964e-01 1.552278986184044696e-01 1.976281441541979586e-02 -1.876581932549873377e-01 -2.749239747399942480e-01 -2.376152838079853558e-01 -8.448126262632725536e-02 1.172748009395390562e-01 -2.568966656398141146e-01 -2.225999607903918209e-01 -2.215564562101187407e-01 2.479815484993588837e-01 9.726055697092655938e-02 -1.060807855792682136e-01 2.475897785588398181e-01 2.622011501848142134e-01 1.465772734141943812e-01 5.923478114543472700e-02 1.861598940318499318e-01 -3.312131262738521320e-01 2.057248567517883098e-02 2.603589577097302210e-01
