# No.Blocks      Mean       Error        Error_in_Error
        2270  -42.566869605884854        3.4622866955727520E-002   5.1396172862520396E-004
        1135  -42.566869605884804        4.7948042813251913E-002   1.0068142629852568E-003
         567  -42.567771347422102        6.5335673495675067E-002   1.9419013284800348E-003
         283  -42.567104250699607        8.6778637892436686E-002   3.6540398304325686E-003
         141  -42.561440124160875       0.10933757067237980        6.5341696271374742E-003
          70  -42.552869619573009       0.13290366664704500        1.1313511419508074E-002
          35  -42.552869619572988       0.14774589444600589        1.7916821428007056E-002
          17  -42.569252874462769       0.16798144084868263        2.9695203984397602E-002
           8  -42.589724436321440       0.12353259913574921        3.3015475861690020E-002
           4  -42.589724436321433        3.4266209645330357E-002   1.3989121508382454E-002
           2  -42.589724436321433        2.5911696305465127E-002   1.8322336169640800E-002
