# No.Blocks      Mean       Error        Error_in_Error
        2270  -1.6769513903083719        6.2217376386126778E-005   9.2359048021148297E-007
        1135  -1.6769513903083704        8.0761925195634523E-005   1.6958410275432573E-006
         567  -1.6769502954144615        9.4282348540566027E-005   2.8022519412042547E-006
         283  -1.6769543189045937        9.5292821166626486E-005   4.0125516204661372E-006
         141  -1.6769593085106387        8.9566218262443806E-005   5.3526053248580736E-006
          70  -1.6769641330357143        9.0353866407590604E-005   7.6914318858765013E-006
          35  -1.6769641330357143        7.9061778427112002E-005   9.5876489236518385E-006
          17  -1.6769623598345593        6.5171563035407133E-005   1.1520813540715729E-005
           8  -1.6769830034179687        4.5410083773746194E-005   1.2136355384718639E-005
           4  -1.6769830034179689        4.5869369711869522E-005   1.8726091769525630E-005
           2  -1.6769830034179689        7.3145992783042629E-005   5.1722027513511703E-005
