# No.Blocks      Mean       Error        Error_in_Error
        2270   71.711376000265716        2.3475923642519284E-002   3.4849009794050349E-004
        1135   71.711376000265716        3.2734898534660502E-002   6.8736825964797114E-004
         567   71.711377872583100        4.5037016122230225E-002   1.3385863611603379E-003
         283   71.711841364148526        6.0778706296016449E-002   2.5592452133563993E-003
         141   71.709050266409918        7.9984188115913402E-002   4.7799694965261850E-003
          70   71.699416747336201       0.10290428407955490        8.7597943865774641E-003
          35   71.699416747336201       0.12218975247157939        1.4817683994364658E-002
          17   71.702128636081156       0.13722705776777516        2.4258545777467975E-002
           8   71.697484229241553       0.14580810686668771        3.8968855722090454E-002
           4   71.697484229241553        3.8882803573389628E-002   1.5873838087278502E-002
           2   71.697484229241553        2.3785141696707958E-002   1.6818634985225102E-002
