# No.Blocks      Mean       Error        Error_in_Error
        2257  -794.94845827223196        8.3207750353921126E-002   1.2387373567997811E-003
        1128  -794.94940276107980       0.11579554607070347        2.4390174038127189E-003
         564  -794.94940276107866       0.15872727458136163        4.7302311533147607E-003
         282  -794.94940276107945       0.21210021604986984        8.9469076198432796E-003
         141  -794.94940276107900       0.27193446997165355        1.6251192918715244E-002
          70  -794.95197500111965       0.34404123334559988        2.9286734673573647E-002
          35  -794.95197500111965       0.38688049796902191        4.6916151694642236E-002
          17  -794.86117990015293       0.39178612108031097        6.9258655747665404E-002
           8  -794.87752857788087       0.24778705175271390        6.6223875181248490E-002
           4  -794.87752857788087       0.30434111151330950       0.12424673849318052     
           2  -794.87752857788087       0.34490571492030025       0.24388516989013848     
