# of blocks mean (X_5)     std.err. (X_5)  std.err.err. (X_5)  mean (X_6)     std.err. (X_6)  std.err.err. (X_6)  cov(X_5,X_6)   mean (X_5/X_6)   std.err. (X_5/X_6) 
# from 50000 to 0
2049        -34947173.0203 2.60639153e+02  4.07248676e+00       91162.6848793  6.79897285e-01  1.06233951e-02       -3.63099e+05   -383.349536782483 1.517399810536e-07 
1024        -34947169.8460 3.64496547e+02  8.05824753e+00       91162.6765997  9.50817207e-01  2.10205569e-02       -3.54887e+05   -383.349536778224 2.110315826028e-07 
512         -34947169.8460 5.03059896e+02  1.57359964e+01       91162.6765997  1.31227013e+00  4.10485476e-02       -3.37997e+05   -383.349536778226 2.890709046807e-07 
256         -34947169.8460 6.85236860e+02  3.03427982e+01       91162.6765997  1.78749214e+00  7.91514823e-02       -3.13563e+05   -383.349536778225 3.863121128910e-07 
128         -34947169.8460 9.25859664e+02  5.80936021e+01       91162.6765997  2.41517220e+00  1.51541382e-01       -2.86222e+05   -383.349536778225 4.939711170258e-07 
64          -34947169.8460 1.18253582e+03  1.05348664e+02       91162.6765997  3.08472836e+00  2.74809444e-01       -2.33459e+05   -383.349536778225 5.834064986182e-07 
32          -34947169.8460 1.53377962e+03  1.94790206e+02       91162.6765997  4.00096509e+00  5.08123074e-01       -1.96371e+05   -383.349536778225 6.665792005261e-07 
16          -34947169.8460 1.70963354e+03  3.12134951e+02       91162.6765997  4.45966386e+00  8.14219499e-01       -1.21990e+05   -383.349536778225 7.654997952479e-07 
8           -34947169.8460 1.88608368e+03  5.04077068e+02       91162.6765997  4.91987868e+00  1.31489289e+00       -7.42344e+04   -383.349536778225 7.496163877300e-07 
4           -34947169.8460 1.52403045e+03  6.22182827e+02       91162.6765997  3.97555850e+00  1.62301496e+00       -2.42355e+04   -383.349536778225 4.425778285742e-07 
2           -34947169.8460 1.38897358e+03  9.82152641e+02       91162.6765997  3.62330386e+00  2.56206273e+00       -1.00653e+04   -383.349536778225 2.004180456857e-07 
