# of blocks mean (X_1)     std.err. (X_1)  std.err.err. (X_1)  
# from 50000 to 0
2049        -1.18888485408 1.33144110e-05  2.08037671e-07       
1024        -1.18888498437 1.73086699e-05  3.82658074e-07       
512         -1.18888498437 2.06482648e-05  6.45889334e-07       
256         -1.18888498438 2.20014919e-05  9.74242436e-07       
128         -1.18888498437 2.20115772e-05  1.38112919e-06       
64          -1.18888498438 2.32006889e-05  2.06688164e-06       
32          -1.18888498438 2.52742725e-05  3.20983582e-06       
16          -1.18888498438 2.81496392e-05  5.13939745e-06       
8           -1.18888498438 2.73463156e-05  7.30861026e-06       
4           -1.18888498437 1.60872687e-05  6.56759995e-06       
2           -1.18888498438 4.84375000e-06  3.42504847e-06       
