# No.Blocks      Mean       Error        Error_in_Error
        2292  -44.639522140565077        3.5458463344000622E-002   5.2383241384971102E-004
        1146  -44.639522140564921        4.9226845212948060E-002   1.0286893958801700E-003
         573  -44.639522140564964        6.7219918656086355E-002   1.9873985579360828E-003
         286  -44.636274525118317        8.9366804146615256E-002   3.7431635188348296E-003
         143  -44.636274525118345       0.11786965733917311        6.9942773693862578E-003
          71  -44.638304036803575       0.14176778013022820        1.1981564256047921E-002
          35  -44.663375628645440       0.17180414800764418        2.0834313210434319E-002
          17  -44.697255480714297       0.17549152902934800        3.1022812554361956E-002
           8  -44.749072263520944       0.21268171038962250        5.6841578050789085E-002
           4  -44.749072263520944       0.24790797128350175       0.10120800546885404     
           2  -44.749072263520944       0.38203826600360674       0.27014184856390039     
