# Block_length   Mean       Error        Error_in_Error
        2292  -1.6764051202566403        1.0848785079174926E-003   1.6027048945206064E-005
        1146  -1.6764051202566499        1.4880114766696363E-003   3.1094855263961334E-005
         573  -1.6764051202566459        1.9900021905008246E-003   5.8835648164428273E-005
         286  -1.6765383645590997        2.5426600966146646E-003   1.0650031189243923E-004
         143  -1.6765383645590985        3.2275334649263646E-003   1.9151887586907318E-004
          71  -1.6765761588373131        3.7018859401864567E-003   3.1286646528682586E-004
          35  -1.6760928776470563        4.5083933349504991E-003   5.4672299770092852E-004
          17  -1.6752695004426745        4.7875912245650609E-003   8.4633455510979029E-004
           8  -1.6732112186011892        5.7021900683679495E-003   1.5239743992927104E-003
           4  -1.6732112186011894        7.0831626945463324E-003   2.8916890611259500E-003
           2  -1.6732112186011894        1.2512536359273737E-002   8.8476993094856946E-003
