Geometry:
  r_5: [  0.00000000000000,  2.63994739601739 ]
  r_4: [  2.28626150960564,  1.31997369800870 ]
  r_6: [  2.28626150960564, -1.31997369800870 ]
  r_2: [  0.00000000000000, -2.63994739601739 ]
  r_3: [ -2.28626150960564, -1.31997369800870 ]
  r_1: [ -2.28626150960564,  1.31997369800870 ]
