# Block_length   Mean       Error        Error_in_Error
        2014  -1.6773633816512534        1.2420604182827189E-003   1.9575183267759697E-005
        1007  -1.6773633816512556        1.7062960904312388E-003   3.8039991174279072E-005
         503  -1.6773928125558233        2.2697169477058974E-003   7.1631631700409584E-005
         251  -1.6775027335295158        2.9177522663068477E-003   1.3048584817932361E-004
         125  -1.6778978458251017        3.4787583910962645E-003   2.2090137873610199E-004
          62  -1.6782303025203948        3.8808258632758619E-003   3.5135346479278119E-004
          31  -1.6782303025203946        4.4301546349223659E-003   5.7193050407259736E-004
          15  -1.6781349795856459        5.1983413181249574E-003   9.8239416841359550E-004
           7  -1.6794590789338251        4.7619405100637275E-003   1.3746538176751385E-003
           3  -1.6815518067235338        7.2749754723574981E-003   3.6374877361787490E-003
