# No.Blocks      Mean       Error        Error_in_Error
        2516  -1.6805184944356135        4.0015457752382439E-004   5.6421392019348490E-006
        1258  -1.6805184944356097        5.6484029809466521E-004   1.1265307138692017E-005
         629  -1.6805184944356117        7.9571741938470636E-004   2.2452465916382526E-005
         314  -1.6805192468152865        1.1196043689935932E-003   4.4748390355500100E-005
         157  -1.6805192468152872        1.5542251620209123E-003   8.7990672842297113E-005
          78  -1.6805472580128200        2.0899991658668597E-003   1.6841693226494052E-004
          39  -1.6805472580128202        2.5428081178769705E-003   2.9168009522738354E-004
          19  -1.6805982446546053        2.7797529557149754E-003   4.6329215928582923E-004
           9  -1.6807872178819445        2.9590873999378480E-003   7.3977184998446201E-004
           4  -1.6811124775390627        3.2987805667960657E-003   1.3467215270099070E-003
           2  -1.6811124775390625        3.3535234374976459E-003   2.3712991635226064E-003
