# Block_length   Mean       Error        Error_in_Error
        2292  -1.6797500952066364        1.1464813515536930E-003   1.6937115632780583E-005
        1146  -1.6797500952066331        1.5699024351859545E-003   3.2806123988978912E-005
         573  -1.6797500952066311        2.0894402895785744E-003   6.1775597195341475E-005
         286  -1.6797212239790846        2.6466105337829347E-003   1.1085431658009526E-004
         143  -1.6797212239790853        3.0835510668654853E-003   1.8297509241300229E-004
          71  -1.6793815657017670        3.4400225964595233E-003   2.9073497337600047E-004
          35  -1.6792167383479200        3.9818792865894178E-003   4.8287379079609602E-004
          17  -1.6795090805044142        4.7205753408395184E-003   8.3448770865240528E-004
           8  -1.6792361039792127        3.9402732592451958E-003   1.0530823247401871E-003
           4  -1.6792361039792127        5.4178172635658819E-003   2.2118146358963758E-003
           2  -1.6792361039792127        7.5924493379096493E-003   5.3686724126512254E-003
