# No.Blocks      Mean       Error        Error_in_Error
        2292  -43.542291630283550        3.2587789973014897E-002   4.8142358900276613E-004
        1146  -43.542291630283501        4.5008590848741245E-002   9.4054087620937363E-004
         573  -43.542291630283572        6.0707826593768728E-002   1.7948645199225568E-003
         286  -43.543169643082067        7.8697245946373839E-002   3.2962649036431470E-003
         143  -43.543169643082074        9.6080516691590498E-002   5.7013297459683988E-003
          71  -43.551410349291821       0.11245382367992586        9.5040827543579742E-003
          35  -43.546766302937819       0.12863824288012179        1.5599678320252974E-002
          17  -43.508665870884606       0.15492527897058098        2.7387178834328858E-002
           8  -43.522294243974855       0.15107461309856149        4.0376388718160558E-002
           4  -43.522294243974855       0.17245902189693885        7.0406100864495211E-002
           2  -43.522294243974855       0.22065232966374229       0.15602475858984177     
