# No.Blocks      Mean       Error        Error_in_Error
        2292   73.140168511483921        2.1292990237511675E-002   3.1456406799087251E-004
        1146   73.140168511483694        2.9562446171191768E-002   6.1776404238442759E-004
         573   73.140168511483722        4.0473905263529363E-002   1.1966360948206345E-003
         286   73.140386208806731        5.4523239036885267E-002   2.2837271763321734E-003
         143   73.140386208806774        7.1015774350217040E-002   4.2140109220635547E-003
          71   73.139435700913836        9.0404308644748368E-002   7.6405586096899092E-003
          35   73.124458876818352       0.10692883171170718        1.2967025516801881E-002
          17   73.073199410783189       0.12709944766040884        2.2468220331434939E-002
           8   73.084207822489248       0.17524700510170518        4.6836732224914697E-002
           4   73.084207822489248       0.13005112509717823        5.3093149493825008E-002
           2   73.084207822489248       0.10637616978642132        7.5219311012630047E-002
