# No.Blocks      Mean       Error        Error_in_Error
        2270   72.240497160754586        2.4155196898488558E-002   3.5857362040827781E-004
        1135   72.240497160754529        3.3691004517614115E-002   7.0744459820286181E-004
         567   72.241376234021146        4.6456030395638802E-002   1.3807621826561806E-003
         283   72.243560108259473        6.3501940053777226E-002   2.6739140403869710E-003
         141   72.247285834109420        8.4357204897461360E-002   5.0413072348464618E-003
          70   72.243231957801854       0.10866555823665487        9.2502266117497588E-003
          35   72.243231957801868       0.13515207774355498        1.6389596825246086E-002
          17   72.250683459040175       0.16773431665493785        2.9651518186099551E-002
           8   72.219841543957955       0.15529402132941658        4.1504073002074399E-002
           4   72.219841543957955       0.14784034450582006        6.0355567906089612E-002
           2   72.219841543957955        3.0798462397312296E-002   2.1777801611258415E-002
