# No.Blocks      Mean       Error        Error_in_Error
        2270  -1.6771386484581514        6.3891380874505670E-005   9.4844036458627289E-007
        1135  -1.6771386484581485        8.3079737097758124E-005   1.7445105027721829E-006
         567  -1.6771408011463842        9.5548407183944508E-005   2.8398816284787430E-006
         283  -1.6771431289752652        9.7725537874475391E-005   4.1149874729124153E-006
         141  -1.6771493023049653        8.6753474413212912E-005   5.1845117288915685E-006
          70  -1.6771469964285712        7.8864060666860027E-005   6.7133546684818748E-006
          35  -1.6771469964285717        8.1879508538459139E-005   9.9293488905214750E-006
          17  -1.6771742817095590        8.7037767877789200E-005   1.5386248971431350E-005
           8  -1.6771987407226561        9.1232421741499386E-005   2.4382890337311192E-005
           4  -1.6771987407226563        8.3483549988638074E-005   3.4082016564715945E-005
           2  -1.6771987407226561        3.0838378087560668E-005   2.1806026266508782E-005
