# No.Blocks      Mean       Error        Error_in_Error
        2270  -43.101219569252692        3.5809139422619873E-002   5.3157143866117834E-004
        1135  -43.101219569252699        4.9679352721408686E-002   1.0431683539325973E-003
         567  -43.101903977949846        6.7804793519833165E-002   2.0152883037502394E-003
         283  -43.104497155875855        9.0671724243316473E-002   3.8179683378961314E-003
         141  -43.111945581488470       0.11575506192969778        6.9176880846824650E-003
          70  -43.113600723137779       0.13776507210722103        1.1727341734172182E-002
          35  -43.113600723137772       0.16277797811696099        1.9739729332373831E-002
          17  -43.143337423217240       0.19887425691604257        3.5156333917192334E-002
           8  -43.108701323488319       0.20883505563935531        5.5813516325024348E-002
           4  -43.108701323488333       0.21719287007643409        8.8668617909644129E-002
           2  -43.108701323488333        2.4475749583033033E-002   1.7306968504786469E-002
