# of blocks mean (X_5)     std.err. (X_5)  std.err.err. (X_5)  mean (X_6)     std.err. (X_6)  std.err.err. (X_6)  cov(X_5,X_6)   mean (X_5/X_6)   std.err. (X_5/X_6) 
# from 50000 to 0
2049        -59832372.9846 1.06248083e+02  1.66012629e+00       259351.119800  4.60546629e-01  7.19604108e-03       -1.00262e+05   -230.700268542533 1.166641328853e-08 
1024        -59832375.5296 1.46674093e+02  3.24265389e+00       259351.130831  6.35778636e-01  1.40557206e-02       -9.54903e+04   -230.700268542412 1.615246846211e-08 
512         -59832375.5296 1.98387675e+02  6.20567803e+00       259351.130831  8.59938107e-01  2.68993476e-02       -8.73478e+04   -230.700268542412 2.186908341746e-08 
256         -59832375.5296 2.64654768e+02  1.17191101e+01       259351.130831  1.14718198e+00  5.07980717e-02       -7.77234e+04   -230.700268542412 2.855767211431e-08 
128         -59832375.5296 3.38671634e+02  2.12501483e+01       259351.130831  1.46801639e+00  9.21115404e-02       -6.36385e+04   -230.700268542412 3.518500530835e-08 
64          -59832375.5296 4.25573113e+02  3.79130662e+01       259351.130831  1.84469971e+00  1.64338912e-01       -5.02435e+04   -230.700268542412 3.795943338757e-08 
32          -59832375.5296 5.12093608e+02  6.50359532e+01       259351.130831  2.21973461e+00  2.81906577e-01       -3.63748e+04   -230.700268542412 4.156154409711e-08 
16          -59832375.5296 5.18822719e+02  9.47236354e+01       259351.130831  2.24888451e+00  4.10588258e-01       -1.86684e+04   -230.700268542412 4.200031285805e-08 
8           -59832375.5296 4.81889208e+02  1.28790308e+02       259351.130831  2.08879594e+00  5.58254197e-01       -8.05255e+03   -230.700268542412 3.964932401827e-08 
4           -59832375.5296 3.09161401e+02  1.26214614e+02       259351.130831  1.34005752e+00  5.47076190e-01       -1.65718e+03   -230.700268542412 4.677803388825e-08 
2           -59832375.5296 4.04562596e+02  2.86068955e+02       259351.130831  1.75360352e+00  1.23998494e+00       -1.41888e+03   -230.700268542412 2.233175204062e-08 
