# of blocks mean (X_1)     std.err. (X_1)  std.err.err. (X_1)  
# from 50000 to 0
2049        -0.683530137921 4.57728522e-06  7.15200816e-08       
1024        -0.683530241309 5.91765766e-06  1.30826892e-07       
512         -0.683530241309 6.99384675e-06  2.18771459e-07       
256         -0.683530241309 7.49146342e-06  3.31727576e-07       
128         -0.683530241309 7.57823173e-06  4.75500549e-07       
64          -0.683530241309 7.80439811e-06  6.95271044e-07       
32          -0.683530241309 8.54907403e-06  1.08573349e-06       
16          -0.683530241309 7.68828560e-06  1.40368248e-06       
8           -0.683530241309 9.79361960e-06  2.61745494e-06       
4           -0.683530241309 7.12175650e-06  2.90744492e-06       
2           -0.683530241309 7.79570312e-06  5.51239454e-06       
