 # List of sign-inconsistent amplitudes in the trial wave function.
 # (Det. Index, FCI Amp., Trial Wfn. Amp., Occupation Numbers ...)

  33241 -7.84724545160E-03  2.28623773793E-03    1  2  3  6  9 11 14 16 18 19
  33242 -7.84724382371E-03  2.28623986097E-03    3  6  7  8  9 11 14 16 18 19
  33243 -7.84724144381E-03  2.29084237120E-03    1  2  3  5 10 12 14 15 18 19
  33244 -7.84724038340E-03  2.29099269513E-03    3  5  7  8 10 12 14 15 18 19
  33245 -7.84722139122E-03  2.29084237120E-03    1  2  4  6  9 11 13 16 17 20
  33246 -7.84722127112E-03  2.28623773793E-03    1  2  4  5 10 12 13 15 17 20
  33247 -7.84722033079E-03  2.29099269513E-03    4  6  7  8  9 11 13 16 17 20
  33248 -7.84721964322E-03  2.28623986097E-03    4  5  7  8 10 12 13 15 17 20
  40301 -4.46890673005E-03  1.43274477672E-03    1  2  6  9 11 13 14 16 18 19
  40302  4.46890608994E-03 -1.43494829498E-03    3  6  7  8  9 11 14 16 19 20
  40303 -4.46889990000E-03  1.43577477689E-03    1  2  4  6  9 11 13 16 17 18
  40304  4.46889944826E-03 -1.44041711576E-03    3  4  6  7  8  9 11 16 17 20
  40305  4.46889942658E-03 -1.43577477689E-03    1  2  3  5 10 12 14 15 17 18
  40306 -4.46889897484E-03  1.44041711576E-03    3  4  5  7  8 10 12 15 18 19
  40307  4.46889200677E-03 -1.43274477672E-03    1  2  5 10 12 13 14 15 17 20
  40308 -4.46889136666E-03  1.43494829498E-03    4  5  7  8 10 12 13 15 19 20
  40677  4.32784268255E-03 -1.06246149319E-03    1  2  3  6  9 11 14 16 17 18
  40678 -4.32784209447E-03  1.06472411062E-03    3  4  6  7  8  9 11 16 18 19
  40679  4.32783894628E-03 -1.05820162722E-03    1  2  6  9 11 13 14 16 17 20
  40680 -4.32783850901E-03  1.06360476484E-03    4  6  7  8  9 11 13 16 19 20
  40681 -4.32783401502E-03  1.05820162722E-03    1  2  5 10 12 13 14 15 18 19
  40682  4.32783357774E-03 -1.06360476484E-03    3  5  7  8 10 12 14 15 19 20
  40683 -4.32783057382E-03  1.06246149319E-03    1  2  4  5 10 12 13 15 17 18
  40684  4.32782998573E-03 -1.06472411062E-03    3  4  5  7  8 10 12 15 17 20
  41637 -3.99259253456E-03  1.54610060282E-03    2  3  5 10 11 12 14 15 18 19
  41638  3.99258964063E-03 -1.54444758200E-03    3  5  7 10 12 14 15 16 18 19
  41639 -3.99258834646E-03  1.54610060282E-03    1  4  6  9 11 12 13 16 17 20
  41640  3.99258545252E-03 -1.54444758200E-03    4  6  8  9 11 13 15 16 17 20
  41641 -3.99257198174E-03  1.53563134267E-03    2  3  5  6  9 11 14 16 18 19
  41642 -3.99257053527E-03  1.53563134267E-03    1  4  5  6 10 12 13 15 17 20
  41643  3.99256885623E-03 -1.53525415424E-03    3  6  7  9 10 11 14 16 18 19
  41644  3.99256740977E-03 -1.53525415424E-03    4  5  8  9 10 12 13 15 17 20
  43961 -3.21958934591E-03  1.42935884564E-03    1  2  4  5  9 12 14 15 17 20
  43962 -3.21958885589E-03  1.42332175094E-03    4  6  7  8 10 12 13 15 17 19
  43963 -3.21957993284E-03  1.42935884564E-03    1  2  3  6 10 11 13 16 18 19
  43964 -3.21957944282E-03  1.42332175094E-03    3  5  7  8  9 11 14 16 18 20
  43965 -3.21957787132E-03  1.41706582568E-03    1  2  4  6  9 11 13 15 18 20
  43966 -3.21957733724E-03  1.42479815417E-03    3  6  7  8  9 12 13 16 17 20
  43967 -3.21957436522E-03  1.41706582568E-03    1  2  3  5 10 12 14 16 17 19
  43968 -3.21957383116E-03  1.42479815417E-03    4  5  7  8 10 11 14 15 18 19
  44133 -3.16000696356E-03  3.51025142545E-04    2  3  6  7  9 11 14 15 16 18
  44134  3.16000678973E-03 -3.44435249355E-04    2  3  6  7  9 11 12 16 18 19
  44135  3.15999225945E-03 -3.50458369705E-04    2  3  5  6  7 10 12 14 15 19
  44136  3.15999206303E-03 -3.49659394874E-04    2  5  7  9 10 12 14 15 18 19
  44137 -3.15998526798E-03  3.51025142545E-04    1  4  5  8 10 12 13 15 16 17
  44138  3.15998509416E-03 -3.44435249355E-04    1  4  5  8 10 11 12 15 17 20
  44139  3.15997646109E-03 -3.50458369705E-04    1  4  5  6  8  9 11 13 16 20
  44140  3.15997626467E-03 -3.49659394874E-04    1  6  8  9 10 11 13 16 17 20
  44765  2.97619560893E-03 -5.17273669573E-04    2  3  6  7  9 13 14 16 18 19
  44766 -2.97619547590E-03  5.12355526163E-04    2  3  6  7  9 11 14 18 19 20
  44767  2.97618842126E-03 -5.11087479184E-04    2  3  4  5  7 12 14 15 18 19
  44768  2.97618822119E-03 -5.13419208003E-04    2  3  7 10 12 14 15 17 18 19
  44769  2.97617935071E-03 -5.17273669573E-04    1  4  5  8 10 13 14 15 17 20
  44770 -2.97617921768E-03  5.12355526163E-04    1  4  5  8 10 12 13 17 19 20
  44771  2.97617533567E-03 -5.11087479184E-04    1  3  4  6  8 11 13 16 17 20
  44772  2.97617513560E-03 -5.13419208003E-04    1  4  8  9 11 13 16 17 18 20
  44821 -2.96040218883E-03  1.04357866741E-03    1  2  4  6 10 12 13 15 17 19
  44822 -2.96040191636E-03  1.04948527677E-03    4  5  7  8  9 12 14 15 17 20
  44823 -2.96039990706E-03  1.04357866741E-03    1  2  3  5  9 11 14 16 18 20
  44824 -2.96039963459E-03  1.04948527677E-03    3  6  7  8 10 11 13 16 18 19
  44825 -2.96039335234E-03  1.04576953979E-03    1  2  3  6  9 12 13 16 17 20
  44826 -2.96039269884E-03  1.03766896918E-03    4  6  7  8  9 11 13 15 18 20
  44827 -2.96039124937E-03  1.04576953979E-03    1  2  4  5 10 11 14 15 18 19
  44828 -2.96039059587E-03  1.03766896918E-03    3  5  7  8 10 12 14 16 17 19
  45443 -2.79796467159E-03  8.92793929127E-04    1  2  3  4  6 11 13 16 18 19
  45444 -2.79796406132E-03  8.90668987347E-04    3  7  8  9 11 14 16 17 18 20
  45445  2.79795411447E-03 -8.92793929127E-04    1  2  3  4  5 12 14 15 17 20
  45446  2.79795350421E-03 -8.90668987347E-04    4  7  8 10 12 13 15 17 18 19
  45447  2.79795299042E-03 -8.87906909045E-04    1  2  4  6  9 11 13 18 19 20
  45448 -2.79795253444E-03  8.88365841867E-04    3  6  7  8  9 13 14 16 17 20
  45449 -2.79795153743E-03  8.87906909045E-04    1  2  3  5 10 12 14 17 19 20
  45450  2.79795108145E-03 -8.88365841867E-04    4  5  7  8 10 13 14 15 18 19
  45559  2.76630765404E-03 -3.11930161339E-04    1  2  6  9 11 13 14 16 17 18
  45560  2.76630754629E-03 -3.13873163760E-04    3  4  6  7  8  9 11 16 19 20
  45561  2.76630102415E-03 -3.11930161339E-04    1  2  5 10 12 13 14 15 17 18
  45562  2.76630091639E-03 -3.13873163760E-04    3  4  5  7  8 10 12 15 19 20
  46195 -2.60931726597E-03  9.33216268603E-04    1  2  3  6  9 11 12 16 17 20
  46196  2.60931677728E-03 -9.27930757107E-04    4  6  7  8  9 11 13 15 16 18
  46197  2.60930883190E-03 -9.29151137076E-04    1  2  4  5  6 10 12 13 15 19
  46198  2.60930838098E-03 -9.31095731709E-04    5  7  8  9 10 12 14 15 17 20
  46199 -2.60930728056E-03  9.29151137076E-04    1  2  3  5  6  9 11 14 16 20
  46200 -2.60930682964E-03  9.31095731709E-04    6  7  8  9 10 11 13 16 18 19
  46201  2.60930326037E-03 -9.33216268603E-04    1  2  4  5 10 11 12 15 18 19
  46202 -2.60930277170E-03  9.27930757107E-04    3  5  7  8 10 12 14 15 16 17
  47543  2.25091972669E-03 -5.71039833129E-04    2  3  5  7 10 11 12 14 18 19
  47544  2.25091935050E-03 -5.71039833129E-04    1  4  6  8  9 11 12 13 17 20
  47545  2.25091413890E-03 -5.67607501408E-04    2  3  5  7 10 14 15 16 18 19
  47546  2.25091376269E-03 -5.67607501408E-04    1  4  6  8  9 13 15 16 17 20
  47547 -2.25089889123E-03  5.57337820831E-04    2  3  5  6  7 11 14 16 18 19
  47548 -2.25089502232E-03  5.57337820831E-04    1  4  5  6  8 12 13 15 17 20
  47549 -2.25089261963E-03  5.57252626254E-04    2  3  7  9 10 11 14 16 18 19
  47550 -2.25088875071E-03  5.57252626254E-04    1  4  8  9 10 12 13 15 17 20
  48187 -2.12119432276E-03  1.02031926563E-03    1  6  9 11 12 13 14 16 17 20
  48188  2.12119335095E-03 -1.03052807322E-03    4  6  8  9 11 13 15 16 19 20
  48189  2.12119152850E-03 -1.02031926563E-03    2  5 10 11 12 13 14 15 18 19
  48190 -2.12119055669E-03  1.03052807322E-03    3  5  7 10 12 14 15 16 19 20
  48191  2.12118865095E-03 -1.02836064892E-03    2  3  5  6  9 11 14 16 17 18
  48192  2.12118767032E-03 -1.02854804998E-03    3  4  6  7  9 10 11 16 18 19
  48193 -2.12118570196E-03  1.02836064892E-03    1  4  5  6 10 12 13 15 17 18
  48194 -2.12118472134E-03  1.02854804998E-03    3  4  5  8  9 10 12 15 17 20
  48315  2.08652448805E-03 -2.31993987211E-04    2  3  6  7  8  9 13 14 18 19
  48316  2.08652400584E-03 -2.24212746171E-04    1  2  3  6  7  9 14 18 19 20
  48317  2.08651168439E-03 -2.24330753562E-04    2  3  7  8 12 14 15 17 18 19
  48318 -2.08651168383E-03  2.14085693889E-04    1  2  3  4  7 12 14 15 18 19
  48319 -2.08650966123E-03  2.31993987211E-04    1  4  5  7  8 10 13 14 17 20
  48320 -2.08650917902E-03  2.24212746171E-04    1  2  4  5  8 10 13 17 19 20
  48321 -2.08650766569E-03  2.24330753562E-04    1  4  7  8 11 13 16 17 18 20
  48322  2.08650766513E-03 -2.14085693889E-04    1  2  3  4  8 11 13 16 17 20
  49143 -1.93216916257E-03  2.00436007137E-04    2  4  5  7  9 12 14 15 19 20
  49144 -1.93216902632E-03  2.00436007137E-04    1  3  6  8 10 11 13 16 19 20
  49145 -1.93216901644E-03  2.01324900767E-04    2  6  7 10 12 13 14 15 17 19
  49146 -1.93216888018E-03  2.01324900767E-04    1  5  8  9 11 13 14 16 18 20
  49147 -1.93216188025E-03  2.00279995894E-04    2  3  4  6  7  9 11 15 18 20
  49148 -1.93216170979E-03  2.00148975113E-04    2  3  6  7  9 12 13 16 17 18
  49149 -1.93215888574E-03  2.00279995894E-04    1  3  4  5  8 10 12 16 17 19
  49150 -1.93215871530E-03  2.00148975113E-04    1  4  5  8 10 11 14 15 17 18
  49327  1.89274001574E-03 -2.53428660305E-04    2  3  6  7  8 12 14 15 17 19
  49328  1.89273995094E-03 -2.46945808821E-04    1  2  4  7  9 12 14 15 18 19
  49329  1.89273962684E-03 -2.51709809209E-04    2  3  6  7  8  9 12 13 18 19
  49330 -1.89273927241E-03  2.53428938343E-04    1  2  3  6  7  9 14 15 18 20
  49331  1.89273584120E-03 -2.53428660305E-04    1  4  5  7  8 11 13 16 18 20
  49332  1.89273577640E-03 -2.46945808821E-04    1  2  3  8 10 11 13 16 17 20
  49333  1.89273497244E-03 -2.51709809209E-04    1  4  5  7  8 10 11 14 17 20
  49334 -1.89273461800E-03  2.53428938343E-04    1  2  4  5  8 10 13 16 17 19
  50503  1.67586783633E-03 -9.79347246296E-03    1  2  4  6  9 11 13 16 18 19
  50504  1.67586676327E-03 -9.79563030786E-03    3  6  7  8  9 11 14 16 17 20
  50505  1.67585071157E-03 -9.79347246296E-03    1  2  3  5 10 12 14 15 17 20
  50506  1.67584963851E-03 -9.79563030786E-03    4  5  7  8 10 12 13 15 18 19
  50671  1.64483591737E-03 -4.94954020626E-05    2  3  4  6  7  9 11 15 16 18
  50672 -1.64483553713E-03  4.04502913823E-05    2  3  6  7  9 11 12 16 17 18
  50673  1.64482941271E-03 -4.73509572027E-05    1  6  8  9 10 11 13 16 19 20
  50674 -1.64482936226E-03  4.95961962167E-05    1  5  6  8  9 11 13 14 16 20
  50675 -1.64482453570E-03  4.94954020626E-05    1  3  4  5  8 10 12 15 16 17
  50676  1.64482415547E-03 -4.04502913823E-05    1  4  5  8 10 11 12 15 17 18
  50677 -1.64482322903E-03  4.73509572027E-05    2  5  7  9 10 12 14 15 19 20
  50678  1.64482317858E-03 -4.95961962167E-05    2  5  6  7 10 12 13 14 15 19
  50875 -1.59866384947E-03  3.61645061890E-03    1  2  3  5  7 10 12 14 18 19
  50876  1.59866185563E-03 -3.61584603309E-03    2  3  5  7  8 10 14 15 18 19
  50877 -1.59865439454E-03  3.61645061890E-03    1  2  4  6  8  9 11 13 17 20
  50878  1.59865240071E-03 -3.61584603309E-03    1  4  6  7  8  9 13 16 17 20
  50879 -1.59864429189E-03  3.60949816064E-03    1  2  4  5  8 12 13 15 17 20
  50880  1.59864105773E-03 -3.60992739716E-03    1  4  7  8 10 12 13 15 17 20
  50881 -1.59863726465E-03  3.60949816064E-03    1  2  3  6  7 11 14 16 18 19
  50882  1.59863403049E-03 -3.60992739716E-03    2  3  7  8  9 11 14 16 18 19
  51495  1.47743381470E-03 -2.79702263134E-04    1  2  4  5  9 12 14 17 19 20
  51496 -1.47743359679E-03  2.78467032108E-04    4  6  7  8 10 13 14 15 17 19
  51497 -1.47743333107E-03  2.79702263134E-04    1  2  3  6 10 11 13 18 19 20
  51498  1.47743311316E-03 -2.78467032108E-04    3  5  7  8  9 13 14 16 18 20
  51499 -1.47743286662E-03  2.77112393931E-04    1  2  3  4  5 12 14 16 17 19
  51500 -1.47743256614E-03  2.80154745283E-04    4  7  8 10 11 14 15 17 18 19
  51501  1.47742914912E-03 -2.77112393931E-04    1  2  3  4  6 11 13 15 18 20
  51502  1.47742884864E-03 -2.80154745283E-04    3  7  8  9 12 13 16 17 18 20
  51643 -1.45336721033E-03  3.06876640159E-03    1  4  6  9 11 12 13 16 17 18
  51644  1.45336556164E-03 -3.07750106426E-03    3  4  6  8  9 11 15 16 17 20
  51645  1.45336332741E-03 -3.06876640159E-03    2  3  5 10 11 12 14 15 17 18
  51646 -1.45336167872E-03  3.07750106426E-03    3  4  5  7 10 12 15 16 18 19
  51647  1.45336102825E-03 -3.06321591680E-03    2  5  6  9 11 13 14 16 18 19
  51648 -1.45335914838E-03  3.06266420967E-03    3  6  7  9 10 11 14 16 19 20
  51649 -1.45335678013E-03  3.06321591680E-03    1  5  6 10 12 13 14 15 17 20
  51650  1.45335490027E-03 -3.06266420967E-03    4  5  8  9 10 12 13 15 19 20
  51903 -1.39258513227E-03  1.32953890856E-03    1  6  8  9 11 12 13 14 17 20
  51904  1.39258294506E-03 -1.34384331845E-03    1  4  6  8  9 13 15 16 19 20
  51905  1.39258248852E-03 -1.32953890856E-03    2  5  7 10 11 12 13 14 18 19
  51906 -1.39258030131E-03  1.34384331845E-03    2  3  5  7 10 14 15 16 19 20
  51907 -1.39257725323E-03  1.34106438789E-03    1  4  5  6  8 12 13 15 17 18
  51908 -1.39257494123E-03  1.34080256036E-03    1  3  4  8  9 10 12 15 17 20
  51909  1.39257441229E-03 -1.34106438789E-03    2  3  5  6  7 11 14 16 17 18
  51910  1.39257210029E-03 -1.34080256036E-03    2  3  4  7  9 10 11 16 18 19
  51943 -1.38182747844E-03  2.15389280326E-04    3  6  7  9 11 12 14 15 18 20
  51944  1.38182728471E-03 -2.22305726691E-04    4  5  6  7  9 12 14 15 18 19
  51945  1.38182716311E-03 -2.13062179156E-04    2  3  6  9 12 13 15 16 18 19
  51946  1.38182711358E-03 -2.15389951495E-04    2  3  6  9 10 12 14 15 17 19
  51947  1.38182340685E-03 -2.22305726691E-04    3  5  6  8 10 11 13 16 17 20
  51948  1.38182323572E-03 -2.15389951495E-04    1  4  5  9 10 11 13 16 18 20
  51949 -1.38182206791E-03  2.15389280326E-04    4  5  8 10 11 12 13 16 17 19
  51950  1.38182175258E-03 -2.13062179156E-04    1  4  5 10 11 14 15 16 17 20
  52083  1.36152826041E-03 -6.20598263314E-05    1  2  3  5  6  9 12 13 16 20
  52084  1.36152797247E-03 -6.31035469813E-05    6  7  8  9 10 11 13 15 18 20
  52085 -1.36152739371E-03  6.49985756873E-05    1  2  4  6 10 11 12 15 17 19
  52086  1.36152726379E-03 -6.63096000021E-05    4  5  7  8  9 12 14 15 16 17
  52087  1.36152511165E-03 -6.49985756873E-05    1  2  3  5  9 11 12 16 18 20
  52088 -1.36152498174E-03  6.63096000021E-05    3  6  7  8 10 11 13 15 16 18
  52089 -1.36152489574E-03  6.20598263314E-05    1  2  4  5  6 10 11 14 15 19
  52090 -1.36152460781E-03  6.31035469813E-05    5  7  8  9 10 12 14 16 17 19
  52451 -1.29387044114E-03  6.83885889154E-05    1  2  3  4  6 11 13 18 19 20
  52452  1.29387017337E-03 -6.85193731440E-05    3  7  8  9 13 14 16 17 18 20
  52453 -1.29386858043E-03  6.83885889154E-05    1  2  3  4  5 12 14 17 19 20
  52454  1.29386831265E-03 -6.85193731440E-05    4  7  8 10 13 14 15 17 18 19
  52503 -1.27756031970E-03  2.03749502573E-03    1  2  4  6  8  9 11 13 17 18
  52504  1.27755961256E-03 -2.04153262999E-03    1  3  4  6  7  8  9 16 17 20
  52505  1.27755886374E-03 -2.03749502573E-03    1  2  3  5  7 10 12 14 17 18
  52506 -1.27755815660E-03  2.04153262999E-03    2  3  4  5  7  8 10 15 18 19
  52507  1.27755556553E-03 -2.03530776788E-03    1  2  5  8 12 13 14 15 17 20
  52508  1.27755454771E-03 -2.03583561784E-03    1  4  7  8 10 12 13 15 19 20
  52509 -1.27755329704E-03  2.03530776788E-03    1  2  6  7 11 13 14 16 18 19
  52510 -1.27755227922E-03  2.03583561784E-03    2  3  7  8  9 11 14 16 19 20
  52599  1.26169486040E-03 -8.30708054819E-03    1  2  3  6  9 11 14 16 17 20
  52600  1.26169385460E-03 -8.30604556195E-03    4  6  7  8  9 11 13 16 18 19
  52601  1.26167776971E-03 -8.30708054819E-03    1  2  4  5 10 12 13 15 18 19
  52602  1.26167676391E-03 -8.30604556195E-03    3  5  7  8 10 12 14 15 17 20
  52643  1.24738366954E-03 -5.96278389650E-05    1  7  8  9 10 12 13 14 16 17
  52644  1.24738308683E-03 -5.96278389650E-05    2  7  8  9 10 11 13 14 15 18
  52645 -1.24738290621E-03  5.37535136143E-05    1  2  4  5  6  8 11 15 19 20
  52646 -1.24738232350E-03  5.37535136143E-05    1  2  3  5  6  7 12 16 19 20
  52647  1.24737948843E-03 -5.22654045775E-05    1  6  7  8 10 13 15 16 17 18
  52648  1.24737931327E-03 -5.45991916850E-05    1  2  3  4  5  8  9 11 12 20
  52649  1.24737673403E-03 -5.22654045775E-05    2  5  7  8  9 14 15 16 17 18
  52650  1.24737655886E-03 -5.45991916850E-05    1  2  3  4  6  7 10 11 12 19
  52791 -1.22931793817E-03  4.39886401446E-03    1  2  5  9 10 12 14 15 18 19
  52792 -1.22931781605E-03  4.38549778599E-03    3  5  6  7  8 10 12 14 15 19
  52793  1.22930925687E-03 -4.39886401446E-03    1  2  6  9 10 11 13 16 17 20
  52794  1.22930913476E-03 -4.38549778599E-03    4  5  6  7  8  9 11 13 16 20
  52795  1.22930601869E-03 -4.39693432680E-03    1  2  4  5 10 12 13 15 16 17
  52796 -1.22930553257E-03  4.39693432680E-03    1  2  3  6  9 11 14 15 16 18
  52797 -1.22930524410E-03  4.39297898993E-03    4  5  7  8 10 11 12 15 17 20
  52798  1.22930475797E-03 -4.39297898993E-03    3  6  7  8  9 11 12 16 18 19
  52831  1.21884088172E-03 -5.99617156189E-05    1  2  3  5  6  9 11 12 16 20
  52832 -1.21884066691E-03  5.98398646434E-05    6  7  8  9 10 11 13 15 16 18
  52833  1.21883926944E-03 -5.99617156189E-05    1  2  4  5  6 10 11 12 15 19
  52834 -1.21883905463E-03  5.98398646434E-05    5  7  8  9 10 12 14 15 16 17
  53373 -1.11535223147E-03  6.46967246704E-07    1  3  5  6 10 12 16 17 18 19
  53374  1.11535128451E-03 -6.46967246704E-07    2  4  5  6  9 11 15 17 18 20
  53376  1.11534977736E-03 -6.60097685735E-06    1  3  6 10 11 12 13 14 16 19
  53378 -1.11534778720E-03  6.60097685735E-06    2  4  5  9 11 12 13 14 15 20
  53559 -1.08561528169E-03  6.23335400877E-04    2  4  5  9 11 12 14 15 17 20
  53560  1.08561350122E-03 -6.04455144724E-04    4  6  7 10 12 13 15 16 17 19
  53561 -1.08560487045E-03  6.64550994374E-04    2  4  5  6  9 11 13 15 18 20
  53562  1.08560324450E-03 -6.08949393505E-04    3  6  7  9 10 12 13 16 17 20
  53563 -1.08559973469E-03  6.23335400877E-04    1  3  6 10 11 12 13 16 18 19
  53564 -1.08559902750E-03  6.64550994374E-04    1  3  5  6 10 12 14 16 17 19
  53565  1.08559795422E-03 -6.04455144724E-04    3  5  8  9 11 14 15 16 18 20
  53566  1.08559740156E-03 -6.08949393505E-04    4  5  8  9 10 11 14 15 18 19
  53639 -1.07865846758E-03  7.71774567323E-05    5  7  8  9 13 14 15 16 18 20
  53640 -1.07865825166E-03  6.92644209606E-05    4  7  8  9 10 11 14 15 17 18
  53641 -1.07865775644E-03  7.17835731104E-05    1  2  3  6 10 11 12 13 19 20
  53642  1.07865751225E-03 -8.38981724295E-05    1  2  3  4  5  6 12 16 17 19
  53643 -1.07865541411E-03  6.92644209606E-05    3  7  8  9 10 12 13 16 17 18
  53644  1.07865467470E-03 -8.38981724295E-05    1  2  3  4  5  6 11 15 18 20
  53645 -1.07865292633E-03  7.71774567323E-05    6  7  8 10 13 14 15 16 17 19
  53646 -1.07865221520E-03  7.17835731104E-05    1  2  4  5  9 11 12 14 19 20
  53791 -1.04916572216E-03  1.01474497775E-03    1  6  9 11 12 13 14 16 17 18
  53792  1.04916523808E-03 -1.02284564303E-03    3  4  6  8  9 11 15 16 19 20
  53799 -1.04916233147E-03  1.01474497775E-03    2  5 10 11 12 13 14 15 17 18
  53801  1.04916184739E-03 -1.02284564303E-03    3  4  5  7 10 12 15 16 19 20
  53803 -1.04916113831E-03  1.01906199727E-03    2  5  6  9 11 13 14 16 17 18
  53804 -1.04916062369E-03  1.01924441675E-03    3  4  6  7  9 10 11 16 19 20
  53805 -1.04915987269E-03  1.01906199727E-03    1  5  6 10 12 13 14 15 17 18
  53806 -1.04915935807E-03  1.01924441675E-03    3  4  5  8  9 10 12 15 19 20
  53911 -1.03138034513E-03  2.36933822921E-03    2  3  5  7 10 11 12 14 17 18
  53912  1.03138033493E-03 -2.36933822921E-03    1  4  6  8  9 11 12 13 17 18
  53913  1.03137828525E-03 -2.37473451758E-03    2  3  4  5  7 10 15 16 18 19
  53914 -1.03137827504E-03  2.37473451758E-03    1  3  4  6  8  9 15 16 17 20
  53915 -1.03137313562E-03  2.36499877361E-03    1  5  6  8 12 13 14 15 17 20
  53916  1.03137190477E-03 -2.36499877361E-03    2  5  6  7 11 13 14 16 18 19
  53917 -1.03137080989E-03  2.36464190890E-03    1  4  8  9 10 12 13 15 19 20
  53918  1.03136957904E-03 -2.36464190890E-03    2  3  7  9 10 11 14 16 19 20
  54239 -9.87490423641E-04  4.30807091407E-03    1  2  3 10 12 14 15 17 18 19
  54240 -9.87490223471E-04  4.29590007380E-03    3  4  5  7  8 12 14 15 18 19
  54241 -9.87483879589E-04  4.29788532005E-03    1  2  4  5 10 13 14 15 17 20
  54242  9.87483087438E-04 -4.29348902553E-03    4  5  7  8 10 12 13 17 19 20
  54243  9.87482007637E-04 -4.29788532005E-03    1  2  3  6  9 13 14 16 18 19
  54244 -9.87481215497E-04  4.29348902553E-03    3  6  7  8  9 11 14 18 19 20
  54245  9.87478805233E-04 -4.30807091407E-03    1  2  4  9 11 13 16 17 18 20
  54246  9.87478605063E-04 -4.29590007380E-03    3  4  6  7  8 11 13 16 17 20
  54323  9.68868500959E-04 -2.87583947933E-04    5  7  8  9 10 12 13 14 16 19
  54324  9.68868333758E-04 -2.87583947933E-04    6  7  8  9 10 11 13 14 15 20
  54325  9.68866769768E-04 -3.13834949061E-04    1  2  5  6 10 11 14 15 19 20
  54326  9.68866602567E-04 -3.13834949061E-04    1  2  5  6  9 12 13 16 19 20
  54327  9.68862617426E-04 -2.68367645089E-04    3  6  7  8 10 11 15 16 17 18
  54328  9.68861830182E-04 -3.03785702727E-04    1  2  3  4  5  9 11 12 16 18
  54329  9.68857788645E-04 -2.68367645089E-04    4  5  7  8  9 12 15 16 17 18
  54330  9.68857001401E-04 -3.03785702727E-04    1  2  3  4  6 10 11 12 15 17
  54847  8.90863008822E-04 -1.22488988267E-03    2  3  4  5 11 12 14 15 17 20
  54848  8.90862282082E-04 -1.24601422670E-03    2  4  5  6  9 11 13 18 19 20
  54849 -8.90861876751E-04  1.21618733909E-03    4  7 10 12 13 15 16 17 18 19
  54850  8.90861254297E-04 -1.20972017539E-03    3  6  7  9 10 13 14 16 17 20
  54851 -8.90859863922E-04  1.22488988267E-03    1  3  4  6 11 12 13 16 18 19
  54852  8.90858731851E-04 -1.21618733909E-03    3  8  9 11 14 15 16 17 18 20
  54853 -8.90855078186E-04  1.24601422670E-03    1  3  5  6 10 12 14 17 19 20
  54854 -8.90854050401E-04  1.20972017539E-03    4  5  8  9 10 13 14 15 18 19
  55183 -8.26419046892E-04  1.34937937761E-03    2  3  6  7  9 10 13 14 18 19
  55184  8.26418414488E-04 -1.34060289601E-03    2  3  5  6  7  9 14 18 19 20
  55185 -8.26415788639E-04  1.34055857148E-03    1  4  8 11 13 15 16 17 18 20
  55186  8.26415509286E-04 -1.32824343904E-03    1  3  4  8 11 12 13 16 17 20
  55187  8.26414650566E-04 -1.34055857148E-03    2  3  7 12 14 15 16 17 18 19
  55188 -8.26414371213E-04  1.32824343904E-03    2  3  4  7 11 12 14 15 18 19
  55189  8.26414060818E-04 -1.34937937761E-03    1  4  5  8  9 10 13 14 17 20
  55190 -8.26413428413E-04  1.34060289601E-03    1  4  5  6  8 10 13 17 19 20
  55439  7.85752912016E-04 -3.14197295694E-04    7  8  9 10 11 13 14 15 18 20
  55440 -7.85751888538E-04  3.15644681771E-04    1  2  3  5  6 12 13 16 19 20
  55441  7.85751282047E-04 -3.14197295694E-04    7  8  9 10 12 13 14 16 17 19
  55442 -7.85750258569E-04  3.15644681771E-04    1  2  4  5  6 11 14 15 19 20
  55443 -7.85748558156E-04  3.02124036547E-04    3  6  7  8 10 13 15 16 17 18
  55444 -7.85748137726E-04  3.06433852165E-04    1  2  3  4  5  9 11 12 18 20
  55445 -7.85744741376E-04  3.02124036547E-04    4  5  7  8  9 14 15 16 17 18
  55446 -7.85744320934E-04  3.06433852165E-04    1  2  3  4  6 10 11 12 17 19
  56007 -7.00215486474E-04  9.43359529929E-04    1  6  8  9 11 12 13 14 17 18
  56008 -7.00214738422E-04  9.49957228206E-04    1  3  4  6  8  9 15 16 19 20
  56009 -7.00213588503E-04  9.47060643577E-04    2  5  6  7 11 13 14 16 17 18
  56010 -7.00212979327E-04  9.43359529929E-04    2  5  7 10 11 12 13 14 17 18
  56011 -7.00212807977E-04  9.47061013934E-04    2  3  4  7  9 10 11 16 19 20
  56012 -7.00212620011E-04  9.47060643577E-04    1  5  6  8 12 13 14 15 17 18
  56013 -7.00212231275E-04  9.49957228206E-04    2  3  4  5  7 10 15 16 19 20
  56014 -7.00211839485E-04  9.47061013934E-04    1  3  4  8  9 10 12 15 19 20
  56039 -6.90230458132E-04  1.15633560204E-03    1  2  6  8  9 11 13 14 17 18
  56040  6.90230047536E-04 -1.16195973618E-03    1  3  4  6  7  8  9 16 19 20
  56041  6.90228422737E-04 -1.15901652473E-03    1  2  6  7 11 13 14 16 17 18
  56042 -6.90227959482E-04  1.15633560204E-03    1  2  5  7 10 12 13 14 17 18
  56043  6.90227921512E-04 -1.15927846658E-03    2  3  4  7  8  9 11 16 19 20
  56044  6.90227548887E-04 -1.16195973618E-03    2  3  4  5  7  8 10 15 19 20
  56045  6.90227137606E-04 -1.15901652473E-03    1  2  5  8 12 13 14 15 17 18
  56046  6.90226636381E-04 -1.15927846658E-03    1  3  4  7  8 10 12 15 19 20
  56311  6.64972714119E-04 -2.07143129540E-03    1  4  5  8 11 13 15 16 18 20
  56312  6.64972357994E-04 -2.05641841807E-03    1  3  8 10 11 12 13 16 17 20
  56313 -6.64971006009E-04  2.06729692421E-03    2  3  6  7  9 10 12 13 18 19
  56314 -6.64970308773E-04  2.07193502341E-03    2  3  5  6  7  9 14 15 18 20
  56315 -6.64968902266E-04  2.06729692421E-03    1  4  5  8  9 10 11 14 17 20
  56316 -6.64968205030E-04  2.07193502341E-03    1  4  5  6  8 10 13 16 17 19
  56317  6.64964411741E-04 -2.07143129540E-03    2  3  6  7 12 14 15 16 17 19
  56318  6.64964055605E-04 -2.05641841807E-03    2  4  7  9 11 12 14 15 18 19
  56463 -6.45635006965E-04  1.35963706493E-05    1  2  3  6 11 13 14 18 19 20
  56464 -6.45634948114E-04  1.23786645926E-05    3  7  8  9 13 14 16 18 19 20
  56465  6.45633467668E-04 -1.27764638599E-05    1  2  3  4  6 11 13 17 18 20
  56466 -6.45633393159E-04  1.19452889216E-05    3  4  7  8  9 13 16 17 18 20
  56467  6.45633337678E-04 -1.27764638599E-05    1  2  3  4  5 12 14 17 18 19
  56468 -6.45633263170E-04  1.19452889216E-05    3  4  7  8 10 14 15 17 18 19
  56469 -6.45632088833E-04  1.35963706493E-05    1  2  4  5 12 13 14 17 19 20
  56470 -6.45632029993E-04  1.23786645926E-05    4  7  8 10 13 14 15 17 19 20
  56919 -6.08180149537E-04  3.34662113616E-04    2  3  6  7  9 12 13 14 18 19
  56920 -6.08179927244E-04  3.29340072096E-04    2  3  6  7  9 14 15 18 19 20
  56921 -6.08178303593E-04  3.29339855212E-04    1  4  5  8 11 13 16 17 18 20
  56922 -6.08178196643E-04  3.23643801222E-04    1  3  4  8 10 11 13 16 17 20
  56923 -6.08176769866E-04  3.29339855212E-04    2  3  6  7 12 14 15 17 18 19
  56924 -6.08176662916E-04  3.23643801222E-04    2  3  4  7  9 12 14 15 18 19
  56925 -6.08175084153E-04  3.34662113616E-04    1  4  5  8 10 11 13 14 17 20
  56926 -6.08174861860E-04  3.29340072096E-04    1  4  5  8 10 13 16 17 19 20
  57123 -5.82589395171E-04  2.14503225184E-03    1  2  6  9 11 13 14 15 16 18
  57124 -5.82588989871E-04  2.14608814417E-03    3  6  7  8  9 11 12 16 19 20
  57125  5.82588061308E-04 -2.14737519654E-03    1  2  5  9 10 12 14 15 17 18
  57126  5.82587974196E-04 -2.14919479884E-03    3  4  5  6  7  8 10 12 15 19
  57127  5.82585214830E-04 -2.14737519654E-03    1  2  6  9 10 11 13 16 17 18
  57128  5.82585127718E-04 -2.14919479884E-03    3  4  5  6  7  8  9 11 16 20
  57129 -5.82585101099E-04  2.14503225184E-03    1  2  5 10 12 13 14 15 16 17
  57130 -5.82584695800E-04  2.14608814417E-03    4  5  7  8 10 11 12 15 19 20
  57499 -5.40643904855E-04  1.02263980835E-04    1  2  4  5  6  9 11 13 18 20
  57500  5.40643861031E-04 -1.04351331800E-04    3  6  7  8  9 10 13 16 17 20
  57501 -5.40642889401E-04  1.03750672138E-04    1  2  3  6 11 12 13 16 18 19
  57502  5.40642867194E-04 -1.04578723055E-04    3  7  8  9 11 14 15 16 18 20
  57503  5.40641943917E-04 -1.02263980835E-04    1  2  3  5  6 10 12 14 17 19
  57504 -5.40641900081E-04  1.04351331800E-04    4  5  7  8  9 10 14 15 18 19
  57505  5.40640164584E-04 -1.03750672138E-04    1  2  4  5 11 12 14 15 17 20
  57506 -5.40640142387E-04  1.04578723055E-04    4  7  8 10 12 13 15 16 17 19
  57851  5.00476667625E-04 -2.57405689409E-05    2  3  7  8  9 10 11 12 16 19
  57852  5.00476340320E-04 -2.57405689409E-05    1  4  7  8  9 10 11 12 15 20
  57853  5.00476138160E-04 -2.57325334699E-05    1  2  5  6  7 11 14 15 16 18
  57854  5.00475810854E-04 -2.57325334699E-05    1  2  5  6  8 12 13 15 16 17
  57855  5.00475409682E-04 -2.52457147520E-05    1  4  5  6  7  8  9 15 16 20
  57856  5.00475212692E-04 -2.52457147520E-05    2  3  5  6  7  8 10 15 16 19
  57857  5.00475131940E-04 -2.51545698957E-05    1  2  6  8  9 10 11 12 13 17
  57858  5.00474934939E-04 -2.51545698957E-05    1  2  5  7  9 10 11 12 14 18
  57963  4.89322829884E-04 -1.19115394524E-04    3  4  6  7  8  9 10 13 16 17
  57964  4.89322611498E-04 -1.20708736124E-04    1  2  4  5  6  9 11 17 18 20
  57965  4.89322554774E-04 -1.19115394524E-04    3  4  5  7  8  9 10 14 15 18
  57966  4.89322336388E-04 -1.20708736124E-04    1  2  3  5  6 10 12 17 18 19
  57967  4.89321820021E-04 -1.19431754043E-04    7  8 10 12 13 15 16 17 19 20
  57968  4.89321727264E-04 -1.19431754043E-04    7  8  9 11 14 15 16 18 19 20
  57969 -4.89321725285E-04  1.22297294757E-04    1  2  4  5 11 12 13 14 15 20
  57970 -4.89321632529E-04  1.22297294757E-04    1  2  3  6 11 12 13 14 16 19
  57971 -4.89159642653E-04  2.38199753924E-04    1  3  4  6 11 12 13 18 19 20
  57972  4.89159218748E-04 -2.44535023537E-04    2  3  4  5  6 11 13 18 19 20
  57973 -4.89159203785E-04  2.35887738772E-04    3  8  9 13 14 15 16 17 18 20
  57974 -4.89158950156E-04  2.38199753924E-04    2  3  4  5 11 12 14 17 19 20
  57975 -4.89158842637E-04  2.36446932837E-04    3  7  9 10 13 14 16 17 18 20
  57976 -4.89158511288E-04  2.35887738772E-04    4  7 10 13 14 15 16 17 18 19
  57977  4.89156476872E-04 -2.44535023537E-04    1  3  4  5  6 12 14 17 19 20
  57978 -4.89156100751E-04  2.36446932837E-04    4  8  9 10 13 14 15 17 18 19
  58347  4.41748791697E-04 -1.93276691518E-03    1  2  9 11 13 14 16 17 18 20
  58348  4.41748653611E-04 -1.93026076812E-03    3  4  6  7  8 11 13 16 19 20
  58349 -4.41748003348E-04  1.93169800180E-03    1  2  3  6  9 13 14 16 17 18
  58350  4.41747967936E-04 -1.93276691518E-03    1  2 10 12 13 14 15 17 18 19
  58351  4.41747829850E-04 -1.93026076812E-03    3  4  5  7  8 12 14 15 19 20
  58352 -4.41747635197E-04  1.93337851467E-03    3  4  6  7  8  9 11 18 19 20
  58353 -4.41745747040E-04  1.93169800180E-03    1  2  4  5 10 13 14 15 17 18
  58354 -4.41745378889E-04  1.93337851467E-03    3  4  5  7  8 10 12 17 19 20
  58579 -4.10147683559E-04  9.09718714228E-04    2  3  4  6  7  9 12 13 18 19
  58580  4.10147005635E-04 -9.14132814540E-04    2  3  6  7  9 14 15 17 18 20
  58581 -4.10140727301E-04  6.05070685620E-05    1  6  9 11 12 13 14 17 18 20
  58582 -4.10140565238E-04  6.16182224313E-05    3  4  6  8  9 13 15 16 19 20
  58583  4.10140265130E-04 -9.14132360207E-04    1  4  5  8 11 13 16 18 19 20
  58584  4.10140235763E-04 -9.14132360207E-04    2  3  6  7 12 14 15 17 19 20
  58585  4.10139800222E-04 -9.11301810732E-04    1  3  8 10 11 13 14 16 17 20
  58586  4.10139770865E-04 -9.11301810732E-04    2  4  7  9 12 13 14 15 18 19
  58587 -4.10139725029E-04  9.09718714228E-04    1  3  4  5  8 10 11 14 17 20
  58588  4.10139359406E-04 -6.13961795048E-05    2  3  5  6 11 13 14 16 17 18
  58589  4.10139182707E-04 -6.13962755017E-05    3  4  7  9 10 11 16 18 19 20
  58590  4.10139047105E-04 -9.14132814540E-04    1  4  5  8 10 13 16 17 18 19
  58591 -4.10138814282E-04  6.05070685620E-05    2  5 10 11 12 13 14 17 18 19
  58592 -4.10138652219E-04  6.16182224313E-05    3  4  5  7 10 14 15 16 19 20
  58593  4.10138219585E-04 -6.13961795048E-05    1  4  5  6 12 13 14 15 17 18
  58594  4.10138042886E-04 -6.13962755017E-05    3  4  8  9 10 12 15 17 19 20
  58731  3.91445573016E-04 -3.93665685676E-04    2  3  6  7  9 11 12 14 15 18
  58732  3.91445299128E-04 -3.85957666570E-04    2  3  6  7  9 12 15 16 18 19
  58733  3.91440379454E-04 -3.99127168527E-04    2  5  6  7  9 12 14 15 18 19
  58734  3.91440254782E-04 -3.93666316519E-04    2  3  6  7  9 10 12 14 15 19
  58735  3.91439207707E-04 -3.99127168527E-04    1  5  6  8 10 11 13 16 17 20
  58736  3.91439083035E-04 -3.93666316519E-04    1  4  5  8  9 10 11 13 16 20
  58737  3.91435904313E-04 -3.93665685676E-04    1  4  5  8 10 11 12 13 16 17
  58738  3.91435630414E-04 -3.85957666570E-04    1  4  5  8 10 11 15 16 17 20
  58747  3.90834903755E-04 -1.79237333171E-03    1  2  4  5  9 12 14 16 17 19
  58748  3.90834771892E-04 -1.79325301923E-03    4  6  7  8 10 11 14 15 17 19
  58749  3.90834470436E-04 -1.79237333171E-03    1  2  3  6 10 11 13 15 18 20
  58750  3.90834338573E-04 -1.79325301923E-03    3  5  7  8  9 12 13 16 18 20
  59075 -3.54286548180E-04  2.40313609224E-04    1  2  9 10 11 12 13 14 18 19
  59076 -3.54286135783E-04  2.38730931751E-04    3  5  6  7  8 14 15 16 19 20
  59077  3.54285823261E-04 -2.40313609224E-04    1  2  9 10 11 12 13 14 17 20
  59078  3.54285410865E-04 -2.38730931751E-04    4  5  6  7  8 13 15 16 19 20
  59079 -3.54285322773E-04  2.40125895342E-04    1  2  3  5  6 14 15 16 17 18
  59080  3.54285317887E-04 -2.40125895342E-04    1  2  4  5  6 13 15 16 17 18
  59081 -3.54284907355E-04  2.39668962888E-04    3  4  7  8  9 10 11 12 18 19
  59082  3.54284902469E-04 -2.39668962888E-04    3  4  7  8  9 10 11 12 17 20
  59103  3.50581789563E-04 -1.19352670255E-03    2  3  6  7  9 13 14 15 16 18
  59104  3.50581643294E-04 -1.18701041642E-03    2  3  6  7  9 11 12 18 19 20
  59105  3.50577391910E-04 -1.18899378862E-03    2  3  4  5  6  7 12 14 15 19
  59106  3.50577345937E-04 -1.19258556578E-03    2  7  9 10 12 14 15 17 18 19
  59107 -3.50576327555E-04  1.19352670255E-03    1  4  5  8 10 13 14 15 16 17
  59108 -3.50576181287E-04  1.18701041642E-03    1  4  5  8 10 11 12 17 19 20
  59109 -3.50572108160E-04  1.18899378862E-03    1  3  4  5  6  8 11 13 16 20
  59110 -3.50572062188E-04  1.19258556578E-03    1  8  9 10 11 13 16 17 18 20
  59111 -3.50482333517E-04  2.85331972509E-03    1  2  6  8  9 11 13 14 17 20
  59112  3.50481018081E-04 -2.86628459501E-03    1  4  6  7  8  9 13 16 19 20
  59113  3.50480162184E-04 -2.85331972509E-03    1  2  5  7 10 12 13 14 18 19
  59114 -3.50478846748E-04  2.86628459501E-03    2  3  5  7  8 10 14 15 19 20
  59115  3.50477965358E-04 -2.86301424495E-03    1  2  3  6  7 11 14 16 17 18
  59116 -3.50476733591E-04  2.86301424495E-03    1  2  4  5  8 12 13 15 17 18
  59117 -3.50476103125E-04  2.86353313118E-03    2  3  4  7  8  9 11 16 18 19
  59118  3.50474871358E-04 -2.86353313118E-03    1  3  4  7  8 10 12 15 17 20
  59247 -3.38270011071E-04  2.47492073575E-03    1  2  3  6  7 11 12 16 17 20
  59248 -3.38268695425E-04  2.43869711217E-03    2  4  7  8  9 11 13 15 16 18
  59249  3.38267327351E-04 -2.46558713512E-03    1  2  4  5  6  7 10 12 13 19
  59250 -3.38266822019E-04  2.47161150456E-03    2  5  7  8  9 10 14 15 17 20
  59251 -3.38265752295E-04  2.46558713512E-03    1  2  3  5  6  8  9 11 14 20
  59252  3.38265246952E-04 -2.47161150456E-03    1  6  7  8  9 10 13 16 18 19
  59253  3.38264094359E-04 -2.47492073575E-03    1  2  4  5  8 11 12 15 18 19
  59254  3.38262778713E-04 -2.43869711217E-03    1  3  7  8 10 12 14 15 16 17
  59291  3.34100290701E-04 -1.96595439842E-04    1  2  6  7 11 12 13 16 17 20
  59292 -3.34099898311E-04  1.91852013230E-04    2  4  7  8  9 11 13 15 16 20
  59293  3.34098245440E-04 -1.96107145097E-04    1  2  4  5  6  7 10 12 13 17
  59294 -3.34098050819E-04  2.00949101747E-04    2  4  5  7  8  9 10 15 17 20
  59295 -3.34097317309E-04  1.96107145097E-04    1  2  3  5  6  8  9 11 14 18
  59296  3.34097122677E-04 -2.00949101747E-04    1  3  6  7  8  9 10 16 18 19
  59297 -3.34096664603E-04  1.96595439842E-04    1  2  5  8 11 12 14 15 18 19
  59298  3.34096272223E-04 -1.91852013230E-04    1  3  7  8 10 12 14 15 16 19
  59411  3.21858795828E-04 -8.55375586880E-04    2  3  4  6  7  8  9 13 18 19
  59412 -3.21858155136E-04  8.59142261578E-04    1  2  3  6  7  9 14 17 18 20
  59413 -3.21854214336E-04  8.55375586880E-04    1  3  4  5  7  8 10 14 17 20
  59414  3.21854185969E-04 -8.59798191706E-04    1  4  7  8 11 13 16 18 19 20
  59415  3.21853824031E-04 -8.56725889132E-04    1  2  3  8 11 13 14 16 17 20
  59416  3.21853573645E-04 -8.59142261578E-04    1  2  4  5  8 10 13 17 18 19
  59417 -3.21851918405E-04  8.59798191706E-04    2  3  7  8 12 14 15 17 19 20
  59418 -3.21851556467E-04  8.56725889132E-04    1  2  4  7 12 13 14 15 18 19
  59427 -3.20321151909E-04  9.73407232246E-04    1  4  6  9 10 11 12 13 17 18
  59428  3.20320955013E-04 -9.72431861178E-04    1  5  6 12 13 14 15 16 17 20
  59429 -3.20320412754E-04  9.73407232246E-04    2  3  5  9 10 11 12 14 17 18
  59430 -3.20320409363E-04  9.73278108451E-04    3  4  5  6  8  9 15 16 17 20
  59431  3.20320399265E-04 -9.72431861178E-04    2  5  6 11 13 14 15 16 18 19
  59432 -3.20320191935E-04  9.71812929302E-04    4  8  9 10 11 12 13 15 19 20
  59433 -3.20319670209E-04  9.73278108451E-04    3  4  5  6  7 10 15 16 18 19
  59434 -3.20319636187E-04  9.71812929302E-04    3  7  9 10 11 12 14 16 19 20
  59435 -3.19625520254E-04  8.11405838434E-04    2  3  7  9 11 12 14 15 16 18
  59436  3.19624833221E-04 -8.02648665419E-04    2  3  6  7 11 12 15 16 18 19
  59437  3.19623151489E-04 -8.18733497907E-04    2  5  6  7  9 10 14 15 18 19
  59438 -3.19622791204E-04  8.11356733201E-04    2  3  5  6  7  9 10 12 14 19
  59439 -3.19620628231E-04  8.18733497907E-04    1  5  6  8  9 10 13 16 17 20
  59440  3.19620267946E-04 -8.11356733201E-04    1  4  5  6  8  9 10 11 13 20
  59441  3.19620203504E-04 -8.11405838434E-04    1  4  8 10 11 12 13 15 16 17
  59442 -3.19619516472E-04  8.02648665419E-04    1  4  5  8 11 12 15 16 17 20
  59651  3.00484052549E-04 -4.19410619982E-05    1  2  5  6 13 14 15 16 17 18
  59652  3.00483927182E-04 -4.19410876803E-05    3  4  7  8  9 10 11 12 19 20
  59653  3.00483107043E-04 -4.20712520508E-05    1  2  9 10 11 12 13 14 17 18
  59654  3.00482964671E-04 -4.20158225799E-05    3  4  5  6  7  8 15 16 19 20
  59823 -2.90245129863E-04  1.60072898522E-03    1  2  4  5  9 12 14 15 19 20
  59824  2.90244816709E-04 -1.59646994834E-03    6  7  8 10 12 13 14 15 17 19
  59825  2.90235415007E-04 -1.60072898522E-03    1  2  3  6 10 11 13 16 19 20
  59826 -2.90235101864E-04  1.59646994834E-03    5  7  8  9 11 13 14 16 18 20
  59827  2.90234430731E-04 -1.57591510835E-03    1  2  3  4  6  9 11 15 18 20
  59828 -2.90234009574E-04  1.59781575774E-03    3  6  7  8  9 12 13 16 17 18
  59829 -2.90231738683E-04  1.57591510835E-03    1  2  3  4  5 10 12 16 17 19
  59830  2.90231317525E-04 -1.59781575774E-03    4  5  7  8 10 11 14 15 17 18
  59831  2.86639941096E-04 -1.50689196199E-03    1  2  4  6 10 11 14 15 17 19
  59832  2.86639840106E-04 -1.50646842329E-03    4  5  7  8  9 12 14 16 17 19
  59833  2.86639515264E-04 -1.50689196199E-03    1  2  3  5  9 12 13 16 18 20
  59834  2.86639414274E-04 -1.50646842329E-03    3  6  7  8 10 11 13 15 18 20
  59871 -2.84196837936E-04  1.84139899524E-04    1  2  3  6 11 13 14 15 16 18
  59872 -2.84196711958E-04  1.85341530202E-04    3  7  8  9 11 12 16 18 19 20
  59873  2.84196684107E-04 -1.85004516282E-04    1  2  6  9 10 11 13 17 18 20
  59874 -2.84196655477E-04  1.84813287088E-04    3  4  5  6  7  8  9 13 16 20
  59875  2.84195501630E-04 -1.85004516282E-04    1  2  5  9 10 12 14 17 18 19
  59876 -2.84195473000E-04  1.84813287088E-04    3  4  5  6  7  8 10 14 15 19
  59877 -2.84195015715E-04  1.84139899524E-04    1  2  4  5 12 13 14 15 16 17
  59878 -2.84194889738E-04  1.85341530202E-04    4  7  8 10 11 12 15 17 19 20
  59927 -2.78363767665E-04  3.09789845571E-04    2  3  4  6  7  9 13 14 18 19
  59928  2.78363358196E-04 -3.03777333865E-04    2  3  6  7  9 14 17 18 19 20
  59929  2.78361159454E-04 -3.09789845571E-04    1  3  4  5  8 10 13 14 17 20
  59930  2.78361060064E-04 -3.03807847899E-04    1  4  8 11 13 16 17 18 19 20
  59931  2.78360806951E-04 -3.02271784658E-04    1  3  4  8 11 13 14 16 17 20
  59932 -2.78360749985E-04  3.03777333865E-04    1  4  5  8 10 13 17 18 19 20
  59933 -2.78359308572E-04  3.03807847899E-04    2  3  7 12 14 15 17 18 19 20
  59934 -2.78359055469E-04  3.02271784658E-04    2  3  4  7 12 13 14 15 18 19
  59943  2.74148357878E-04 -5.09471633226E-04    1  2  3  5  6  7 11 12 16 20
  59944 -2.74147915240E-04  4.99961429163E-04    2  7  8  9 10 11 13 15 16 18
  59945  2.74147518354E-04 -5.08876982903E-04    1  2  4  5  6  7 10 11 12 19
  59946  2.74147303158E-04 -5.10198500282E-04    2  5  7  8  9 10 14 15 16 17
  59947  2.74147186025E-04 -5.08876982903E-04    1  2  3  5  6  8  9 11 12 20
  59948  2.74146970829E-04 -5.10198500282E-04    1  6  7  8  9 10 13 15 16 18
  59949  2.74146183733E-04 -5.09471633226E-04    1  2  4  5  6  8 11 12 15 19
  59950 -2.74145741095E-04  4.99961429163E-04    1  7  8  9 10 12 14 15 16 17
  59999  2.69000053129E-04 -3.34254323248E-04    1  2  5  6 13 14 15 16 17 20
  60000 -2.68999818685E-04  3.34254323248E-04    1  2  5  6 13 14 15 16 18 19
  60001  2.68999651726E-04 -3.33600705685E-04    4  7  8  9 10 11 12 13 19 20
  60002  2.68999432086E-04 -3.35746298714E-04    1  2  4  9 10 11 12 13 17 18
  60003 -2.68999417271E-04  3.33600705685E-04    3  7  8  9 10 11 12 14 19 20
  60004 -2.68999327210E-04  3.35746298714E-04    1  2  3  9 10 11 12 14 17 18
  60005  2.68999093556E-04 -3.34679050311E-04    3  4  5  6  7  8 15 16 17 20
  60006 -2.68998988691E-04  3.34679050311E-04    3  4  5  6  7  8 15 16 18 19
  60087 -2.56711294129E-04  5.18149870996E-04    3  5  7  8  9 10 12 14 16 17
  60088  2.56710877963E-04 -5.13454780560E-04    1  2  4  5  6 10 11 15 18 19
  60089  2.56708563910E-04 -5.18149870996E-04    4  6  7  8  9 10 11 13 15 18
  60090 -2.56708147744E-04  5.13454780560E-04    1  2  3  5  6  9 12 16 17 20
  60091 -2.56704394531E-04  5.11959751859E-04    6  7  8 10 11 13 15 16 18 19
  60092 -2.56704239407E-04  5.15114946105E-04    1  2  3  5  9 11 12 14 16 20
  60093  2.56701735714E-04 -5.11959751859E-04    5  7  8  9 12 14 15 16 17 20
  60094  2.56701580590E-04 -5.15114946105E-04    1  2  4  6 10 11 12 13 15 19
  60095 -2.56588243553E-04  6.96086972983E-05    3  7  8  9 10 11 16 18 19 20
  60096 -2.56588227327E-04  6.96087535465E-05    1  2  3  5  6 11 13 14 16 18
  60097  2.56588000707E-04 -6.94517091029E-05    3  4  6  7  8  9 13 15 16 20
  60098  2.56587963779E-04 -6.94171562372E-05    1  2  6  9 11 12 13 17 18 20
  60099 -2.56587467229E-04  6.96086972983E-05    4  7  8  9 10 12 15 17 19 20
  60100 -2.56587451003E-04  6.96087535465E-05    1  2  4  5  6 12 13 14 15 17
  60101  2.56587376294E-04 -6.94517091029E-05    3  4  5  7  8 10 14 15 16 19
  60102  2.56587339366E-04 -6.94171562372E-05    1  2  5 10 11 12 14 17 18 19
  60119  2.55160187849E-04 -8.44663148147E-04    1  2  3  9 10 11 12 14 18 19
  60120  2.55159396899E-04 -8.36997996086E-04    3  5  6  7  8 14 15 16 18 19
  60121  2.55158390605E-04 -8.40610943678E-04    1  2  3  5  6 14 15 16 18 19
  60122  2.55158045515E-04 -8.44663148147E-04    1  2  4  9 10 11 12 13 17 20
  60123  2.55157484175E-04 -8.39565924934E-04    3  7  8  9 10 11 12 14 18 19
  60124  2.55157254564E-04 -8.36997996086E-04    4  5  6  7  8 13 15 16 17 20
  60125  2.55156765701E-04 -8.40610943678E-04    1  2  4  5  6 13 15 16 17 20
  60126  2.55155859282E-04 -8.39565924934E-04    4  7  8  9 10 11 12 13 17 20
  60151 -2.52876849234E-04  6.91663686247E-05    1  2  6  8  9 11 12 13 17 18
  60152 -2.52876742557E-04  6.95778133548E-05    1  3  4  6  7  8  9 15 16 20
  60153  2.52875812436E-04 -6.88462868647E-05    1  2  5  6  8 12 13 14 15 17
  60154  2.52875662177E-04 -6.88463785297E-05    1  4  7  8  9 10 12 15 19 20
  60155  2.52875521794E-04 -6.88462868647E-05    1  2  5  6  7 11 13 14 16 18
  60156  2.52875371535E-04 -6.88463785297E-05    2  3  7  8  9 10 11 16 19 20
  60157 -2.52874816177E-04  6.91663686247E-05    1  2  5  7 10 11 12 14 17 18
  60158 -2.52874709500E-04  6.95778133548E-05    2  3  4  5  7  8 10 15 16 19
  60223  2.43750215324E-04 -3.95052149370E-04    1  6  9 10 11 12 13 14 17 18
  60224 -2.43749763494E-04  3.96938895011E-04    3  4  5  6  8  9 15 16 19 20
  60225 -2.43749364049E-04  3.95052149370E-04    2  5  9 10 11 12 13 14 17 18
  60226 -2.43749130647E-04  3.96589500184E-04    2  5  6 11 13 14 15 16 17 18
  60227  2.43749054854E-04 -3.96589500184E-04    1  5  6 12 13 14 15 16 17 18
  60228  2.43748912219E-04 -3.96938895011E-04    3  4  5  6  7 10 15 16 19 20
  60229 -2.43748705626E-04  3.96589642001E-04    3  4  7  9 10 11 12 16 19 20
  60230  2.43748629833E-04 -3.96589642001E-04    3  4  8  9 10 11 12 15 19 20
  60471 -2.18904099723E-04  7.29737051451E-05    1  2  3  4  5  6 12 14 17 19
  60472 -2.18904069029E-04  7.40455572744E-05    4  7  8  9 10 14 15 17 18 19
  60473 -2.18903618905E-04  7.44288978057E-05    3  7  8  9 13 14 15 16 18 20
  60474 -2.18903614103E-04  7.39358122342E-05    1  2  3  6 11 12 13 18 19 20
  60475 -2.18903415071E-04  7.29737051451E-05    1  2  3  4  5  6 11 13 18 20
  60476 -2.18903384376E-04  7.40455572744E-05    3  7  8  9 10 13 16 17 18 20
  60477 -2.18902981646E-04  7.44288978057E-05    4  7  8 10 13 14 15 16 17 19
  60478 -2.18902976845E-04  7.39358122342E-05    1  2  4  5 11 12 14 17 19 20
  60479 -2.18559298581E-04  2.58065974094E-04    3  4  5  8  9 10 12 13 15 20
  60480 -2.18558467396E-04  2.58293889072E-04    1  5  6 10 12 13 15 17 18 20
  60481  2.18557573097E-04 -2.58065974094E-04    3  4  6  7  9 10 11 14 16 19
  60482 -2.18557117118E-04  2.55116184436E-04    4  6  8  9 11 15 16 17 19 20
  60483  2.18556741913E-04 -2.58293889072E-04    2  5  6  9 11 14 16 17 18 19
  60484 -2.18556445985E-04  2.61914871554E-04    1  4  6  9 11 12 13 14 16 17
  60485  2.18555965409E-04 -2.55116184436E-04    3  5  7 10 12 15 16 18 19 20
  60486  2.18555294266E-04 -2.61914871554E-04    2  3  5 10 11 12 13 14 15 18
  60495  2.17210974443E-04 -1.80124037083E-04    3  4  7  9 10 12 13 16 17 18
  60496  2.17210882992E-04 -1.80124037083E-04    3  4  8  9 10 11 14 15 17 18
  60497  2.17210345713E-04 -1.84349811917E-04    5  8  9 13 14 15 16 18 19 20
  60498  2.17210258506E-04 -1.87351045772E-04    2  3  4  5  6 11 15 17 18 20
  60499  2.17210167056E-04 -1.87351045772E-04    1  3  4  5  6 12 16 17 18 19
  60500 -2.17209606338E-04  1.91050334417E-04    1  3  6 10 11 12 13 14 19 20
  60501  2.17209447149E-04 -1.84349811917E-04    6  7 10 13 14 15 16 17 19 20
  60502 -2.17208707763E-04  1.91050334417E-04    2  4  5  9 11 12 13 14 19 20
  60535 -2.14197994519E-04  2.54775764431E-04    2  3  7  9 10 12 13 14 18 19
  60536 -2.14197865267E-04  2.54420988519E-04    2  3  5  6  7 14 15 18 19 20
  60537  2.14195862199E-04 -2.54779524622E-04    2  3  6  7 14 15 16 17 18 19
  60538  2.14195762198E-04 -2.53835066875E-04    2  3  4  7  9 11 12 14 18 19
  60539  2.14193554916E-04 -2.54775764431E-04    1  4  8  9 10 11 13 14 17 20
  60540 -2.14193475512E-04  2.54779524622E-04    1  4  5  8 13 15 16 17 18 20
  60541  2.14193425653E-04 -2.54420988519E-04    1  4  5  6  8 13 16 17 19 20
  60542 -2.14193375511E-04  2.53835066875E-04    1  3  4  8 10 11 12 13 17 20
  60551  2.12557800734E-04 -1.11121479296E-03    2 10 11 12 13 14 15 17 18 19
  60552  2.12557465899E-04 -1.11006643828E-03    3  4  5  7 12 14 15 16 19 20
  60553  2.12556221950E-04 -1.11121479296E-03    1  9 11 12 13 14 16 17 18 20
  60554  2.12555887115E-04 -1.11006643828E-03    3  4  6  8 11 13 15 16 19 20
  60555 -2.12555050329E-04  1.10921074014E-03    1  4  5  6 10 13 14 15 17 18
  60556  2.12554636859E-04 -1.10972042309E-03    3  4  5  8  9 10 12 17 19 20
  60557 -2.12554441195E-04  1.10921074014E-03    2  3  5  6  9 13 14 16 17 18
  60558  2.12554027725E-04 -1.10972042309E-03    3  4  6  7  9 10 11 18 19 20
  60567  2.11402711094E-04 -5.42819179017E-05    3  4  7  9 10 11 14 18 19 20
  60568  2.11402211828E-04 -5.42666307692E-05    2  3  5  6 13 14 16 17 18 19
  60569  2.11401735337E-04 -5.38756002155E-05    3  4  6  8 13 15 16 17 19 20
  60570  2.11401684973E-04 -5.38756002155E-05    3  4  5  7 14 15 16 18 19 20
  60571  2.11401445306E-04 -5.42819179017E-05    3  4  8  9 10 12 13 17 19 20
  60572  2.11401238524E-04 -5.36239692569E-05    1  4  9 11 12 13 14 17 18 20
  60573  2.11401188160E-04 -5.36239692569E-05    2  3 10 11 12 13 14 17 18 19
  60574  2.11400946040E-04 -5.42666307692E-05    1  4  5  6 13 14 15 17 18 20
  60599  2.06632063728E-04 -1.30179820402E-04    3  4  7  8  9 10 14 15 17 18
  60600 -2.06631916933E-04  1.32116117543E-04    1  2  3  4  5  6 12 17 18 19
  60601 -2.06631096478E-04  1.31304137260E-04    7  8  9 13 14 15 16 18 19 20
  60602 -2.06631082052E-04  1.30179820402E-04    3  4  7  8  9 10 13 16 17 18
  60603  2.06630960571E-04 -1.33161391009E-04    1  2  3  6 11 12 13 14 19 20
  60604  2.06630935268E-04 -1.32116117543E-04    1  2  3  4  5  6 11 17 18 20
  60605  2.06630884136E-04 -1.31304137260E-04    7  8 10 13 14 15 16 17 19 20
  60606 -2.06630748229E-04  1.33161391009E-04    1  2  4  5 11 12 13 14 19 20
  60687 -1.98728043425E-04  7.96090222191E-04    1  2  8  9 11 12 13 14 17 20
  60688 -1.98727369102E-04  7.95149442121E-04    1  4  6  7  8 13 15 16 19 20
  60689 -1.98726773278E-04  7.96090222191E-04    1  2  7 10 11 12 13 14 18 19
  60690 -1.98726407212E-04  7.94934634338E-04    1  2  3  5  6  7 14 16 17 18
  60691 -1.98726098955E-04  7.95149442121E-04    2  3  5  7  8 14 15 16 19 20
  60692  1.98725593276E-04 -7.94425602205E-04    2  3  4  7  8  9 10 11 18 19
  60693 -1.98725533456E-04  7.94934634338E-04    1  2  4  5  6  8 13 15 17 18
  60694  1.98724719520E-04 -7.94425602205E-04    1  3  4  7  8  9 10 12 17 20
  60711  1.97161086770E-04 -7.16538253820E-05    1  3  4  8  9 10 14 15 18 19
  60712 -1.97160686283E-04  6.66161728774E-05    1  3  5  6  8 12 14 17 18 19
  60713 -1.97160321102E-04  7.16538253820E-05    2  3  4  7  9 10 13 16 17 20
  60714  1.97159920615E-04 -6.66161728774E-05    2  4  5  6  7 11 13 17 18 20
  60715  1.97159535817E-04 -7.47297459897E-05    2  4  7 10 13 15 16 17 19 20
  60716 -1.97159082091E-04  8.19648077026E-05    2  4  5  7 11 12 13 14 17 20
  60717 -1.97158613582E-04  7.47297459897E-05    1  3  8  9 14 15 16 18 19 20
  60718  1.97158159856E-04 -8.19648077026E-05    1  3  6  8 11 12 13 14 18 19
  60723  1.96039945671E-04 -1.10917390100E-04    1  2  6  9 11 12 13 16 19 20
  60724 -1.96039721303E-04  1.13041845047E-04    6  7  8  9 11 13 14 15 16 20
  60725  1.96037264130E-04 -1.10472686390E-04    1  2  3  4  5  6 10 12 15 17
  60726 -1.96037142796E-04  1.15724760669E-04    4  5  7  8  9 10 12 15 17 18
  60727  1.96035966048E-04 -1.10472686390E-04    1  2  3  4  5  6  9 11 16 18
  60728 -1.96035844714E-04  1.15724760669E-04    3  6  7  8  9 10 11 16 17 18
  60729  1.96033252097E-04 -1.10917390100E-04    1  2  5 10 11 12 14 15 19 20
  60730 -1.96033027740E-04  1.13041845047E-04    5  7  8 10 12 13 14 15 16 19
  60823 -1.85768865245E-04  5.39626521919E-04    2  4  5  6 10 11 12 13 15 17
  60824  1.85768662348E-04 -5.49767861646E-04    4  5  7  9 10 12 15 16 17 20
  60825  1.85768611742E-04 -5.39626521919E-04    1  3  5  6  9 11 12 14 16 18
  60826 -1.85768408845E-04  5.49767861646E-04    3  6  8  9 10 11 15 16 18 19
  60827 -1.85766477610E-04  5.37857971820E-04    2  5  6  9 11 12 13 16 17 20
  60828 -1.85766095666E-04  5.38333089240E-04    4  6  7  9 10 11 13 15 16 20
  60829  1.85762243021E-04 -5.37857971820E-04    1  5  6 10 11 12 14 15 18 19
  60830  1.85761861076E-04 -5.38333089240E-04    3  5  8  9 10 12 14 15 16 19
  60855 -1.83000342479E-04  1.55683179894E-03    1  2  4  6  7 10 12 13 17 19
  60856  1.82999603124E-04 -1.56883325337E-03    2  4  5  7  8  9 14 15 17 20
  60857 -1.82994016171E-04  1.55683179894E-03    1  2  3  5  8  9 11 14 18 20
  60858  1.82993276816E-04 -1.56883325337E-03    1  3  6  7  8 10 13 16 18 19
  60859 -1.82985975078E-04  1.56129686690E-03    1  2  4  5  8 11 14 15 18 19
  60860  1.82983866807E-04 -1.49667772521E-03    1  3  7  8 10 12 14 16 17 19
  60861 -1.82983493107E-04  1.56129686690E-03    1  2  3  6  7 12 13 16 17 20
  60862  1.82981384836E-04 -1.49667772521E-03    2  4  7  8  9 11 13 15 18 20
  60903  1.79098138802E-04 -1.75974540067E-04    1  2  9 11 12 13 16 17 18 20
  60904 -1.79098122976E-04  1.74745167370E-04    3  4  6  7  8 11 13 15 16 20
  60905  1.79095574163E-04 -1.74720626249E-04    1  2  3  5  6  9 13 14 16 18
  60906  1.79095492894E-04 -1.75774721596E-04    3  6  7  8  9 10 11 18 19 20
  60907  1.79094954531E-04 -1.75974540067E-04    1  2 10 11 12 14 15 17 18 19
  60908 -1.79094938705E-04  1.74745167370E-04    3  4  5  7  8 12 14 15 16 19
  60909  1.79094928849E-04 -1.74720626249E-04    1  2  4  5  6 10 13 14 15 17
  60910  1.79094847581E-04 -1.75774721596E-04    4  5  7  8  9 10 12 17 19 20
  60927 -1.76509618774E-04  3.46503988679E-04    2  3  4  7 12 13 14 15 17 18
  60928 -1.76508989760E-04  3.42871865492E-04    2  3  4  7 12 15 17 18 19 20
  60929 -1.76508881357E-04  3.42858838139E-04    1  5  8 10 13 14 17 18 19 20
  60930 -1.76508512701E-04  3.46503988679E-04    1  3  4  8 11 13 14 16 17 18
  60931 -1.76508075970E-04  3.42858838139E-04    2  6  7  9 13 14 17 18 19 20
  60932 -1.76508036663E-04  3.34928253539E-04    1  3  4  5  8 10 13 14 19 20
  60933 -1.76507883677E-04  3.42871865492E-04    1  3  4  8 11 16 17 18 19 20
  60934 -1.76507231276E-04  3.34928253539E-04    2  3  4  6  7  9 13 14 19 20
  60959  1.72322099158E-04 -9.08975360896E-04    1  2  3  4  6 10 12 15 17 19
  60960 -1.72321912002E-04  9.13799016974E-04    4  5  7  8  9 12 14 15 17 18
  60961 -1.72319704584E-04  9.09905433004E-04    1  2  3  6  9 12 13 16 19 20
  60962  1.72319159323E-04 -9.23724404381E-04    6  7  8  9 11 13 14 15 18 20
  60963  1.72310801780E-04 -9.09905433004E-04    1  2  4  5 10 11 14 15 19 20
  60964 -1.72310256520E-04  9.23724404381E-04    5  7  8 10 12 13 14 16 17 19
  60965 -1.72308826258E-04  9.08975360896E-04    1  2  3  4  5  9 11 16 18 20
  60966  1.72308639102E-04 -9.13799016974E-04    3  6  7  8 10 11 13 16 17 18
  61011 -1.67169305106E-04  5.02287352188E-06    1  2  4  5  6 10 11 12 13 19
  61012 -1.67169097397E-04  6.49093872650E-06    5  7  8  9 10 14 15 16 17 20
  61013  1.67168338909E-04 -5.90286580782E-06    1  2  3  5  6 11 12 16 17 20
  61014  1.67168106508E-04 -5.90286580782E-06    1  2  4  5  6 11 12 15 18 19
  61015 -1.67167953827E-04  1.99519246907E-07    4  7  8  9 10 11 13 15 16 18
  61016 -1.67167881625E-04  5.02287352188E-06    1  2  3  5  6  9 11 12 14 20
  61017 -1.67167721426E-04  1.99519246907E-07    3  7  8  9 10 12 14 15 16 17
  61018 -1.67167673926E-04  6.49093872650E-06    6  7  8  9 10 13 15 16 18 19
  61115 -1.59635637245E-04  3.36327069150E-05    1  3  4  8  9 10 12 13 15 20
  61116 -1.59635270422E-04  3.36992738877E-05    1  5  6  8 12 13 15 17 18 20
  61117  1.59634932544E-04 -3.36327069150E-05    2  3  4  7  9 10 11 14 16 19
  61118  1.59634565710E-04 -3.36992738877E-05    2  5  6  7 11 14 16 17 18 19
  61119  1.59634089219E-04 -3.27835067885E-05    2  3  5  7 10 15 16 18 19 20
  61120  1.59633826197E-04 -3.49275190795E-05    2  3  5  7 10 11 12 13 14 18
  61121 -1.59633690795E-04  3.27835067885E-05    1  4  6  8  9 15 16 17 19 20
  61122 -1.59633427774E-04  3.49275190795E-05    1  4  6  8  9 11 12 13 14 17
  61139 -1.55967425049E-04  2.83028092685E-04    3  4  6  7  9 11 12 15 18 20
  61140 -1.55966676976E-04  2.77987622722E-04    2  3  6  9 12 13 15 16 17 18
  61141  1.55963403181E-04 -2.97367209244E-04    3  5  6  8 10 11 13 16 19 20
  61142  1.55962925027E-04 -2.83159813881E-04    1  5  9 10 11 13 14 16 18 20
  61143 -1.55957284867E-04  2.97367209244E-04    4  5  6  7  9 12 14 15 19 20
  61144 -1.55956806702E-04  2.83159813881E-04    2  6  9 10 12 13 14 15 17 19
  61145  1.55953681987E-04 -2.83028092685E-04    3  4  5  8 10 11 12 16 17 19
  61146  1.55952933914E-04 -2.77987622722E-04    1  4  5 10 11 14 15 16 17 18
  61155 -1.54338860896E-04  3.62435540271E-05    1  2  3  5  6  9 11 12 18 20
  61156 -1.54338845943E-04  3.58868367362E-05    3  6  7  8  9 10 13 15 16 18
  61157 -1.54337841250E-04  3.79356281204E-05    7  8  9 10 12 14 15 16 17 19
  61158 -1.54337812946E-04  3.68387839238E-05    1  2  4  5  6 11 12 14 15 19
  61159 -1.54337037991E-04  3.62435540271E-05    1  2  4  5  6 10 11 12 17 19
  61160 -1.54337023028E-04  3.58868367362E-05    4  5  7  8  9 10 14 15 16 17
  61161 -1.54336942823E-04  3.79356281204E-05    7  8  9 10 11 13 15 16 18 20
  61162 -1.54336914530E-04  3.68387839238E-05    1  2  3  5  6 11 12 13 16 20
  61171 -1.48311409282E-04  1.88579182343E-05    3  4  5  8  9 10 14 15 17 18
  61172  1.48311142091E-04 -2.12126150820E-05    1  3  4  5  6 10 12 17 18 19
  61173  1.48310681005E-04 -1.94511890391E-05    7 10 12 13 14 15 16 17 19 20
  61174  1.48310433356E-04 -2.36688388261E-05    2  4  5 11 12 13 14 15 19 20
  61175 -1.48310246717E-04  1.88579182343E-05    3  4  6  7  9 10 13 16 17 18
  61176  1.48309979526E-04 -2.12126150820E-05    2  3  4  5  6  9 11 17 18 20
  61177  1.48309291914E-04 -1.94511890391E-05    8  9 11 13 14 15 16 18 19 20
  61178  1.48309044265E-04 -2.36688388261E-05    1  3  6 11 12 13 14 16 19 20
  61195 -1.45558909305E-04  8.92920760054E-05    1  2  4  5  6 10 11 12 13 15
  61196  1.45558713283E-04 -9.45646941305E-05    5  7  8  9 10 12 15 16 17 20
  61197 -1.45557757943E-04  8.92920760054E-05    1  2  3  5  6  9 11 12 14 16
  61198  1.45557561922E-04 -9.45646941305E-05    6  7  8  9 10 11 15 16 18 19
  61199 -1.45556757472E-04  8.99119526834E-05    1  2  5  6 10 11 12 15 18 19
  61200 -1.45556402010E-04  8.99119526834E-05    1  2  5  6  9 11 12 16 17 20
  61201 -1.45556367620E-04  8.86124850998E-05    3  5  7  8  9 10 12 14 15 16
  61202 -1.45556012168E-04  8.86124850998E-05    4  6  7  8  9 10 11 13 15 16
  61203 -1.44700054587E-04  1.24866882680E-04    1  2  9 11 12 13 14 17 18 20
  61204  1.44699716993E-04 -1.24866882680E-04    1  2 10 11 12 13 14 17 18 19
  61205  1.44699641253E-04 -1.24629831941E-04    3  4  6  7  8 13 15 16 19 20
  61206 -1.44699303660E-04  1.24629831941E-04    3  4  5  7  8 14 15 16 19 20
  61207 -1.44698892243E-04  1.24032566916E-04    1  2  4  5  6 13 14 15 17 18
  61208 -1.44698420848E-04  1.24032805020E-04    3  4  7  8  9 10 12 17 19 20
  61209  1.44697804691E-04 -1.24032566916E-04    1  2  3  5  6 13 14 16 17 18
  61210  1.44697333286E-04 -1.24032805020E-04    3  4  7  8  9 10 11 18 19 20
  61215  1.40865251386E-04 -8.65103095575E-05    2  4  5  6 10 11 12 13 17 19
  61216 -1.40865161304E-04  8.74212070151E-05    4  5  7  9 10 14 15 16 17 20
  61217 -1.40864966536E-04  8.65103095575E-05    1  3  5  6  9 11 12 14 18 20
  61218  1.40864876454E-04 -8.74212070151E-05    3  6  8  9 10 13 15 16 18 19
  61219  1.40864651013E-04 -8.56771058168E-05    2  3  5  6 11 12 13 16 17 20
  61220  1.40864495321E-04 -8.36990390543E-05    4  7  9 10 11 13 15 16 18 20
  61221 -1.40862677302E-04  8.56771058168E-05    1  4  5  6 11 12 14 15 18 19
  61222 -1.40862521620E-04  8.36990390543E-05    3  8  9 10 12 14 15 16 17 19
  61231  1.39589017671E-04 -1.52267074697E-05    1  2  3  5  6  8  9 11 12 18
  61232  1.39588951829E-04 -1.65081560840E-05    1  3  6  7  8  9 10 15 16 18
  61233  1.39587740080E-04 -1.49080279308E-05    1  2  5  6  7 11 12 13 16 20
  61234 -1.39587624537E-04  1.39703826097E-05    2  7  8  9 10 11 13 15 16 20
  61235  1.39587280363E-04 -1.49080279308E-05    1  2  5  6  8 11 12 14 15 19
  61236  1.39587248005E-04 -1.52267074697E-05    1  2  4  5  6  7 10 11 12 17
  61237  1.39587182173E-04 -1.65081560840E-05    2  4  5  7  8  9 10 15 16 17
  61238 -1.39587164820E-04  1.39703826097E-05    1  7  8  9 10 12 14 15 16 19
  61239 -1.38065826749E-04  8.63137699494E-04    2  3  4  6  7  9 10 13 18 19
  61240 -1.38065450680E-04  8.64916988853E-04    2  3  5  6  7  9 14 17 18 20
  61241  1.38064710841E-04 -8.63137699494E-04    1  3  4  5  8  9 10 14 17 20
  61242  1.38064334762E-04 -8.64916988853E-04    1  4  5  6  8 10 13 17 18 19
  61243  1.38062720303E-04 -8.65190709513E-04    1  4  8 11 13 15 16 18 19 20
  61244 -1.38062672593E-04  8.65190709513E-04    2  3  7 12 14 15 16 17 19 20
  61245 -1.38062463031E-04  8.63952408412E-04    1  3  8 11 12 13 14 16 17 20
  61246  1.38062415321E-04 -8.63952408412E-04    2  4  7 11 12 13 14 15 18 19
  61255  1.37305712372E-04 -2.11450952000E-03    2  3  5  9 10 11 12 14 18 19
  61256 -1.37305422363E-04  2.11450952000E-03    1  4  6  9 10 11 12 13 17 20
  61257  1.37303456633E-04 -2.10017968619E-03    3  5  6  7 10 14 15 16 18 19
  61258 -1.37303166623E-04  2.10017968619E-03    4  5  6  8  9 13 15 16 17 20
  61259  1.37299589994E-04 -2.11131122770E-03    2  3  5  6 11 14 15 16 18 19
  61260 -1.37299535745E-04  2.11131122770E-03    1  4  5  6 12 13 15 16 17 20
  61261  1.37297211930E-04 -2.11031433141E-03    3  7  9 10 11 12 14 16 18 19
  61262 -1.37297157681E-04  2.11031433141E-03    4  8  9 10 11 12 13 15 17 20
  61379 -1.29454671022E-04  2.21759905582E-08    3  4  7  8  9 10 11 14 19 20
  61380 -1.29454647046E-04  2.22687780146E-08    1  2  5  6 13 14 16 17 18 19
  61383  1.29454334387E-04 -2.21759905582E-08    3  4  7  8  9 10 12 13 19 20
  61384  1.29454310411E-04 -2.22687780146E-08    1  2  5  6 13 14 15 17 18 20
  61455 -1.24505037572E-04  1.68162188907E-04    1  2  3  5 10 12 13 14 17 18
  61456 -1.24504983439E-04  1.68162188907E-04    1  2  4  6  9 11 13 14 17 18
  61457 -1.24504486731E-04  1.72811106956E-04    3  4  5  7  8 10 15 18 19 20
  61458 -1.24504432587E-04  1.72811106956E-04    3  4  6  7  8  9 16 17 19 20
  61459 -1.24503482543E-04  1.70986932861E-04    1  2  5 12 13 14 15 17 18 20
  61460 -1.24503001114E-04  1.70986932861E-04    1  2  6 11 13 14 16 17 18 19
  61461 -1.24502896017E-04  1.70980191101E-04    3  4  7  8 10 12 13 15 19 20
  61462 -1.24502414598E-04  1.70980191101E-04    3  4  7  8  9 11 14 16 19 20
  61495  1.23066216599E-04 -1.20604359147E-04    2  7  8  9 10 11 13 14 15 20
  61496  1.23065330702E-04 -1.20598997394E-04    1  2  5  6  7 12 13 16 19 20
  61497  1.23065037208E-04 -1.20604359147E-04    1  7  8  9 10 12 13 14 16 19
  61503  1.23064151311E-04 -1.20598997394E-04    1  2  5  6  8 11 14 15 19 20
  61507 -1.23063517253E-04  1.10081625901E-04    1  3  6  7  8 10 15 16 17 18
  61508  1.23063108721E-04 -1.18160130193E-04    1  2  3  4  5  8  9 11 12 18
  61509 -1.23062300249E-04  1.10081625901E-04    2  4  5  7  8  9 15 16 17 18
  61510  1.23061891707E-04 -1.18160130193E-04    1  2  3  4  6  7 10 11 12 17
  61519  1.20512891577E-04 -9.31052909331E-05    1  2  3  6 11 13 14 16 19 20
  61520 -1.20512734758E-04  9.60336107506E-05    7  8  9 11 13 14 16 18 19 20
  61521  1.20510697531E-04 -9.20064009511E-05    1  2  3  4  6  9 11 17 18 20
  61522 -1.20510524580E-04  9.65246410198E-05    3  4  6  7  8  9 13 16 17 18
  61523  1.20509122875E-04 -9.20064009511E-05    1  2  3  4  5 10 12 17 18 19
  61524  1.20509007227E-04 -9.31052909331E-05    1  2  4  5 12 13 14 15 19 20
  61525 -1.20508949924E-04  9.65246410198E-05    3  4  5  7  8 10 14 15 17 18
  61526 -1.20508850418E-04  9.60336107506E-05    7  8 10 12 13 14 15 17 19 20
  61583  1.16898681042E-04 -9.10978272322E-04    2  5  9 10 11 12 13 14 18 19
  61584  1.16898309164E-04 -9.10978272322E-04    1  6  9 10 11 12 13 14 17 20
  61585 -1.16897170712E-04  9.11451089917E-04    3  5  6  7 10 14 15 16 19 20
  61586 -1.16896816419E-04  9.16827781375E-04    2  3  5  6 11 14 15 16 17 18
  61587 -1.16896798834E-04  9.11451089917E-04    4  5  6  8  9 13 15 16 19 20
  61588 -1.16896552302E-04  9.16827781375E-04    1  4  5  6 12 13 15 16 17 18
  61589  1.16895310174E-04 -9.16509846014E-04    3  4  7  9 10 11 12 16 18 19
  61590  1.16895046057E-04 -9.16509846014E-04    3  4  8  9 10 11 12 15 17 20
  61683  1.08269261498E-04 -3.21239585625E-05    7  8  9 10 12 13 14 15 16 19
  61684 -1.08269128770E-04  2.90445550456E-05    3  6  7  8  9 10 15 16 17 18
  61685 -1.08269038657E-04  3.20881822016E-05    1  2  5  6 11 12 14 15 19 20
  61686  1.08269036046E-04 -3.15024251890E-05    1  2  3  4  5  6  9 11 12 18
  61687 -1.08268300387E-04  3.21239585625E-05    7  8  9 10 11 13 14 15 16 20
  61688  1.08268169839E-04 -2.90445550456E-05    4  5  7  8  9 10 15 16 17 18
  61689  1.08268077546E-04 -3.20881822016E-05    1  2  5  6 11 12 13 16 19 20
  61690 -1.08268077125E-04  3.15024251890E-05    1  2  3  4  5  6 10 11 12 17
  61691  1.07835325740E-04 -1.53992774138E-04    3  4  7  8  9 13 16 18 19 20
  61692  1.07835265246E-04 -1.54953801815E-04    1  2  3  6 11 13 14 17 18 20
  61693  1.07833361936E-04 -1.53992774138E-04    3  4  7  8 10 14 15 17 19 20
  61694  1.07833301454E-04 -1.54953801815E-04    1  2  4  5 12 13 14 17 18 19
  61711  1.05508486530E-04 -3.08061231545E-04    2  3  7  9 10 11 12 14 15 18
  61712  1.05508361089E-04 -3.07041238205E-04    2  3  5  6  7 12 15 16 18 19
  61713 -1.05506601858E-04  3.07981646855E-04    2  5  6  7  9 14 15 16 18 19
  61714 -1.05506489348E-04  3.07154456023E-04    2  3  6  7  9 10 11 12 14 19
  61715 -1.05504051939E-04  3.08061231545E-04    1  4  8  9 10 11 12 13 16 17
  61716  1.05503930352E-04 -3.07981646855E-04    1  5  6  8 10 13 15 16 17 20
  61717 -1.05503926498E-04  3.07041238205E-04    1  4  5  6  8 11 15 16 17 20
  61718  1.05503817832E-04 -3.07154456023E-04    1  4  5  8  9 10 11 12 13 20
  61735 -1.03196630172E-04  4.34734641094E-04    1  3  4  6 11 13 14 18 19 20
  61736  1.03196257694E-04 -4.41182839278E-04    3  8  9 13 14 16 17 18 19 20
  61737 -1.03195447801E-04  4.34734641094E-04    2  3  4  5 12 13 14 17 19 20
  61738  1.03195075323E-04 -4.41182839278E-04    4  7 10 13 14 15 17 18 19 20
  61739 -1.03194604518E-04  4.38624707257E-04    2  3  4  6 11 13 17 18 19 20
  61740  1.03194224279E-04 -4.41751775564E-04    3  4  7  9 13 14 16 17 18 20
  61741 -1.03193040802E-04  4.38624707257E-04    1  3  4  5 12 14 17 18 19 20
  61742  1.03192660563E-04 -4.41751775564E-04    3  4  8 10 13 14 15 17 18 19
  61795  9.98922149838E-05 -1.12708200720E-05    3  4  7  8  9 10 11 12 15 20
  61796  9.98921844476E-05 -1.12921000899E-05    1  2  5  6 12 13 15 16 17 18
  61797 -9.98917518131E-05  1.12708200720E-05    3  4  7  8  9 10 11 12 16 19
  61798 -9.98917440316E-05  1.12161512201E-05    3  5  6  7  8 10 15 16 19 20
  61799  9.98917329017E-05 -1.14374907427E-05    1  2  5  9 10 11 12 13 14 18
  61800 -9.98917212769E-05  1.12921000899E-05    1  2  5  6 11 14 15 16 17 18
  61801  9.98916750304E-05 -1.12161512201E-05    4  5  6  7  8  9 15 16 19 20
  61802 -9.98916638899E-05  1.14374907427E-05    1  2  6  9 10 11 12 13 14 17
  61883  9.52850688333E-05 -2.36125733711E-07    1  2  3  6 11 12 13 16 19 20
  61884 -9.52850263459E-05  1.99386640750E-07    7  8  9 11 13 14 15 16 18 20
  61885 -9.52847232058E-05  2.15406655709E-07    1  2  3  4  5  6 10 12 17 19
  61886  9.52846800971E-05 -2.43805054971E-07    4  5  7  8  9 10 14 15 17 18
  61887 -9.52836551659E-05  2.15406655709E-07    1  2  3  4  5  6  9 11 18 20
  61888  9.52836120572E-05 -2.43805054971E-07    3  6  7  8  9 10 13 16 17 18
  61889  9.52834606083E-05 -2.36125733711E-07    1  2  4  5 11 12 14 15 19 20
  61890 -9.52834181209E-05  1.99386640750E-07    7  8 10 12 13 14 15 16 17 19
  61891 -9.46394840151E-05  3.43397827985E-04    1  3  5  6  8  9 11 12 14 18
  61892  9.46392349978E-05 -3.43397827985E-04    2  4  5  6  7 10 11 12 13 17
  61893  9.46391978911E-05 -3.49703349943E-04    1  3  6  8  9 10 15 16 18 19
  61894 -9.46389488738E-05  3.49703349943E-04    2  4  5  7  9 10 15 16 17 20
  61895 -9.46378377674E-05  3.42363535726E-04    2  5  6  7 11 12 13 16 17 20
  61896  9.46373186522E-05 -3.38103994475E-04    2  4  7  9 10 11 13 15 16 20
  61897  9.46370311277E-05 -3.42363535726E-04    1  5  6  8 11 12 14 15 18 19
  61898 -9.46365120021E-05  3.38103994475E-04    1  3  8  9 10 12 14 15 16 19
  61995  8.83588274492E-05 -6.80062692392E-04    3  7  8  9 10 11 12 16 18 19
  61996  8.83582180944E-05 -6.80062692392E-04    4  7  8  9 10 11 12 15 17 20
  61997 -8.83572827500E-05  6.80013111927E-04    1  2  3  5  6 11 14 15 16 18
  61998 -8.83566734057E-05  6.80013111927E-04    1  2  4  5  6 12 13 15 16 17
  61999 -8.83545865208E-05  6.87744956085E-04    4  5  6  7  8  9 13 15 16 20
  62000 -8.83537664453E-05  6.87744956085E-04    3  5  6  7  8 10 14 15 16 19
  62001 -8.83534154476E-05  6.77066592625E-04    1  2  6  9 10 11 12 13 17 20
  62002 -8.83525953721E-05  6.77066592625E-04    1  2  5  9 10 11 12 14 18 19
  62135 -7.69973248930E-05  6.32356926587E-05    1  3  5  7  8  9 10 12 14 16
  62136  7.69971547327E-05 -6.32356926587E-05    2  4  6  7  8  9 10 11 13 15
  62137  7.69970311138E-05 -6.21921974063E-05    1  2  5  6  8 10 11 15 18 19
  62140 -7.69968609536E-05  6.21921974063E-05    1  2  5  6  7  9 12 16 17 20
  62143  7.69965573818E-05 -5.89053907726E-05    1  6  7  8 10 11 15 16 18 19
  62144  7.69964224540E-05 -6.25433632415E-05    1  2  3  5  8  9 11 12 14 16
  62149 -7.69943324944E-05  5.89053907726E-05    2  5  7  8  9 12 15 16 17 20
  62150 -7.69941975665E-05  6.25433632415E-05    1  2  4  6  7 10 11 12 13 15
  62167 -7.61066966439E-05  1.72297704391E-05    1  2  5  6  8 11 12 15 18 19
  62168  7.61065850816E-05 -1.66317900327E-05    1  3  7  8  9 10 12 14 15 16
  62169 -7.61065243146E-05  1.72297704391E-05    1  2  5  6  7 11 12 16 17 20
  62170  7.61064127522E-05 -1.66317900327E-05    2  4  7  8  9 10 11 13 15 16
  62171  7.61062357055E-05 -1.71542723679E-05    1  2  4  5  6  7 10 11 12 13
  62172 -7.61061738013E-05  1.77509785498E-05    2  5  7  8  9 10 15 16 17 20
  62173  7.61060173718E-05 -1.71542723679E-05    1  2  3  5  6  8  9 11 12 14
  62174 -7.61059554676E-05  1.77509785498E-05    1  6  7  8  9 10 15 16 18 19
  62183 -7.48295186029E-05  3.98024653375E-05    3  4  7  8  9 10 11 14 15 18
  62184 -7.48295067149E-05  4.02732572338E-05    1  2  3  5  6 12 16 17 18 19
  62185 -7.48294330279E-05  3.98024653375E-05    3  4  7  8  9 10 12 13 16 17
  62186 -7.48294211399E-05  4.02732572338E-05    1  2  4  5  6 11 15 17 18 20
  62187 -7.48288840294E-05  4.05693777802E-05    1  2  3  6 10 11 12 13 14 19
  62188  7.48288811654E-05 -4.00571458425E-05    5  7  8  9 14 15 16 18 19 20
  62189 -7.48285091399E-05  4.05693777802E-05    1  2  4  5  9 11 12 13 14 20
  62190  7.48285062758E-05 -4.00571458425E-05    6  7  8 10 13 15 16 17 19 20
  62199  7.24051195602E-05 -1.35590096073E-03    3  6  7  9 10 12 13 14 18 19
  62200 -7.24046874206E-05  1.35114264947E-03    2  3  5  6  9 14 15 18 19 20
  62201 -7.23998081175E-05  1.35114500766E-03    3  6  7 12 14 15 16 17 18 19
  62202 -7.23994816962E-05  1.34559899989E-03    2  3  4  9 11 12 14 15 18 19
  62203 -7.23985599773E-05  1.35590096073E-03    4  5  8  9 10 11 13 14 17 20
  62204  7.23981278376E-05 -1.35114264947E-03    1  4  5  6 10 13 16 17 19 20
  62205  7.23980755049E-05 -1.35114500766E-03    4  5  8 11 13 15 16 17 18 20
  62206  7.23977490836E-05 -1.34559899989E-03    1  3  4 10 11 12 13 16 17 20
  62225 -7.04321590475E-05  1.08226494317E-04    1  2  5  9 10 11 12 14 17 18
  62226  7.04318035537E-05 -1.07946253753E-04    3  4  5  6  7  8 10 15 16 19
  62227  7.04315153764E-05 -1.07424804972E-04    1  2  5  6 11 13 14 15 16 18
  62228 -7.04313796904E-05  1.07424804972E-04    1  2  5  6 12 13 14 15 16 17
  62229  7.04313599998E-05 -1.08226494317E-04    1  2  6  9 10 11 12 13 17 18
  62230  7.04310691269E-05 -1.07425000259E-04    3  7  8  9 10 11 12 16 19 20
  62231 -7.04310045165E-05  1.07946253753E-04    3  4  5  6  7  8  9 15 16 20
  62232 -7.04309334409E-05  1.07425000259E-04    4  7  8  9 10 11 12 15 19 20
  62249  6.91726137153E-05 -2.51561750368E-04    3  6  7 12 14 15 17 18 19 20
  62250 -6.91724879799E-05  2.51484988502E-04    2  3  4  9 12 13 14 15 18 19
  62251  6.91722801864E-05 -2.53005448736E-04    3  4  6  7  9 12 13 14 18 19
  62252 -6.91721148804E-05  2.51561801440E-04    2  3  6  9 14 15 17 18 19 20
  62253 -6.91707973283E-05  2.51561750368E-04    4  5  8 11 13 16 17 18 19 20
  62254  6.91706716034E-05 -2.51484988502E-04    1  3  4 10 11 13 14 16 17 20
  62255 -6.91693920636E-05  2.53005448736E-04    3  4  5  8 10 11 13 14 17 20
  62256  6.91692267576E-05 -2.51561801440E-04    1  4  5 10 13 16 17 18 19 20
  62281  6.84810065402E-05 -2.16287988635E-04    2  3  6  7  8  9 11 12 14 15
  62282 -6.84808486471E-05  2.15479392004E-04    1  2  6  7  9 12 15 16 18 19
  62283  6.84796960009E-05 -2.16090664463E-04    2  5  6  7  8  9 12 15 18 19
  62284 -6.84795859970E-05  2.16288096066E-04    1  2  3  6  7  9 10 12 14 15
  62285 -6.84775214140E-05  2.16287988635E-04    1  4  5  7  8 10 11 12 13 16
  62286  6.84773635314E-05 -2.15479392004E-04    1  2  5  8 10 11 15 16 17 20
  62287 -6.84767699080E-05  2.16090664463E-04    1  5  6  7  8 10 11 16 17 20
  62288  6.84766599040E-05 -2.16288096066E-04    1  2  4  5  8  9 10 11 13 16
  62313 -6.76285503217E-05  1.18124741033E-03    2  3  7  8  9 11 12 14 15 18
  62314  6.76280958380E-05 -1.17551849414E-03    1  2  3  6  7 12 15 16 18 19
  62315 -6.76241469198E-05  1.18398134242E-03    2  5  6  7  8  9 14 15 18 19
  62316 -6.76238761481E-05  1.18043655214E-03    1  2  3  6  7  9 10 12 14 19
  62317  6.76228986848E-05 -1.18398134242E-03    1  5  6  7  8 10 13 16 17 20
  62318  6.76226279131E-05 -1.18043655214E-03    1  2  4  5  8  9 10 11 13 20
  62319  6.76218799872E-05 -1.18124741033E-03    1  4  7  8 10 11 12 13 16 17
  62320 -6.76214255035E-05  1.17551849414E-03    1  2  4  5  8 11 15 16 17 20
  62417  6.04765657334E-05 -3.62199787253E-05    1  3  4  6 11 12 13 14 19 20
  62418 -6.04763232655E-05  3.78226813090E-05    8  9 13 14 15 16 17 18 19 20
  62419 -6.04760728478E-05  3.62199787253E-05    2  3  4  5 11 12 13 14 19 20
  62420  6.04760274226E-05 -3.70404262687E-05    1  3  4  5  6 12 17 18 19 20
  62421 -6.04759966863E-05  3.70404262687E-05    2  3  4  5  6 11 17 18 19 20
  62422  6.04758303694E-05 -3.78226813090E-05    7 10 13 14 15 16 17 18 19 20
  62423  6.04758015180E-05 -3.80468234749E-05    3  4  8  9 10 13 14 15 17 18
  62424 -6.04757707817E-05  3.80468234749E-05    3  4  7  9 10 13 14 16 17 18
  62461  5.87509147523E-05 -1.23220682007E-05    1  2  3  4  5  6 17 18 19 20
  62462  5.87508766874E-05 -1.24225385427E-05    3  4  7  8  9 10 13 14 17 18
  62463  5.87508390015E-05 -1.24627976983E-05    1  2  3  4 11 12 13 14 19 20
  62464  5.87507889327E-05 -1.23990096431E-05    7  8 13 14 15 16 17 18 19 20
  62465 -5.84405007540E-05  1.95722070309E-04    3  4  7  8  9 11 15 16 18 20
  62466  5.84404142523E-05 -1.95312886268E-04    1  2  3  6 11 12 13 16 17 18
  62467  5.84390338378E-05 -1.95418484557E-04    3  6  7  8  9 10 13 16 19 20
  62468 -5.84389848009E-05  1.95722128996E-04    1  2  5  6  9 11 13 14 18 20
  62469  5.84384916416E-05 -1.95418484557E-04    4  5  7  8  9 10 14 15 19 20
  62470 -5.84384426047E-05  1.95722128996E-04    1  2  5  6 10 12 13 14 17 19
  62471 -5.84383751829E-05  1.95722070309E-04    3  4  7  8 10 12 15 16 17 19
  62472  5.84382886918E-05 -1.95312886268E-04    1  2  4  5 11 12 14 15 17 18
  62569 -5.29758599988E-05  5.16477937617E-04    1  2  8  9 11 12 13 14 17 18
  62570  5.29754978292E-05 -5.16943963984E-04    1  3  4  6  7  8 15 16 19 20
  62571  5.29749004151E-05 -5.16477937617E-04    1  2  7 10 11 12 13 14 17 18
  62572  5.29747426483E-05 -5.15596476981E-04    1  2  5  6  8 13 14 15 17 18
  62573 -5.29745382454E-05  5.16943963984E-04    2  3  4  5  7  8 15 16 19 20
  62574 -5.29743286829E-05  5.15596476981E-04    1  2  5  6  7 13 14 16 17 18
  62575  5.29742645675E-05 -5.15596651491E-04    1  3  4  7  8  9 10 12 19 20
  62576 -5.29738506021E-05  5.15596651491E-04    2  3  4  7  8  9 10 11 19 20
  62577 -5.16335284711E-05  2.77160994375E-04    2  3  7  8  9 10 11 14 16 19
  62578  5.16333778540E-05 -2.77160994375E-04    1  4  7  8  9 10 12 13 15 20
  62579  5.16332986284E-05 -2.75359733478E-04    1  4  6  7  8  9 15 16 17 20
  62580  5.16328552220E-05 -2.76468803402E-04    1  2  4  6  8  9 11 12 13 17
  62581  5.16328152406E-05 -2.77165601857E-04    1  2  5  6  7 11 14 16 18 19
  62582 -5.16326646235E-05  2.77165601857E-04    1  2  5  6  8 12 13 15 17 20
  62583 -5.16326366250E-05  2.75359733478E-04    2  3  5  7  8 10 15 16 18 19
  62584 -5.16321932291E-05  2.76468803402E-04    1  2  3  5  7 10 11 12 14 18
  62609  5.09934461048E-05 -2.19012704003E-04    3  6  7  8  9 10 11 15 16 20
  62610  5.09933714175E-05 -2.20046539746E-04    1  2  5  6  9 11 12 13 16 18
  62611  5.09913864392E-05 -2.19012704003E-04    4  5  7  8  9 10 12 15 16 19
  62612  5.09913117625E-05 -2.20046539746E-04    1  2  5  6 10 11 12 14 15 17
  62637  4.88183673278E-05 -6.59367126904E-04    2  3  4  6  7  9 11 12 15 18
  62638 -4.88178459277E-05  6.44586407605E-04    2  3  6  7  9 12 15 16 17 18
  62639 -4.88124383802E-05  6.59367126904E-04    1  3  4  5  8 10 11 12 16 17
  62640  4.88119944473E-05 -6.69135193401E-04    1  5  6  8 10 11 13 16 19 20
  62641  4.88119169906E-05 -6.44586407605E-04    1  4  5  8 10 11 15 16 17 18
  62642 -4.88117343948E-05  6.59395375799E-04    1  5  8  9 10 11 13 14 16 20
  62643 -4.88098012964E-05  6.69135193401E-04    2  5  6  7  9 12 14 15 19 20
  62644  4.88095412439E-05 -6.59395375799E-04    2  6  7  9 10 12 13 14 15 19
  62717 -4.46009146062E-05  7.48236468816E-05    1  2  3  6  8 11 12 13 18 19
  62718  4.46007693487E-05 -7.38429793954E-05    1  3  7  8  9 14 15 16 18 20
  62719  4.46003999241E-05 -7.48236468816E-05    1  2  4  5  7 11 12 14 17 20
  62720 -4.46002546666E-05  7.38429793954E-05    2  4  7  8 10 13 15 16 17 19
  62721  4.45990025357E-05 -7.74321930148E-05    1  2  3  5  6  8 12 14 17 19
  62722  4.45988891727E-05 -7.49313893983E-05    1  4  7  8  9 10 14 15 18 19
  62723 -4.45984954244E-05  7.74321930148E-05    1  2  4  5  6  7 11 13 18 20
  62724 -4.45983820509E-05  7.49313893983E-05    2  3  7  8  9 10 13 16 17 20
  62733  4.37655862701E-05 -9.78909873302E-05    1  2  3  4  5  6  7 10 11 12
  62734 -4.37654495944E-05  9.95300272354E-05    2  5  7  8  9 10 15 16 17 18
  62735  4.37651251843E-05 -9.79880187736E-05    1  2  5  6  8 11 12 15 19 20
  62736 -4.37650085150E-05  9.78909873302E-05    1  2  3  4  5  6  8  9 11 12
  62737  4.37648718393E-05 -9.95300272354E-05    1  6  7  8  9 10 15 16 17 18
  62738  4.37648370070E-05 -9.74662203390E-05    1  7  8  9 10 12 13 14 15 16
  62739 -4.37648322370E-05  9.79880187736E-05    1  2  5  6  7 11 12 16 19 20
  62740 -4.37645440597E-05  9.74662203390E-05    2  7  8  9 10 11 13 14 15 16
  62749  4.31156483295E-05 -1.28787201215E-05    1  2  3  4  5  6  9 10 11 12
  62750  4.31156264698E-05 -1.29382247406E-05    5  6  7  8  9 10 15 16 17 18
  62751  4.31154980914E-05 -1.28902759290E-05    1  2  5  6 11 12 15 16 19 20
  62752  4.31154639857E-05 -1.28278592519E-05    7  8  9 10 11 12 13 14 15 16
  62777  4.11667796339E-05 -2.29338806024E-04    2  3  6  7  9 11 12 15 16 20
  62778  4.11666009235E-05 -2.28197231267E-04    2  6  7  9 11 12 13 15 16 18
  62779  4.11659252420E-05 -2.28125273671E-04    1  3  5  6  8  9 10 11 16 20
  62780 -4.11658786375E-05  2.28208600329E-04    1  5  6  8  9 10 11 13 16 18
  62781 -4.11646486926E-05  2.28125273671E-04    2  4  5  6  7  9 10 12 15 19
  62782  4.11646020986E-05 -2.28208600329E-04    2  5  6  7  9 10 12 14 15 17
  62783 -4.11596332929E-05  2.29338806024E-04    1  4  5  8 10 11 12 15 16 19
  62784 -4.11594545825E-05  2.28197231267E-04    1  5  8 10 11 12 14 15 16 17
  62849  3.52764548401E-05 -6.15825217414E-05    1  2  5  6 12 13 15 16 19 20
  62850 -3.52763798474E-05  6.19398968835E-05    1  2  3  4  6  9 10 11 12 17
  62851  3.52762901026E-05 -6.22790001961E-05    4  5  6  7  8  9 15 16 17 18
  62852  3.52762816578E-05 -6.15812730720E-05    7  8  9 10 11 12 13 14 15 20
  62853 -3.52761967882E-05  6.15825217414E-05    1  2  5  6 11 14 15 16 19 20
  62854  3.52760657670E-05 -6.19398968835E-05    1  2  3  4  5  9 10 11 12 18
  62855 -3.52760236060E-05  6.15812730720E-05    7  8  9 10 11 12 13 14 16 19
  62856 -3.52759760222E-05  6.22790001961E-05    3  5  6  7  8 10 15 16 17 18
  62865  3.49880715507E-05 -1.32020516144E-03    1  2  3  4  6 11 13 16 19 20
  62866  3.49880576410E-05 -1.32020516144E-03    1  2  3  4  5 12 14 15 19 20
  62867  3.49878269769E-05 -1.31836063309E-03    7  8  9 11 13 14 16 17 18 20
  62868  3.49878130672E-05 -1.31836063309E-03    7  8 10 12 13 14 15 17 18 19
  62869 -3.49803033035E-05  1.30490246690E-03    1  2  3  4  6  9 11 18 19 20
  62870 -3.49802236567E-05  1.30490246690E-03    1  2  3  4  5 10 12 17 19 20
  62871 -3.49799778088E-05  1.31445422118E-03    3  6  7  8  9 13 14 16 17 18
  62872 -3.49798981620E-05  1.31445422118E-03    4  5  7  8 10 13 14 15 17 18
  62881 -3.34339379555E-05  6.52787876277E-07    1  2  3  4  5  9 11 12 14 20
  62882 -3.34338869390E-05  6.71598035788E-07    6  7  8 10 13 15 16 17 18 19
  62883 -3.34333164178E-05  6.52787876277E-07    1  2  3  4  6 10 11 12 13 19
  62884 -3.34332654013E-05  6.71598035788E-07    5  7  8  9 14 15 16 17 18 20
  62885  3.34331951470E-05 -7.06607857672E-07    1  2  4  5  6 11 15 18 19 20
  62886  3.34331360648E-05 -6.73511648099E-07    3  7  8  9 10 12 13 14 16 17
  62887  3.34330536171E-05 -7.06607857672E-07    1  2  3  5  6 12 16 17 19 20
  62888  3.34329945348E-05 -6.73511648099E-07    4  7  8  9 10 11 13 14 15 18
  62897  3.12700645154E-05 -1.90757570542E-05    3  6  7  8 10 15 16 17 18 19
  62898 -3.12700619882E-05  1.95791554992E-05    1  2  3  4  5  9 11 12 14 18
  62899  3.12700616829E-05 -1.90757570542E-05    4  5  7  8  9 15 16 17 18 20
  62900 -3.12700591557E-05  1.95791554992E-05    1  2  3  4  6 10 11 12 13 17
  62901  3.12699273552E-05 -1.97171689300E-05    4  7  8  9 10 11 13 14 15 20
  62902  3.12699030211E-05 -1.97256206539E-05    1  2  5  6 12 13 16 17 19 20
  62903  3.12697372096E-05 -1.97171689300E-05    3  7  8  9 10 12 13 14 16 19
  62904  3.12697128649E-05 -1.97256206539E-05    1  2  5  6 11 14 15 18 19 20
  62937  2.88489757319E-05 -6.80234054949E-06    3  4  7  8  9 10 13 14 15 18
  62938  2.88489626645E-05 -6.91153357665E-06    1  2  3  5  6 12 17 18 19 20
  62939 -2.88489178500E-05  6.80234054949E-06    3  4  7  8  9 10 13 14 16 17
  62940 -2.88489047721E-05  6.91153357665E-06    1  2  4  5  6 11 17 18 19 20
  62941  2.88487185540E-05 -6.82373544263E-06    7  8  9 14 15 16 17 18 19 20
  62942 -2.88487164691E-05  7.01638047815E-06    1  2  3  4  6 11 12 13 14 19
  62943 -2.88486491842E-05  6.82373544263E-06    7  8 10 13 15 16 17 18 19 20
  62944  2.88486470994E-05 -7.01638047815E-06    1  2  3  4  5 11 12 13 14 20
  62949  2.86075713401E-05 -7.19946399468E-06    3  4  8  9 10 11 13 14 15 18
  62950  2.86075479010E-05 -7.31685866108E-06    1  3  5  6 12 16 17 18 19 20
  62951 -2.86075097729E-05  7.23598188966E-06    5  8  9 14 15 16 17 18 19 20
  62952 -2.86074958526E-05  7.42464377645E-06    1  3  4  6 10 11 12 13 14 19
  62953  2.86072750760E-05 -7.19946399468E-06    3  4  7  9 10 12 13 14 16 17
  62954  2.86072516368E-05 -7.31685866108E-06    2  4  5  6 11 15 17 18 19 20
  62955 -2.86069866775E-05  7.23598188966E-06    6  7 10 13 15 16 17 18 19 20
  62956 -2.86069727572E-05  7.42464377645E-06    2  3  4  5  9 11 12 13 14 20
  62977 -2.67938434749E-05  1.11883034928E-05    3  5  7  8  9 10 12 13 14 16
  62978 -2.67938248584E-05  1.11883034928E-05    4  6  7  8  9 10 11 13 14 15
  62979  2.67937758320E-05 -1.14052277780E-05    1  2  5  6 10 11 15 18 19 20
  62980  2.67937572154E-05 -1.14052277780E-05    1  2  5  6  9 12 16 17 19 20
  62981 -2.67928817115E-05  1.08939217572E-05    6  7  8 10 11 15 16 17 18 19
  62982  2.67928475741E-05 -1.14796381112E-05    1  2  3  4  5  9 11 12 14 16
  62983 -2.67924808030E-05  1.08939217572E-05    5  7  8  9 12 15 16 17 18 20
  62984  2.67924466656E-05 -1.14796381112E-05    1  2  3  4  6 10 11 12 13 15
  63033  2.44806388818E-05 -8.13821511239E-05    1  2  4  6  9 10 11 12 13 19
  63034  2.44804836317E-05 -7.96613978061E-05    5  6  7  8  9 14 15 16 17 20
  63035  2.44798485422E-05 -8.13821511239E-05    1  2  3  5  9 10 11 12 14 20
  63036  2.44797817101E-05 -8.15076060926E-05    1  2  3  5  6 12 15 16 17 20
  63037  2.44796933026E-05 -7.96613978061E-05    5  6  7  8 10 13 15 16 18 19
  63038  2.44795270067E-05 -7.91123312142E-05    4  7  8  9 10 11 12 13 15 18
  63039  2.44786324334E-05 -8.15076060926E-05    1  2  4  5  6 11 15 16 18 19
  63040  2.44783777195E-05 -7.91123312142E-05    3  7  8  9 10 11 12 14 16 17
  63041 -2.43315776161E-05  6.18890076306E-05    1  2  6 11 12 15 16 17 19 20
  63042  2.43315161015E-05 -6.16918095991E-05    4  7  8  9 11 12 13 14 15 16
  63043  2.43314548291E-05 -6.17998909905E-05    1  2  3  4  5  6  9 10 12 13
  63044  2.43314225660E-05 -6.19760638375E-05    5  6  7  8  9 10 15 17 18 20
  63045  2.43313825320E-05 -6.18890076306E-05    1  2  5 11 12 15 16 18 19 20
  63046 -2.43313490370E-05  6.17998909905E-05    1  2  3  4  5  6  9 10 11 14
  63047 -2.43313210279E-05  6.16918095991E-05    3  7  8 10 11 12 13 14 15 16
  63048 -2.43313167739E-05  6.19760638375E-05    5  6  7  8  9 10 16 17 18 19
  63125 -1.96056860495E-05  8.32837150436E-06    1  2  3  4  5 12 13 14 17 20
  63126  1.96053818354E-05 -1.30230050968E-05    4  7  8 10 13 15 17 18 19 20
  63127  1.96052684724E-05 -1.14326351064E-05    1  2  4  6 11 13 17 18 19 20
  63128  1.96050001962E-05 -1.34402374659E-05    3  4  7  8  9 13 14 16 17 20
  63129 -1.96042792685E-05  8.32837150437E-06    1  2  3  4  6 11 13 14 18 19
  63130  1.96040071069E-05 -1.14326351064E-05    1  2  3  5 12 14 17 18 19 20
  63131  1.96039750650E-05 -1.30230050968E-05    3  7  8  9 14 16 17 18 19 20
  63132  1.96037388307E-05 -1.34402374659E-05    3  4  7  8 10 13 14 15 18 19
  63149 -1.85763153115E-05  6.09171302418E-06    1  2  3 10 11 12 13 14 15 18
  63150 -1.85761970417E-05  6.27155990496E-06    3  5  7  8 12 15 16 18 19 20
  63151 -1.85756922680E-05  6.09171302418E-06    1  2  4  9 11 12 13 14 16 17
  63152 -1.85755739982E-05  6.27155990496E-06    4  6  7  8 11 15 16 17 19 20
  63153 -1.85752616341E-05  5.94528610665E-06    1  2  5  6  9 14 16 17 18 19
  63154  1.85751155553E-05 -5.91682288463E-06    3  4  6  7  8  9 10 11 14 19
  63155 -1.85748648743E-05  5.94528610665E-06    1  2  5  6 10 13 15 17 18 20
  63156  1.85747187955E-05 -5.91682288463E-06    3  4  5  7  8  9 10 12 13 20
  63157  1.85390436035E-05 -1.22318966975E-03    4  5  7  9 10 12 14 15 17 20
  63158 -1.85389878171E-05  1.22079464443E-03    2  4  5  6 10 12 13 15 17 19
  63159 -1.85358553521E-05  1.22180196508E-03    1  4  5 10 11 12 14 15 18 19
  63160  1.85357486018E-05 -1.21899767405E-03    3  5  8 10 12 14 15 16 17 19
  63161 -1.85351132597E-05  1.22180196508E-03    2  3  6  9 11 12 13 16 17 20
  63162  1.85350064989E-05 -1.21899767405E-03    4  6  7  9 11 13 15 16 18 20
  63163  1.85341479793E-05 -1.22318966975E-03    3  6  8  9 10 11 13 16 18 19
  63164 -1.85340921929E-05  1.22079464443E-03    1  3  5  6  9 11 14 16 18 20
  63173  1.78971854739E-05 -5.72621260973E-05    3  5  7  8 10 15 16 18 19 20
  63174  1.78971412491E-05 -5.75670938958E-05    1  2  3  5 10 11 12 13 14 18
  63175  1.78970461236E-05 -5.72761007391E-05    3  4  7  8  9 10 11 14 16 19
  63176  1.78969833560E-05 -5.74581173140E-05    1  2  5  6 11 14 16 17 18 19
  63177  1.78969440275E-05 -5.72761007391E-05    3  4  7  8  9 10 12 13 15 20
  63178  1.78968812703E-05 -5.74581173140E-05    1  2  5  6 12 13 15 17 18 20
  63179  1.78968375299E-05 -5.72621260973E-05    4  6  7  8  9 15 16 17 19 20
  63180  1.78967933051E-05 -5.75670938958E-05    1  2  4  6  9 11 12 13 14 17
  63209 -1.47647006888E-05  3.20228622583E-05    2  3  4  7  9 12 13 14 19 20
  63210  1.47646485667E-05 -3.20383567372E-05    2  6  7 13 14 15 17 18 19 20
  63211  1.47646082906E-05 -3.18401695046E-05    2  3  4  6  7 15 17 18 19 20
  63212 -1.47645642553E-05  3.20121325689E-05    2  3  4  7  9 12 13 14 17 18
  63213 -1.47641121829E-05  3.20228622583E-05    1  3  4  8 10 11 13 14 19 20
  63214  1.47640600608E-05 -3.20383567372E-05    1  5  8 13 14 16 17 18 19 20
  63215  1.47638606805E-05 -3.18401695046E-05    1  3  4  5  8 16 17 18 19 20
  63216 -1.47638166558E-05  3.20121325689E-05    1  3  4  8 10 11 13 14 17 18
  63221 -1.30762144864E-05  5.68385319667E-05    2  5  6  7  9 12 15 16 19 20
  63222  1.30761727045E-05 -5.71620402930E-05    2  6  7  9 10 11 12 13 14 15
  63223  1.30761581524E-05 -5.68892430649E-05    2  3  4  6  7  9 10 11 12 15
  63224 -1.30761159493E-05  5.69588011612E-05    2  5  6  7  9 12 15 16 17 18
  63227  1.30757994681E-05 -5.68892430649E-05    1  3  4  5  8  9 10 11 12 16
  63228 -1.30757572650E-05  5.69588011612E-05    1  5  6  8 10 11 15 16 17 18
  63231 -1.30751862068E-05  5.68385319667E-05    1  5  6  8 10 11 15 16 19 20
  63232  1.30751444354E-05 -5.71620402930E-05    1  5  8  9 10 11 12 13 14 16
  63293 -1.04831937410E-05  4.73500817034E-06    1  6  7  8 10 15 16 17 18 19
  63294 -1.04831811896E-05  4.92097647393E-06    1  2  3  4  5  8  9 11 12 14
  63295  1.04829481564E-05 -4.97075641222E-06    2  4  7  8  9 10 11 13 14 15
  63296  1.04829194629E-05 -4.90105674850E-06    1  2  5  6  7 12 16 17 19 20
  63297  1.04828440280E-05 -4.97075641222E-06    1  3  7  8  9 10 12 13 14 16
  63298 -1.04828159663E-05  4.73500817034E-06    2  5  7  8  9 15 16 17 18 20
  63299  1.04828153451E-05 -4.90105674850E-06    1  2  5  6  8 11 15 18 19 20
  63300 -1.04828034254E-05  4.92097647393E-06    1  2  3  4  6  7 10 11 12 13
  63357 -7.48484779931E-06  2.35193293835E-04    3  7  8  9 10 11 14 18 19 20
  63358  7.48324367039E-06 -2.35193775413E-04    1  2  3  5  6 13 14 16 18 19
  63359 -7.48271627890E-06  2.35193293835E-04    4  7  8  9 10 12 13 17 19 20
  63360  7.48111214998E-06 -2.35193775413E-04    1  2  4  5  6 13 14 15 17 20
  63361 -7.48096161712E-06  2.32942269848E-04    3  4  6  7  8 13 15 16 17 20
  63362 -7.47962933395E-06  2.23224502217E-04    1  2  4  9 11 12 13 17 18 20
  63363 -7.47906632042E-06  2.32942269848E-04    3  4  5  7  8 14 15 16 18 19
  63364 -7.47773402672E-06  2.23224502217E-04    1  2  3 10 11 12 14 17 18 19
  63365 -6.34531807262E-06  7.52510037530E-05    1  2  3 10 11 12 13 14 19 20
  63366  6.34525111413E-06 -7.52510037530E-05    1  2  4  9 11 12 13 14 19 20
  63367  6.34515531475E-06 -7.47986293138E-05    5  7  8 13 14 15 16 18 19 20
  63368 -6.34508836680E-06  7.47986293138E-05    6  7  8 13 14 15 16 17 19 20
  63369 -6.34495958835E-06  7.44047259326E-05    1  2  3  4  5  6 16 17 18 19
  63370  6.34483314748E-06 -7.44047259326E-05    1  2  3  4  5  6 15 17 18 20
  63371 -6.34478935438E-06  7.53483306579E-05    3  4  7  8  9 10 11 14 17 18
  63372  6.34466291352E-06 -7.53483306579E-05    3  4  7  8  9 10 12 13 17 18
  63405  5.40087688592E-06 -1.78921605229E-05    3  4  7  8 15 16 17 18 19 20
  63406  5.40085118287E-06 -1.78616620945E-05    1  2  3  4 11 12 13 14 17 18
  63407  5.40072303620E-06 -1.78693084372E-05    3  4  7  8  9 10 13 14 19 20
  63408  5.40069192088E-06 -1.78921634288E-05    1  2  5  6 13 14 17 18 19 20
  63433  4.36634211068E-06 -1.99850684615E-04    2  3  6  7  9 11 12 14 15 16
  63434 -4.36586426152E-06  1.96628083653E-04    2  6  7  9 11 12 15 16 18 19
  63435 -4.36460613916E-06  1.98205075709E-04    2  5  6  7  9 10 12 15 18 19
  63436 -4.36445515352E-06  1.99850684615E-04    1  4  5  8 10 11 12 13 15 16
  63437 -4.36434989846E-06  1.99908526226E-04    2  3  5  6  7  9 10 12 14 15
  63438  4.36432916544E-06 -1.98205075709E-04    1  5  6  8  9 10 11 16 17 20
  63439  4.36407292474E-06 -1.99908526226E-04    1  4  5  6  8  9 10 11 13 16
  63440  4.36397729383E-06 -1.96628083653E-04    1  5  8 10 11 12 15 16 17 20
  63481 -1.25043766269E-06  2.04751486501E-03    4  5  7  8  9 10 12 13 15 20
  63482  1.25024989674E-06 -2.04751486501E-03    3  6  7  8  9 10 11 14 16 19
  63483 -1.24823437172E-06  2.04766770349E-03    1  2  5  6 10 12 13 15 17 20
  63484  1.24804660578E-06 -2.04766770349E-03    1  2  5  6  9 11 14 16 18 19
  63485 -1.24607640066E-06  2.03504860114E-03    4  6  7  8  9 11 15 16 17 20
  63486  1.24489143878E-06 -2.03504860114E-03    3  5  7  8 10 12 15 16 18 19
  63487 -1.24457147222E-06  2.04292975416E-03    1  2  4  6  9 11 12 13 16 17
  63488  1.24338652087E-06 -2.04292975416E-03    1  2  3  5 10 11 12 14 15 18
