# FIXED-NODE: TRIAL WAVE FUNCTION DUMP FILE [ nI | twfn amp. ]
 # Size of Hilbert Space:          441
 # Type of Trial Wave Function |  Slater =           7  |  Jastrow = T  |  Backflow = F
 
         1   1   2   3   4   5   6   7   8   9  10   4.67471629669E-01
         2   1   2   3   4   5   6   7   8   9  12   2.91790924956E-03
         3   1   2   3   4   5   6   7   8   9  14  -1.41114089456E-02
         4   1   2   3   4   5   6   7   8  10  11  -2.91790924956E-03
         5   1   2   3   4   5   6   7   8  10  13   1.41114089456E-02
         6   1   2   3   4   5   6   7   8  11  12  -1.55088223965E-24
         7   1   2   3   4   5   6   7   8  11  14  -4.50916072706E-04
         8   1   2   3   4   5   6   7   8  12  13   4.50916072706E-04
         9   1   2   3   4   5   6   7   8  13  14  -1.00757175809E-03
        10   1   2   3   4   5   6   7   9  10  12  -2.33614700905E-01
        11   1   2   3   4   5   6   7   9  10  14  -2.27306284371E-01
        12   1   2   3   4   5   6   7   9  12  14  -3.47980486643E-44
        13   1   2   3   4   5   6   7  10  11  12  -4.50939037704E-05
        14   1   2   3   4   5   6   7  10  11  14  -2.02285801144E-05
        15   1   2   3   4   5   6   7  10  12  13   1.69984259338E-03
        16   1   2   3   4   5   6   7  10  13  14  -1.42748110598E-03
        17   1   2   3   4   5   6   7  11  12  14   1.25086483184E-69
        18   1   2   3   4   5   6   7  12  13  14  -2.10389508121E-50
        19   1   2   3   4   5   6   8   9  10  11   2.33614700905E-01
        20   1   2   3   4   5   6   8   9  10  13   2.27306284371E-01
        21   1   2   3   4   5   6   8   9  11  12   4.50939037704E-05
        22   1   2   3   4   5   6   8   9  11  14   1.69984259338E-03
        23   1   2   3   4   5   6   8   9  12  13  -2.02285801144E-05
        24   1   2   3   4   5   6   8   9  13  14   1.42748110598E-03
        25   1   2   3   4   5   6   8  10  11  13  -3.47980486643E-44
        26   1   2   3   4   5   6   8  11  12  13  -1.25086483184E-69
        27   1   2   3   4   5   6   8  11  13  14   2.10389508121E-50
        28   1   2   3   4   5   6   9  10  11  12  -2.62322845913E-02
        29   1   2   3   4   5   6   9  10  11  14  -3.76825598586E-02
        30   1   2   3   4   5   6   9  10  12  13   3.76825598586E-02
        31   1   2   3   4   5   6   9  10  13  14  -5.21878031526E-02
        32   1   2   3   4   5   6   9  11  12  14   4.50190539426E-03
        33   1   2   3   4   5   6   9  12  13  14  -5.09791082012E-03
        34   1   2   3   4   5   6  10  11  12  13  -4.50190539426E-03
        35   1   2   3   4   5   6  10  11  13  14   5.09791082012E-03
        36   1   2   3   4   5   6  11  12  13  14  -5.51004978849E-70
        37   1   2   3   4   5   7   8   9  10  12   1.04292401094E-01
        38   1   2   3   4   5   7   8   9  10  14  -8.42294078173E-02
        39   1   2   3   4   5   7   8   9  12  14  -1.11762760259E-25
        40   1   2   3   4   5   7   8  10  11  12   7.17427689621E-05
        41   1   2   3   4   5   7   8  10  11  14   1.87986055958E-05
        42   1   2   3   4   5   7   8  10  12  13  -6.81362856966E-04
        43   1   2   3   4   5   7   8  10  13  14   8.19868414745E-04
        44   1   2   3   4   5   7   8  11  12  14  -6.90718374395E-29
        45   1   2   3   4   5   7   8  12  13  14   2.13020712740E-09
        46   1   2   3   4   5   7   9  10  12  14  -1.28314562401E-02
        47   1   2   3   4   5   7  10  11  12  14   9.55162342604E-06
        48   1   2   3   4   5   7  10  12  13  14  -1.39962041967E-04
        49   1   2   3   4   5   8   9  10  11  12  -6.74171403747E-03
        50   1   2   3   4   5   8   9  10  11  14  -1.31564813038E-02
        51   1   2   3   4   5   8   9  10  12  13   9.32980719148E-03
        52   1   2   3   4   5   8   9  10  13  14  -9.64756685247E-03
        53   1   2   3   4   5   8   9  11  12  14   9.64824884522E-28
        54   1   2   3   4   5   8   9  12  13  14  -8.26531563050E-28
        55   1   2   3   4   5   8  10  11  12  13  -4.08900813076E-46
        56   1   2   3   4   5   8  10  11  13  14   2.05326941199E-46
        57   1   2   3   4   5   8  11  12  13  14  -2.99149100812E-76
        58   1   2   3   4   5   9  10  11  12  14   6.93312530976E-02
        59   1   2   3   4   5   9  10  12  13  14  -6.06098539268E-02
        60   1   2   3   4   5  10  11  12  13  14   1.07463872515E-04
        61   1   2   3   4   6   7   8   9  10  11  -1.04292401094E-01
        62   1   2   3   4   6   7   8   9  10  13   8.42294078173E-02
        63   1   2   3   4   6   7   8   9  11  12  -7.17427689621E-05
        64   1   2   3   4   6   7   8   9  11  14  -6.81362856966E-04
        65   1   2   3   4   6   7   8   9  12  13   1.87986055958E-05
        66   1   2   3   4   6   7   8   9  13  14  -8.19868414745E-04
        67   1   2   3   4   6   7   8  10  11  13  -1.11762760259E-25
        68   1   2   3   4   6   7   8  11  12  13   6.90718374395E-29
        69   1   2   3   4   6   7   8  11  13  14  -2.13020712740E-09
        70   1   2   3   4   6   7   9  10  11  12   6.74171403747E-03
        71   1   2   3   4   6   7   9  10  11  14   9.32980719148E-03
        72   1   2   3   4   6   7   9  10  12  13  -1.31564813038E-02
        73   1   2   3   4   6   7   9  10  13  14   9.64756685247E-03
        74   1   2   3   4   6   7   9  11  12  14  -4.08900813076E-46
        75   1   2   3   4   6   7   9  12  13  14   2.05326941199E-46
        76   1   2   3   4   6   7  10  11  12  13   9.64824884522E-28
        77   1   2   3   4   6   7  10  11  13  14  -8.26531563050E-28
        78   1   2   3   4   6   7  11  12  13  14   2.99149100812E-76
        79   1   2   3   4   6   8   9  10  11  13  -1.28314562401E-02
        80   1   2   3   4   6   8   9  11  12  13   9.55162342604E-06
        81   1   2   3   4   6   8   9  11  13  14  -1.39962041967E-04
        82   1   2   3   4   6   9  10  11  12  13  -6.93312530976E-02
        83   1   2   3   4   6   9  10  11  13  14   6.06098539268E-02
        84   1   2   3   4   6   9  11  12  13  14  -1.07463872515E-04
        85   1   2   3   4   7   8   9  10  11  12  -1.52399309723E-02
        86   1   2   3   4   7   8   9  10  11  14  -4.53861737856E-04
        87   1   2   3   4   7   8   9  10  12  13   4.53861737856E-04
        88   1   2   3   4   7   8   9  10  13  14  -9.20410150083E-04
        89   1   2   3   4   7   8   9  11  12  14   4.35822642621E-04
        90   1   2   3   4   7   8   9  12  13  14  -3.43123346926E-05
        91   1   2   3   4   7   8  10  11  12  13  -4.35822642621E-04
        92   1   2   3   4   7   8  10  11  13  14   3.43123346926E-05
        93   1   2   3   4   7   8  11  12  13  14  -6.73085187636E-30
        94   1   2   3   4   7   9  10  11  12  14   9.72443474622E-03
        95   1   2   3   4   7   9  10  12  13  14  -2.41489472199E-04
        96   1   2   3   4   7  10  11  12  13  14   1.86395576569E-05
        97   1   2   3   4   8   9  10  11  12  13  -9.72443474622E-03
        98   1   2   3   4   8   9  10  11  13  14   2.41489472199E-04
        99   1   2   3   4   8   9  11  12  13  14  -1.86395576569E-05
       100   1   2   3   4   9  10  11  12  13  14  -8.28985449422E-03
       101   1   2   3   5   6   7   8   9  10  12  -5.09973681608E-01
       102   1   2   3   5   6   7   8   9  10  14  -7.02605605013E-01
       103   1   2   3   5   6   7   8   9  12  14  -1.08093258787E-02
       104   1   2   3   5   6   7   8  10  11  12   2.11300202149E-03
       105   1   2   3   5   6   7   8  10  11  14   7.22932985365E-04
       106   1   2   3   5   6   7   8  10  12  13   1.02144456928E-02
       107   1   2   3   5   6   7   8  10  13  14  -1.65894330715E-02
       108   1   2   3   5   6   7   8  11  12  14   6.85516496704E-57
       109   1   2   3   5   6   7   8  12  13  14  -1.22235227870E-36
       110   1   2   3   5   6   7   9  10  12  14   9.05160193744E-02
       111   1   2   3   5   6   7  10  11  12  14  -6.97150860086E-06
       112   1   2   3   5   6   7  10  12  13  14  -1.06935626855E-03
       113   1   2   3   5   6   8   9  10  11  12  -2.42852228148E-01
       114   1   2   3   5   6   8   9  10  11  14  -3.36984542841E-01
       115   1   2   3   5   6   8   9  10  12  13   2.48900567548E-01
       116   1   2   3   5   6   8   9  10  13  14  -3.31057638347E-01
       117   1   2   3   5   6   8   9  11  12  14   1.44999358019E-04
       118   1   2   3   5   6   8   9  12  13  14   3.92550719639E-05
       119   1   2   3   5   6   8  10  11  12  13  -2.66308202847E-44
       120   1   2   3   5   6   8  10  11  13  14   4.36661586769E-44
       121   1   2   3   5   6   8  11  12  13  14   5.21933904475E-102
       122   1   2   3   5   6   9  10  11  12  14   7.77592465486E-21
       123   1   2   3   5   6   9  10  12  13  14   5.08764356199E-20
       124   1   2   3   5   6  10  11  12  13  14  -9.66986957295E-22
       125   1   2   3   5   7   8   9  10  12  14  -2.43064874494E-01
       126   1   2   3   5   7   8  10  11  12  14  -6.31826953436E-06
       127   1   2   3   5   7   8  10  12  13  14   3.60550335147E-04
       128   1   2   3   5   8   9  10  11  12  14  -1.92965727226E-03
       129   1   2   3   5   8   9  10  12  13  14  -5.43758916592E-03
       130   1   2   3   5   8  10  11  12  13  14   3.75012068744E-46
       131   1   2   3   6   7   8   9  10  11  12   1.13499253681E-01
       132   1   2   3   6   7   8   9  10  11  14   1.54296579614E-01
       133   1   2   3   6   7   8   9  10  12  13   8.86521989575E-02
       134   1   2   3   6   7   8   9  10  13  14  -1.21562770968E-01
       135   1   2   3   6   7   8   9  11  12  14   8.68639103600E-05
       136   1   2   3   6   7   8   9  12  13  14  -1.30748892814E-04
       137   1   2   3   6   7   8  10  11  12  13  -8.08512766452E-26
       138   1   2   3   6   7   8  10  11  13  14   1.31132401312E-25
       139   1   2   3   6   7   8  11  12  13  14  -2.18363885327E-61
       140   1   2   3   6   7   9  10  11  12  14   2.05427508506E-03
       141   1   2   3   6   7   9  10  12  13  14   9.68581955625E-03
       142   1   2   3   6   7  10  11  12  13  14  -5.66942518419E-28
       143   1   2   3   6   8   9  10  11  12  13   2.54381119265E-03
       144   1   2   3   6   8   9  10  11  13  14  -1.04607550078E-02
       145   1   2   3   6   8   9  11  12  13  14  -1.05353071148E-04
       146   1   2   3   6   9  10  11  12  13  14  -1.38159518607E-20
       147   1   2   3   7   8   9  10  11  12  14   2.19269447074E-02
       148   1   2   3   7   8   9  10  12  13  14  -1.30516569817E-03
       149   1   2   3   7   8  10  11  12  13  14   1.11340125353E-03
       150   1   2   3   8   9  10  11  12  13  14   4.87645396876E-02
       151   1   2   4   5   6   7   8   9  10  11   5.09973681608E-01
       152   1   2   4   5   6   7   8   9  10  13   7.02605605013E-01
       153   1   2   4   5   6   7   8   9  11  12  -2.11300202149E-03
       154   1   2   4   5   6   7   8   9  11  14   1.02144456928E-02
       155   1   2   4   5   6   7   8   9  12  13   7.22932985365E-04
       156   1   2   4   5   6   7   8   9  13  14   1.65894330715E-02
       157   1   2   4   5   6   7   8  10  11  13  -1.08093258787E-02
       158   1   2   4   5   6   7   8  11  12  13  -6.85516496704E-57
       159   1   2   4   5   6   7   8  11  13  14   1.22235227870E-36
       160   1   2   4   5   6   7   9  10  11  12   2.42852228148E-01
       161   1   2   4   5   6   7   9  10  11  14   2.48900567548E-01
       162   1   2   4   5   6   7   9  10  12  13  -3.36984542841E-01
       163   1   2   4   5   6   7   9  10  13  14   3.31057638347E-01
       164   1   2   4   5   6   7   9  11  12  14  -2.66308202847E-44
       165   1   2   4   5   6   7   9  12  13  14   4.36661586769E-44
       166   1   2   4   5   6   7  10  11  12  13   1.44999358019E-04
       167   1   2   4   5   6   7  10  11  13  14   3.92550719639E-05
       168   1   2   4   5   6   7  11  12  13  14  -5.21933904475E-102
       169   1   2   4   5   6   8   9  10  11  13   9.05160193744E-02
       170   1   2   4   5   6   8   9  11  12  13  -6.97150860086E-06
       171   1   2   4   5   6   8   9  11  13  14  -1.06935626855E-03
       172   1   2   4   5   6   9  10  11  12  13  -7.77592465486E-21
       173   1   2   4   5   6   9  10  11  13  14  -5.08764356199E-20
       174   1   2   4   5   6   9  11  12  13  14   9.66986957295E-22
       175   1   2   4   5   7   8   9  10  11  12  -1.13499253681E-01
       176   1   2   4   5   7   8   9  10  11  14   8.86521989575E-02
       177   1   2   4   5   7   8   9  10  12  13   1.54296579614E-01
       178   1   2   4   5   7   8   9  10  13  14   1.21562770968E-01
       179   1   2   4   5   7   8   9  11  12  14  -8.08512766452E-26
       180   1   2   4   5   7   8   9  12  13  14   1.31132401312E-25
       181   1   2   4   5   7   8  10  11  12  13   8.68639103600E-05
       182   1   2   4   5   7   8  10  11  13  14  -1.30748892814E-04
       183   1   2   4   5   7   8  11  12  13  14   2.18363885327E-61
       184   1   2   4   5   7   9  10  11  12  14   2.54381119265E-03
       185   1   2   4   5   7   9  10  12  13  14  -1.04607550078E-02
       186   1   2   4   5   7  10  11  12  13  14  -1.05353071148E-04
       187   1   2   4   5   8   9  10  11  12  13   2.05427508506E-03
       188   1   2   4   5   8   9  10  11  13  14   9.68581955625E-03
       189   1   2   4   5   8   9  11  12  13  14  -5.66942518419E-28
       190   1   2   4   5   9  10  11  12  13  14   1.38159518607E-20
       191   1   2   4   6   7   8   9  10  11  13  -2.43064874494E-01
       192   1   2   4   6   7   8   9  11  12  13  -6.31826953436E-06
       193   1   2   4   6   7   8   9  11  13  14   3.60550335147E-04
       194   1   2   4   6   7   9  10  11  12  13  -1.92965727226E-03
       195   1   2   4   6   7   9  10  11  13  14  -5.43758916592E-03
       196   1   2   4   6   7   9  11  12  13  14   3.75012068744E-46
       197   1   2   4   7   8   9  10  11  12  13  -2.19269447074E-02
       198   1   2   4   7   8   9  10  11  13  14   1.30516569817E-03
       199   1   2   4   7   8   9  11  12  13  14  -1.11340125353E-03
       200   1   2   4   7   9  10  11  12  13  14  -4.87645396876E-02
       201   1   2   5   6   7   8   9  10  11  12   4.76200944046E-01
       202   1   2   5   6   7   8   9  10  11  14   7.07666460267E-01
       203   1   2   5   6   7   8   9  10  12  13  -7.07666460267E-01
       204   1   2   5   6   7   8   9  10  13  14   9.66203276083E-01
       205   1   2   5   6   7   8   9  11  12  14  -7.69057220175E-03
       206   1   2   5   6   7   8   9  12  13  14   1.29821402675E-02
       207   1   2   5   6   7   8  10  11  12  13   7.69057220175E-03
       208   1   2   5   6   7   8  10  11  13  14  -1.29821402675E-02
       209   1   2   5   6   7   8  11  12  13  14   5.12716962595E-57
       210   1   2   5   6   7   9  10  11  12  14   9.04389119552E-02
       211   1   2   5   6   7   9  10  12  13  14  -1.23468419943E-01
       212   1   2   5   6   7  10  11  12  13  14   2.68094218012E-04
       213   1   2   5   6   8   9  10  11  12  13  -9.04389119552E-02
       214   1   2   5   6   8   9  10  11  13  14   1.23468419943E-01
       215   1   2   5   6   8   9  11  12  13  14  -2.68094218012E-04
       216   1   2   5   6   9  10  11  12  13  14  -5.64132362546E-20
       217   1   2   5   7   8   9  10  11  12  14  -2.44266778941E-01
       218   1   2   5   7   8   9  10  12  13  14   3.41477921126E-01
       219   1   2   5   7   8  10  11  12  13  14   2.83973799578E-05
       220   1   2   5   8   9  10  11  12  13  14   1.15468551614E-02
       221   1   2   6   7   8   9  10  11  12  13   2.44266778941E-01
       222   1   2   6   7   8   9  10  11  13  14  -3.41477921126E-01
       223   1   2   6   7   8   9  11  12  13  14  -2.83973799578E-05
       224   1   2   6   7   9  10  11  12  13  14  -1.15468551614E-02
       225   1   2   7   8   9  10  11  12  13  14  -3.88389188784E-02
       226   1   3   4   5   6   7   8   9  10  12   7.09493067946E-01
       227   1   3   4   5   6   7   8   9  10  14   4.65077948725E-01
       228   1   3   4   5   6   7   8   9  12  14   1.72011264290E-02
       229   1   3   4   5   6   7   8  10  11  12  -3.68379905278E-03
       230   1   3   4   5   6   7   8  10  11  14  -5.90327625524E-04
       231   1   3   4   5   6   7   8  10  12  13  -1.78857309892E-02
       232   1   3   4   5   6   7   8  10  13  14   1.34261454470E-02
       233   1   3   4   5   6   7   8  11  12  14   1.35430851754E-22
       234   1   3   4   5   6   7   8  12  13  14  -9.27046492700E-04
       235   1   3   4   5   6   7   9  10  12  14   1.09943184129E-01
       236   1   3   4   5   6   7  10  11  12  14   1.49970754433E-05
       237   1   3   4   5   6   7  10  12  13  14  -2.46753383324E-04
       238   1   3   4   5   6   8   9  10  11  12   3.48022130620E-01
       239   1   3   4   5   6   8   9  10  11  14   2.26590355289E-01
       240   1   3   4   5   6   8   9  10  12  13  -3.35508765020E-01
       241   1   3   4   5   6   8   9  10  13  14   2.08880651414E-01
       242   1   3   4   5   6   8   9  11  12  14  -5.65749151687E-04
       243   1   3   4   5   6   8   9  12  13  14   2.43768630204E-04
       244   1   3   4   5   6   8  10  11  12  13   4.31223710358E-44
       245   1   3   4   5   6   8  10  11  13  14  -3.23952264009E-44
       246   1   3   4   5   6   8  11  12  13  14  -1.60394252803E-68
       247   1   3   4   5   6   9  10  11  12  14   9.09154758896E-03
       248   1   3   4   5   6   9  10  12  13  14  -3.50265173689E-02
       249   1   3   4   5   6  10  11  12  13  14   1.58238035447E-03
       250   1   3   4   5   7   8   9  10  12  14   2.28393888314E-01
       251   1   3   4   5   7   8  10  11  12  14  -5.01046099763E-06
       252   1   3   4   5   7   8  10  12  13  14   1.48674301594E-04
       253   1   3   4   5   8   9  10  11  12  14   1.03877204445E-02
       254   1   3   4   5   8   9  10  12  13  14  -2.40000316426E-03
       255   1   3   4   5   8  10  11  12  13  14  -2.19760571879E-46
       256   1   3   4   6   7   8   9  10  11  12  -1.60590179120E-01
       257   1   3   4   6   7   8   9  10  11  14  -1.02335864095E-01
       258   1   3   4   6   7   8   9  10  12  13  -1.27807470798E-01
       259   1   3   4   6   7   8   9  10  13  14   8.10757838008E-02
       260   1   3   4   6   7   8   9  11  12  14   3.03162512107E-05
       261   1   3   4   6   7   8   9  12  13  14  -7.86408219648E-06
       262   1   3   4   6   7   8  10  11  12  13   1.47896116648E-25
       263   1   3   4   6   7   8  10  11  13  14  -1.09460053021E-25
       264   1   3   4   6   7   8  11  12  13  14   1.62746476146E-28
       265   1   3   4   6   7   9  10  11  12  14  -7.26203023829E-03
       266   1   3   4   6   7   9  10  12  13  14   2.32325056554E-03
       267   1   3   4   6   7  10  11  12  13  14  -1.77555738635E-28
       268   1   3   4   6   8   9  10  11  12  13   2.82940027638E-02
       269   1   3   4   6   8   9  10  11  13  14  -1.42935461325E-02
       270   1   3   4   6   8   9  11  12  13  14   1.13197003920E-04
       271   1   3   4   6   9  10  11  12  13  14   2.21011881592E-02
       272   1   3   4   7   8   9  10  11  12  14   4.95301912670E-04
       273   1   3   4   7   8   9  10  12  13  14  -5.47129785694E-04
       274   1   3   4   7   8  10  11  12  13  14   1.59815568215E-04
       275   1   3   4   8   9  10  11  12  13  14  -5.28160173513E-02
       276   1   3   5   6   7   8   9  10  12  14   5.07966823266E-01
       277   1   3   5   6   7   8  10  11  12  14  -4.35709310728E-04
       278   1   3   5   6   7   8  10  12  13  14  -1.01325450725E-02
       279   1   3   5   6   8   9  10  11  12  14   2.39225066991E-01
       280   1   3   5   6   8   9  10  12  13  14  -2.32706926537E-01
       281   1   3   5   6   8  10  11  12  13  14   2.57324375979E-44
       282   1   3   6   7   8   9  10  11  12  14  -1.13358710865E-01
       283   1   3   6   7   8   9  10  12  13  14  -8.88146143312E-02
       284   1   3   6   7   8  10  11  12  13  14   8.25882640943E-26
       285   1   3   6   8   9  10  11  12  13  14  -3.82150079698E-03
       286   1   4   5   6   7   8   9  10  11  12   7.18155464812E-01
       287   1   4   5   6   7   8   9  10  11  14   4.96942309696E-01
       288   1   4   5   6   7   8   9  10  12  13  -1.00000000000E+00
       289   1   4   5   6   7   8   9  10  13  14   6.44868578028E-01
       290   1   4   5   6   7   8   9  11  12  14  -1.22171905049E-02
       291   1   4   5   6   7   8   9  12  13  14   1.94050948201E-02
       292   1   4   5   6   7   8  10  11  12  13   1.28689268890E-02
       293   1   4   5   6   7   8  10  11  13  14  -1.01160836329E-02
       294   1   4   5   6   7   8  11  12  13  14   6.82813755011E-55
       295   1   4   5   6   7   9  10  11  12  14  -1.14178153091E-01
       296   1   4   5   6   7   9  10  12  13  14   1.51364885800E-01
       297   1   4   5   6   7  10  11  12  13  14   1.49953493136E-04
       298   1   4   5   6   8   9  10  11  12  13  -1.27337093811E-01
       299   1   4   5   6   8   9  10  11  13  14   8.22694616340E-02
       300   1   4   5   6   8   9  11  12  13  14  -5.54322341166E-04
       301   1   4   5   6   9  10  11  12  13  14  -2.87271302686E-20
       302   1   4   5   7   8   9  10  11  12  14  -2.40828015447E-01
       303   1   4   5   7   8   9  10  12  13  14   3.16846228913E-01
       304   1   4   5   7   8  10  11  12  13  14  -4.44258255069E-05
       305   1   4   5   8   9  10  11  12  13  14   1.44875082359E-02
       306   1   4   6   7   8   9  10  11  12  13   3.53806410308E-01
       307   1   4   6   7   8   9  10  11  13  14  -2.30193115453E-01
       308   1   4   6   7   8   9  11  12  13  14   3.53476864351E-05
       309   1   4   6   7   9  10  11  12  13  14  -8.28669993349E-03
       310   1   4   7   8   9  10  11  12  13  14  -2.06937121912E-02
       311   1   5   6   7   8   9  10  11  12  14  -4.84596774218E-01
       312   1   5   6   7   8   9  10  12  13  14   6.63437563493E-01
       313   1   5   6   7   8  10  11  12  13  14  -7.43636019139E-03
       314   1   5   6   8   9  10  11  12  13  14   8.22527991276E-02
       315   1   6   7   8   9  10  11  12  13  14  -2.39299322500E-01
       316   2   3   4   5   6   7   8   9  10  11  -7.09493067946E-01
       317   2   3   4   5   6   7   8   9  10  13  -4.65077948725E-01
       318   2   3   4   5   6   7   8   9  11  12   3.68379905278E-03
       319   2   3   4   5   6   7   8   9  11  14  -1.78857309892E-02
       320   2   3   4   5   6   7   8   9  12  13  -5.90327625524E-04
       321   2   3   4   5   6   7   8   9  13  14  -1.34261454470E-02
       322   2   3   4   5   6   7   8  10  11  13   1.72011264290E-02
       323   2   3   4   5   6   7   8  11  12  13  -1.35430851754E-22
       324   2   3   4   5   6   7   8  11  13  14   9.27046492700E-04
       325   2   3   4   5   6   7   9  10  11  12  -3.48022130620E-01
       326   2   3   4   5   6   7   9  10  11  14  -3.35508765020E-01
       327   2   3   4   5   6   7   9  10  12  13   2.26590355289E-01
       328   2   3   4   5   6   7   9  10  13  14  -2.08880651414E-01
       329   2   3   4   5   6   7   9  11  12  14   4.31223710358E-44
       330   2   3   4   5   6   7   9  12  13  14  -3.23952264009E-44
       331   2   3   4   5   6   7  10  11  12  13  -5.65749151687E-04
       332   2   3   4   5   6   7  10  11  13  14   2.43768630204E-04
       333   2   3   4   5   6   7  11  12  13  14   1.60394252803E-68
       334   2   3   4   5   6   8   9  10  11  13   1.09943184129E-01
       335   2   3   4   5   6   8   9  11  12  13   1.49970754433E-05
       336   2   3   4   5   6   8   9  11  13  14  -2.46753383324E-04
       337   2   3   4   5   6   9  10  11  12  13  -9.09154758896E-03
       338   2   3   4   5   6   9  10  11  13  14   3.50265173689E-02
       339   2   3   4   5   6   9  11  12  13  14  -1.58238035447E-03
       340   2   3   4   5   7   8   9  10  11  12   1.60590179120E-01
       341   2   3   4   5   7   8   9  10  11  14  -1.27807470798E-01
       342   2   3   4   5   7   8   9  10  12  13  -1.02335864095E-01
       343   2   3   4   5   7   8   9  10  13  14  -8.10757838008E-02
       344   2   3   4   5   7   8   9  11  12  14   1.47896116648E-25
       345   2   3   4   5   7   8   9  12  13  14  -1.09460053021E-25
       346   2   3   4   5   7   8  10  11  12  13   3.03162512107E-05
       347   2   3   4   5   7   8  10  11  13  14  -7.86408219648E-06
       348   2   3   4   5   7   8  11  12  13  14  -1.62746476146E-28
       349   2   3   4   5   7   9  10  11  12  14   2.82940027638E-02
       350   2   3   4   5   7   9  10  12  13  14  -1.42935461325E-02
       351   2   3   4   5   7  10  11  12  13  14   1.13197003920E-04
       352   2   3   4   5   8   9  10  11  12  13  -7.26203023829E-03
       353   2   3   4   5   8   9  10  11  13  14   2.32325056554E-03
       354   2   3   4   5   8   9  11  12  13  14  -1.77555738635E-28
       355   2   3   4   5   9  10  11  12  13  14  -2.21011881592E-02
       356   2   3   4   6   7   8   9  10  11  13   2.28393888314E-01
       357   2   3   4   6   7   8   9  11  12  13  -5.01046099763E-06
       358   2   3   4   6   7   8   9  11  13  14   1.48674301594E-04
       359   2   3   4   6   7   9  10  11  12  13   1.03877204445E-02
       360   2   3   4   6   7   9  10  11  13  14  -2.40000316426E-03
       361   2   3   4   6   7   9  11  12  13  14  -2.19760571879E-46
       362   2   3   4   7   8   9  10  11  12  13  -4.95301912670E-04
       363   2   3   4   7   8   9  10  11  13  14   5.47129785694E-04
       364   2   3   4   7   8   9  11  12  13  14  -1.59815568215E-04
       365   2   3   4   7   9  10  11  12  13  14   5.28160173513E-02
       366   2   3   5   6   7   8   9  10  11  12  -7.18155464812E-01
       367   2   3   5   6   7   8   9  10  11  14  -1.00000000000E+00
       368   2   3   5   6   7   8   9  10  12  13   4.96942309696E-01
       369   2   3   5   6   7   8   9  10  13  14  -6.44868578028E-01
       370   2   3   5   6   7   8   9  11  12  14   1.28689268890E-02
       371   2   3   5   6   7   8   9  12  13  14  -1.01160836329E-02
       372   2   3   5   6   7   8  10  11  12  13  -1.22171905049E-02
       373   2   3   5   6   7   8  10  11  13  14   1.94050948201E-02
       374   2   3   5   6   7   8  11  12  13  14  -6.82813755011E-55
       375   2   3   5   6   7   9  10  11  12  14  -1.27337093811E-01
       376   2   3   5   6   7   9  10  12  13  14   8.22694616340E-02
       377   2   3   5   6   7  10  11  12  13  14  -5.54322341166E-04
       378   2   3   5   6   8   9  10  11  12  13  -1.14178153091E-01
       379   2   3   5   6   8   9  10  11  13  14   1.51364885800E-01
       380   2   3   5   6   8   9  11  12  13  14   1.49953493136E-04
       381   2   3   5   6   9  10  11  12  13  14   2.87271302686E-20
       382   2   3   5   7   8   9  10  11  12  14   3.53806410308E-01
       383   2   3   5   7   8   9  10  12  13  14  -2.30193115453E-01
       384   2   3   5   7   8  10  11  12  13  14   3.53476864351E-05
       385   2   3   5   8   9  10  11  12  13  14  -8.28669993349E-03
       386   2   3   6   7   8   9  10  11  12  13  -2.40828015447E-01
       387   2   3   6   7   8   9  10  11  13  14   3.16846228913E-01
       388   2   3   6   7   8   9  11  12  13  14  -4.44258255069E-05
       389   2   3   6   7   9  10  11  12  13  14   1.44875082359E-02
       390   2   3   7   8   9  10  11  12  13  14   2.06937121912E-02
       391   2   4   5   6   7   8   9  10  11  13   5.07966823266E-01
       392   2   4   5   6   7   8   9  11  12  13  -4.35709310728E-04
       393   2   4   5   6   7   8   9  11  13  14  -1.01325450725E-02
       394   2   4   5   6   7   9  10  11  12  13   2.39225066991E-01
       395   2   4   5   6   7   9  10  11  13  14  -2.32706926537E-01
       396   2   4   5   6   7   9  11  12  13  14   2.57324375979E-44
       397   2   4   5   7   8   9  10  11  12  13  -1.13358710865E-01
       398   2   4   5   7   8   9  10  11  13  14  -8.88146143312E-02
       399   2   4   5   7   8   9  11  12  13  14   8.25882640943E-26
       400   2   4   5   7   9  10  11  12  13  14  -3.82150079698E-03
       401   2   5   6   7   8   9  10  11  12  13   4.84596774218E-01
       402   2   5   6   7   8   9  10  11  13  14  -6.63437563493E-01
       403   2   5   6   7   8   9  11  12  13  14   7.43636019139E-03
       404   2   5   6   7   9  10  11  12  13  14  -8.22527991276E-02
       405   2   5   7   8   9  10  11  12  13  14   2.39299322500E-01
       406   3   4   5   6   7   8   9  10  11  12   1.01138499132E+00
       407   3   4   5   6   7   8   9  10  11  14   6.64821593865E-01
       408   3   4   5   6   7   8   9  10  12  13  -6.64821593865E-01
       409   3   4   5   6   7   8   9  10  13  14   4.00472651302E-01
       410   3   4   5   6   7   8   9  11  12  14  -2.07197206286E-02
       411   3   4   5   6   7   8   9  12  13  14   1.54645996835E-02
       412   3   4   5   6   7   8  10  11  12  13   2.07197206286E-02
       413   3   4   5   6   7   8  10  11  13  14  -1.54645996835E-02
       414   3   4   5   6   7   8  11  12  13  14   7.64034777923E-23
       415   3   4   5   6   7   9  10  11  12  14  -1.59951046042E-01
       416   3   4   5   6   7   9  10  12  13  14   9.95205218248E-02
       417   3   4   5   6   7  10  11  12  13  14   1.54474421610E-04
       418   3   4   5   6   8   9  10  11  12  13   1.59951046042E-01
       419   3   4   5   6   8   9  10  11  13  14  -9.95205218248E-02
       420   3   4   5   6   8   9  11  12  13  14  -1.54474421610E-04
       421   3   4   5   6   9  10  11  12  13  14  -2.85631145352E-02
       422   3   4   5   7   8   9  10  11  12  14  -3.35519668234E-01
       423   3   4   5   7   8   9  10  12  13  14   2.07228404321E-01
       424   3   4   5   7   8  10  11  12  13  14  -2.30661816971E-05
       425   3   4   5   8   9  10  11  12  13  14   4.56756482389E-03
       426   3   4   6   7   8   9  10  11  12  13   3.35519668234E-01
       427   3   4   6   7   8   9  10  11  13  14  -2.07228404321E-01
       428   3   4   6   7   8   9  11  12  13  14   2.30661816971E-05
       429   3   4   6   7   9  10  11  12  13  14  -4.56756482389E-03
       430   3   4   7   8   9  10  11  12  13  14  -1.92867303650E-02
       431   3   5   6   7   8   9  10  11  12  14  -6.84265635381E-01
       432   3   5   6   7   8   9  10  12  13  14   4.47715400355E-01
       433   3   5   6   7   8  10  11  12  13  14  -1.12933982214E-02
       434   3   5   6   8   9  10  11  12  13  14  -1.06548259998E-01
       435   3   6   7   8   9  10  11  12  13  14  -2.25096221442E-01
       436   4   5   6   7   8   9  10  11  12  13   6.84265635381E-01
       437   4   5   6   7   8   9  10  11  13  14  -4.47715400355E-01
       438   4   5   6   7   8   9  11  12  13  14   1.12933982214E-02
       439   4   5   6   7   9  10  11  12  13  14   1.06548259998E-01
       440   4   5   7   8   9  10  11  12  13  14   2.25096221442E-01
       441   5   6   7   8   9  10  11  12  13  14   4.26154525557E-01
