-3.584310153585580361e-01 2.544528241447716055e-01 1.799698241887527916e-01 2.736395586410155789e-01 -1.807112839928577963e-01 3.889052423588256757e-01 -1.124073293958284814e-01 -1.071431554423793175e-01 -3.808218465756069704e-01 -1.844084415526246745e-01 2.786725967835295692e-01 -1.658379817346542773e-01 -2.689203441360761282e-01 3.674013427658360809e-01
-1.685221587472725824e-01 3.127081751784197006e-01 -3.831711134034946342e-01 -1.315468842557794560e-01 2.340718791430552725e-01 -3.142407224308909619e-01 -2.410239949399384241e-01 2.435550324763498531e-01 -3.235439168667634258e-01 -2.312279509653142606e-01 1.243427754365436372e-01 -3.894087173304382477e-01 3.008815206827020750e-01 -1.515377912898654977e-01
1.685221574011019074e-01 3.127081741913366741e-01 3.831711141283391520e-01 1.315468829098176695e-01 2.340718774953978454e-01 -3.142407241264880691e-01 2.410239941035966504e-01 -2.435550333527556621e-01 -3.235439172610103387e-01 -2.312279511417355549e-01 -1.243427753092602450e-01 3.894087177074607720e-01 3.008815206589613434e-01 1.515377911817811230e-01
-3.071932386112785629e-01 -1.524541469246217939e-09 2.645055887983822629e-01 -3.998609770866085045e-01 2.477200815348016078e-09 -2.754795300672036468e-09 4.230090265811161099e-01 4.116940328858834652e-01 6.269254099819558512e-09 1.408403020907562330e-09 -4.076482939782762327e-01 -2.492240642938364781e-01 4.190243328423652602e-09 3.147410484188439272e-01
2.143446958030950089e-01 2.957488074818393486e-01 1.892330772394789640e-01 -2.790562827011757174e-01 -4.031795984052559678e-01 -2.341157849458246759e-03 -2.996726650629164546e-01 3.073358090135847043e-01 -1.714800895933393798e-02 4.031465753919936668e-01 2.716466335936780774e-01 1.995051314585911117e-01 2.952154432048734178e-01 2.062076335882908340e-01
-3.584310077943391737e-01 2.544528244700404729e-01 1.799698191527640823e-01 -2.736395616063235225e-01 1.807112861987222874e-01 3.889052428960288466e-01 1.124073330068757065e-01 -1.071431584810709908e-01 3.808218507155892163e-01 -1.844084415053009185e-01 2.786725971352850828e-01 1.658379798124550997e-01 2.689203471021747172e-01 -3.674013406961453843e-01
-3.071932425638950748e-01 -1.814223277985808692e-09 2.645055925068947600e-01 3.998609726165106570e-01 -8.678220234003945456e-10 -3.129156491407426156e-09 -4.230090297019801771e-01 4.116940334691153724e-01 -8.020192541535266174e-10 1.780849210338512606e-09 -4.076482864066534040e-01 2.492240683929764500e-01 -4.274872049229994087e-10 -3.147410487269267643e-01
2.143446950431821818e-01 -2.957488087563899248e-01 1.892330784076611816e-01 2.790562786407853046e-01 -4.031795965048657338e-01 2.341155471384935138e-03 2.996726661860654173e-01 3.073358129105500103e-01 -1.714800942548714083e-02 -4.031465751225594696e-01 2.716466308898657367e-01 -1.995051327588919787e-01 2.952154444359575414e-01 -2.062076343046816418e-01
3.584310087098687148e-01 2.544528237204033427e-01 -1.799698189628300415e-01 -2.736395624923337322e-01 -1.807112840411763122e-01 3.889052418822881996e-01 1.124073341774753099e-01 1.071431613504414126e-01 -3.808218494754920247e-01 -1.844084405715251673e-01 -2.786725998589936748e-01 1.658379809905977942e-01 -2.689203453037058988e-01 -3.674013411674149077e-01
2.143446941612487666e-01 2.957488077343717325e-01 1.892330792856104227e-01 2.790562785208478003e-01 4.031795962877964268e-01 -2.341158198761694471e-03 2.996726666885835000e-01 3.073358127601892864e-01 1.714800674335808725e-02 4.031465769622659678e-01 2.716466318345934217e-01 -1.995051308817964164e-01 -2.952154439830614319e-01 -2.062076337773740276e-01
-3.584310149368569176e-01 -2.544528257461166065e-01 1.799698187606557087e-01 -2.736395681424091952e-01 -1.807112830458190156e-01 -3.889052401122023994e-01 1.124073366433023941e-01 -1.071431620484253056e-01 -3.808218441360856077e-01 1.844084389873459628e-01 2.786725994975797760e-01 1.658379780547591109e-01 -2.689203438999214768e-01 -3.674013399420742454e-01
1.685221587586181180e-01 3.127081749720621584e-01 3.831711129536247151e-01 -1.315468835001296910e-01 -2.340718781153662553e-01 -3.142407219808689978e-01 -2.410239940744310083e-01 -2.435550326136041166e-01 3.235439163478222580e-01 -2.312279517576300847e-01 -1.243427762235813361e-01 -3.894087175366304776e-01 -3.008815221075491486e-01 -1.515377930674755569e-01
-1.685221582676449670e-01 3.127081748688301799e-01 -3.831711136347699664e-01 1.315468837418983239e-01 -2.340718786411151164e-01 -3.142407227208183218e-01 2.410239947827134688e-01 2.435550328454474667e-01 3.235439167421764739e-01 -2.312279519757739765e-01 1.243427764491903120e-01 3.894087169708821961e-01 -3.008815204568092705e-01 1.515377914200818910e-01
-2.143446969503876864e-01 2.957488085128866517e-01 -1.892330770341165702e-01 2.790562809735144811e-01 -4.031795970439495114e-01 -2.341156175567349340e-03 2.996726648218761557e-01 -3.073358105892762260e-01 -1.714800865170325317e-02 4.031465752259960622e-01 -2.716466325183983788e-01 -1.995051313689273353e-01 2.952154439995263169e-01 -2.062076348416514437e-01
