NDET 441
NORB 14
NEL  10

01101111111001    0    4    22.87522       0.228169981437200  Y  -1.65135912E+03       0
10011111110110    4    4    22.87522       0.228169981437200  Y  -1.65135912E+03       0
00111111111100    2    0   -22.85304       0.227948690912224  Y  -1.65139879E+03       0
11001111110011    2    0   -22.08455       0.220283406130196  Y  -1.65121242E+03       0
01101111111100    1    2    16.39177       0.163500502225150  Y  -1.65165512E+03       0
10011111111100    3    2   -16.39177       0.163500502225150  Y  -1.65165512E+03       0
10111111110100    3    2   -16.22565       0.161843502546706  Y  -1.65150696E+03       0
01111111111000    1    2    16.22565       0.161843502546705  Y  -1.65150696E+03       0
11001111110110    3    2    16.10510       0.160641085794518  Y  -1.65155944E+03       0
11001111111001    1    2   -16.10510       0.160641085794518  Y  -1.65155944E+03       0
11011111110010    3    2   -15.94642       0.159058316174100  Y  -1.65140346E+03       0
11101111110001    1    2    15.94642       0.159058316174100  Y  -1.65140346E+03       0
00011111111110    3    2   -15.38762       0.153484566295726  Y  -1.65119690E+03       0
00101111111101    1    2    15.38762       0.153484566295726  Y  -1.65119690E+03       0
01001111111011    1    2    15.12906       0.150905562334246  Y  -1.65111403E+03       0
10001111110111    3    2   -15.12906       0.150905562334245  Y  -1.65111403E+03       0
00111111110110    3    2    14.97961       0.149414776386571  Y  -1.65104784E+03       0
00111111111001    1    2   -14.97961       0.149414776386571  Y  -1.65104784E+03       0
01101111110011    1    2    14.72149       0.146840226499638  Y  -1.65095716E+03       0
10011111110011    3    2   -14.72149       0.146840226499638  Y  -1.65095716E+03       0
11101111110100    2    2    11.61246       0.115828978916306  Y  -1.65173002E+03       0
11011111111000    2    2   -11.61246       0.115828978916306  Y  -1.65173002E+03       0
10101111110101    2    4   -11.53236       0.115030033338442  Y  -1.65136056E+03       0
01011111111010    2    4   -11.53236       0.115030033338442  Y  -1.65136056E+03       0
10011111111001    2    4   -11.34287       0.113139948010913  Y  -1.65135989E+03       0
01101111110110    2    4   -11.34287       0.113139948010913  Y  -1.65135989E+03       0
10001111111101    2    2    11.02112       0.109930723376631  Y  -1.65143049E+03       0
01001111111110    2    2   -11.02112       0.109930723376631  Y  -1.65143049E+03       0
11001111111100    2    0   -10.71220       0.106849292647456  Y  -1.65179973E+03       0
10111111110001    2    2   -10.64893       0.106218267947702  Y  -1.65112546E+03       0
01111111110010    2    2    10.64893       0.106218267947702  Y  -1.65112546E+03       0
11111111110000    2    0   -10.50099       0.104742619636290  Y  -1.65149581E+03       0
00101111110111    2    2   -10.14483       0.101190108724280  Y  -1.65082549E+03       0
00011111111011    2    2    10.14483       0.101190108724280  Y  -1.65082549E+03       0
00001111111111    2    0   -9.400899       0.093769710559323  Y  -1.65089631E+03       0
00111111110011    2    0   -8.874299       0.088517110479369  Y  -1.65059017E+03       0
01101011111101    1    4   -7.960600       0.079403382385217  Y  -1.65169126E+03       0
10010111111110    4    4   -7.960600       0.079403382385217  Y  -1.65169126E+03       0
11001011110111    3    2   -7.899027       0.078789218876245  Y  -1.65158168E+03       0
11000111111011    2    2    7.899027       0.078789218876245  Y  -1.65158168E+03       0
01111110111001    1    4    7.717207       0.076975641893366  Y  -1.65174273E+03       0
10111101110110    4    4    7.717207       0.076975641893366  Y  -1.65174273E+03       0
11011110110110    4    4    7.696322       0.076767324951877  Y  -1.65199686E+03       0
11101101111001    1    4    7.696322       0.076767324951877  Y  -1.65199686E+03       0
11011110110011    3    2   -7.669203       0.076496820806811  Y  -1.65162225E+03       0
11101101110011    2    2    7.669203       0.076496820806810  Y  -1.65162225E+03       0
01111110111100    2    2    7.644084       0.076246278127254  Y  -1.65206631E+03       0
10111101111100    3    2   -7.644084       0.076246278127254  Y  -1.65206631E+03       0
01100111111011    1    4   -7.299061       0.072804830881630  Y  -1.65134769E+03       0
10011011110111    4    4   -7.299061       0.072804830881630  Y  -1.65134769E+03       0
00111011111101    2    2    7.262138       0.072436538486211  Y  -1.65140125E+03       0
00110111111110    3    2   -7.262138       0.072436538486211  Y  -1.65140125E+03       0
11101011110101    2    4    5.802319       0.057875507379863  Y  -1.65179490E+03       0
11010111111010    3    4    5.802319       0.057875507379863  Y  -1.65179490E+03       0
11000111111110    3    2   -5.793264       0.057785187628203  Y  -1.65187242E+03       0
11001011111101    2    2    5.793264       0.057785187628203  Y  -1.65187242E+03       0
11011110111001    2    4   -5.769580       0.057548942584611  Y  -1.65200100E+03       0
11101101110110    3    4   -5.769580       0.057548942584611  Y  -1.65200100E+03       0
11011110111100    3    2   -5.602074       0.055878147579685  Y  -1.65226887E+03       0
11101101111100    2    2    5.602074       0.055878147579685  Y  -1.65226887E+03       0
11111110110001    2    2    5.480555       0.054666049583968  Y  -1.65176980E+03       0
11111101110010    3    2   -5.480555       0.054666049583968  Y  -1.65176980E+03       0
01100111111110    2    4    5.479585       0.054656379265928  Y  -1.65169413E+03       0
10011011111101    3    4    5.479585       0.054656379265928  Y  -1.65169413E+03       0
11111110110100    3    2    5.462575       0.054486712840535  Y  -1.65212394E+03       0
11111101111000    2    2   -5.462575       0.054486712840535  Y  -1.65212394E+03       0
01101011110111    2    4    5.352365       0.053387418339677  Y  -1.65134558E+03       0
10010111111011    3    4    5.352365       0.053387418339677  Y  -1.65134558E+03       0
01001011111111    2    2   -5.324367       0.053108149482298  Y  -1.65142398E+03       0
10000111111111    3    2    5.324367       0.053108149482298  Y  -1.65142398E+03       0
01110111111010    2    4   -5.324198       0.053106464894249  Y  -1.65153817E+03       0
10111011110101    3    4   -5.324198       0.053106464894249  Y  -1.65153817E+03       0
01011110111011    2    4    5.316321       0.053027890618618  Y  -1.65154113E+03       0
10101101110111    3    4    5.316321       0.053027890618618  Y  -1.65154113E+03       0
01011110111110    3    4   -5.303281       0.052897821525251  Y  -1.65188518E+03       0
10101101111101    2    4   -5.303281       0.052897821525251  Y  -1.65188518E+03       0
01111110110110    3    4   -5.181033       0.051678455185269  Y  -1.65173936E+03       0
10111101111001    2    4   -5.181033       0.051678455185269  Y  -1.65173936E+03       0
10111101110011    3    2   -5.054744       0.050418776220018  Y  -1.65130904E+03       0
01111110110011    2    2    5.054744       0.050418776220018  Y  -1.65130904E+03       0
00011011111111    3    2   -4.913716       0.049012086449465  Y  -1.65115671E+03       0
00100111111111    2    2    4.913716       0.049012086449465  Y  -1.65115671E+03       0
00111011110111    3    2   -4.765476       0.047533458754405  Y  -1.65099986E+03       0
00110111111011    2    2    4.765476       0.047533458754405  Y  -1.65099986E+03       0
11011011110110    4    4   -3.639185       0.036299218838917  Y  -1.65182765E+03       0
11100111111001    1    4   -3.639185       0.036299218838917  Y  -1.65182765E+03       0
01111011111100    2    2   -3.626840       0.036176085759163  Y  -1.65189403E+03       0
10110111111100    3    2    3.626840       0.036176085759163  Y  -1.65189403E+03       0
01101101111011    1    4   -3.484968       0.034760973883257  Y  -1.65157414E+03       0
10011110110111    4    4   -3.484968       0.034760973883257  Y  -1.65157414E+03       0
00111101111110    3    2   -3.474547       0.034657029667374  Y  -1.65163079E+03       0
00111110111101    2    2    3.474547       0.034657029667374  Y  -1.65163079E+03       0
10110111110110    4    4    2.833702       0.028264893724077  Y  -1.65156215E+03       0
01111011111001    1    4    2.833702       0.028264893724077  Y  -1.65156215E+03       0
11011011110011    3    2   -2.825767       0.028185742092067  Y  -1.65144476E+03       0
11100111110011    2    2    2.825767       0.028185742092067  Y  -1.65144476E+03       0
10011101111110    4    4    2.673187       0.026663825192762  Y  -1.65192343E+03       0
01101110111101    1    4    2.673187       0.026663825192762  Y  -1.65192343E+03       0
11001101111011    2    2   -2.669683       0.026628882096355  Y  -1.65181076E+03       0
11001110110111    3    2    2.669683       0.026628882096355  Y  -1.65181076E+03       0
11011011111100    3    2    2.648957       0.026422147279175  Y  -1.65209792E+03       0
11100111111100    2    2   -2.648957       0.026422147279175  Y  -1.65209792E+03       0
10011110111101    3    4    2.630094       0.026233996495350  Y  -1.65192233E+03       0
01101101111110    2    4    2.630094       0.026233996495350  Y  -1.65192233E+03       0
11111011110100    3    2   -2.567774       0.025612382963692  Y  -1.65194218E+03       0
11110111111000    2    2    2.567774       0.025612382963692  Y  -1.65194218E+03       0
10111110110101    3    4   -2.536174       0.025297186996086  Y  -1.65177718E+03       0
01111101111010    2    4   -2.536174       0.025297186996085  Y  -1.65177718E+03       0
01111011110110    3    4    2.490496       0.024841571129961  Y  -1.65156881E+03       0
10110111111001    2    4    2.490496       0.024841571129961  Y  -1.65156881E+03       0
01011011111110    3    4    2.481015       0.024747003185676  Y  -1.65172545E+03       0
10100111111101    2    4    2.481015       0.024747003185676  Y  -1.65172545E+03       0
00011110111111    3    2   -2.311445       0.023055613189203  Y  -1.65137369E+03       0
00101101111111    2    2    2.311445       0.023055613189202  Y  -1.65137369E+03       0
00111101111011    2    2    2.298941       0.022930896409103  Y  -1.65122765E+03       0
00111110110111    3    2   -2.298941       0.022930896409103  Y  -1.65122765E+03       0
11011011111001    2    4   -2.163135       0.021576288553968  Y  -1.65182176E+03       0
11100111110110    3    4   -2.163135       0.021576288553968  Y  -1.65182176E+03       0
11110111110010    3    2   -2.002416       0.019973187466349  Y  -1.65157975E+03       0
11111011110001    2    2    2.002416       0.019973187466349  Y  -1.65157975E+03       0
11001110111101    2    2   -1.969028       0.019640161677276  Y  -1.65210324E+03       0
11001101111110    3    2    1.969028       0.019640161677276  Y  -1.65210324E+03       0
01011011111011    2    4    1.946696       0.019417412495100  Y  -1.65137311E+03       0
10100111110111    3    4    1.946696       0.019417412495100  Y  -1.65137311E+03       0
11101110110101    2    4   -1.926742       0.019218382426945  Y  -1.65203654E+03       0
11011101111010    3    4   -1.926742       0.019218382426945  Y  -1.65203654E+03       0
01111011110011    2    2    1.858422       0.018536918941970  Y  -1.65113021E+03       0
10110111110011    3    2   -1.858422       0.018536918941969  Y  -1.65113021E+03       0
01101110110111    2    4   -1.831353       0.018266916944726  Y  -1.65157600E+03       0
10011101111011    3    4   -1.831353       0.018266916944725  Y  -1.65157600E+03       0
01001110111111    2    2    1.792356       0.017877935545112  Y  -1.65164359E+03       0
10001101111111    3    2   -1.792356       0.017877935545112  Y  -1.65164359E+03       0
11010010111111    4    2    1.667158       0.016629150206854  Y  -1.65182907E+03       0
11100001111111    3    2   -1.667158       0.016629150206854  Y  -1.65182907E+03       0
11110100111110    4    2    1.649458       0.016452597040824  Y  -1.65222713E+03       0
11111000111101    3    2   -1.649458       0.016452597040824  Y  -1.65222713E+03       0
11110100111011    3    2   -1.624933       0.016207967945587  Y  -1.65187709E+03       0
11111000110111    4    2    1.624933       0.016207967945587  Y  -1.65187709E+03       0
01110010111111    3    2   -1.559653       0.015556832869943  Y  -1.65155629E+03       0
10110001111111    4    2    1.559653       0.015556832869943  Y  -1.65155629E+03       0
11111100111100    3    0    1.084793       0.010820319699240  Y  -1.65251253E+03       0
00110011111111    3    0    1.044242       0.010415839167057  Y  -1.65117662E+03       0
11111100111001    2    2   0.9649194       0.009624633837436  Y  -1.65221293E+03       0
11111100110110    4    2  -0.9649194       0.009624633837436  Y  -1.65221293E+03       0
10010011111111    4    2   0.9346521       0.009322731429974  Y  -1.65150318E+03       0
01100011111111    2    2  -0.9346521       0.009322731429974  Y  -1.65150318E+03       0
11111100110011    3    0   0.9066440       0.009043362983855  Y  -1.65180660E+03       0
11000011111111    3    0   0.8580079       0.008558239980660  Y  -1.65171801E+03       0
11110010111101    3    2  -0.7076330       0.007058318811363  Y  -1.65205373E+03       0
11110001111110    4    2   0.7076330       0.007058318811363  Y  -1.65205373E+03       0
01111000111111    3    2   0.7046507       0.007028571000420  Y  -1.65178694E+03       0
10110100111111    4    2  -0.7046507       0.007028571000420  Y  -1.65178694E+03       0
11110010110111    4    2  -0.6593168       0.006576386190926  Y  -1.65169540E+03       0
11110001111011    3    2   0.6593168       0.006576386190926  Y  -1.65169540E+03       0
11110000111111    4    0  -0.6470011       0.006453543019723  Y  -1.65171464E+03       0
01110011111011    2    2  -0.6083004       0.006067520974543  Y  -1.65136628E+03       0
10110011110111    4    2   0.6083004       0.006067520974543  Y  -1.65136628E+03       0
11100100111111    3    2  -0.5984711       0.005969477562174  Y  -1.65206235E+03       0
11011000111111    4    2   0.5984711       0.005969477562174  Y  -1.65206235E+03       0
11011100111110    4    2   0.5827457       0.005812624187595  Y  -1.65239039E+03       0
11101100111101    2    2  -0.5827457       0.005812624187595  Y  -1.65239039E+03       0
01110110111011    2    4  -0.5570225       0.005556047314679  Y  -1.65158322E+03       0
10111001110111    4    4  -0.5570225       0.005556047314679  Y  -1.65158322E+03       0
01110110111110    3    4   0.5403906       0.005390151745210  Y  -1.65195725E+03       0
10111001111101    3    4   0.5403906       0.005390151745210  Y  -1.65195725E+03       0
11101001111101    2    4  -0.5131544       0.005118482653397  Y  -1.65219348E+03       0
11010110111110    4    4  -0.5131544       0.005118482653397  Y  -1.65219348E+03       0
10111100110111    4    2   0.4509076       0.004497599008286  Y  -1.65177576E+03       0
01111100111011    2    2  -0.4509076       0.004497599008286  Y  -1.65177576E+03       0
01101111011011    1    4  -0.4441438       0.004430132724913  Y  -1.63193901E+03       0
10011111100111    4    4  -0.4441438       0.004430132724913  Y  -1.63193901E+03       0
00111111011110    3    2  -0.4394908       0.004383721267178  Y  -1.63199463E+03       0
00111111101101    2    2   0.4394908       0.004383721267178  Y  -1.63199463E+03       0
10111111010110    4    4   0.4228095       0.004217332888749  Y  -1.63214325E+03       0
01111111101001    1    4   0.4228095       0.004217332888749  Y  -1.63214325E+03       0
11111001110011    3    2  -0.4071517       0.004061153821402  Y  -1.65166303E+03       0
11110110110011    3    2   0.4071517       0.004061153821402  Y  -1.65166303E+03       0
11100011111101    2    2  -0.3979232       0.003969103454323  Y  -1.65198617E+03       0
11010011111110    4    2   0.3979232       0.003969103454323  Y  -1.65198617E+03       0
11110011110011    3    0   0.3965670       0.003955576129160  Y  -1.65143661E+03       0
11010011111011    3    2   0.3952458       0.003942397467609  Y  -1.65165956E+03       0
11100011110111    3    2  -0.3952458       0.003942397467609  Y  -1.65165956E+03       0
10111111100101    3    4  -0.3896188       0.003886270683169  Y  -1.63212914E+03       0
01111111011010    2    4  -0.3896188       0.003886270683169  Y  -1.63212914E+03       0
10110110110111    4    4   0.3872928       0.003863070314280  Y  -1.65164166E+03       0
01111001111011    2    4   0.3872928       0.003863070314280  Y  -1.65164166E+03       0
11101111010011    2    2   0.3850789       0.003840987664736  Y  -1.63202379E+03       0
11011111100011    3    2  -0.3850789       0.003840987664736  Y  -1.63202379E+03       0
00111111100111    3    2  -0.3824770       0.003815034426433  Y  -1.63157399E+03       0
00111111011011    2    2   0.3824770       0.003815034426433  Y  -1.63157399E+03       0
11011001111110    4    4   0.3823871       0.003814138315005  Y  -1.65226592E+03       0
11100110111101    2    4   0.3823871       0.003814138315005  Y  -1.65226592E+03       0
11001100111111    3    0   0.3715593       0.003706135762933  Y  -1.65216956E+03       0
01111111100011    2    2   0.3672493       0.003663145396866  Y  -1.63169205E+03       0
10111111010011    3    2  -0.3672493       0.003663145396866  Y  -1.63169205E+03       0
11010110111011    3    4   0.3670585       0.003661242667389  Y  -1.65187516E+03       0
11101001110111    3    4   0.3670585       0.003661242667389  Y  -1.65187516E+03       0
11001001111111    3    2   0.3649433       0.003640143768715  Y  -1.65198521E+03       0
11000110111111    3    2  -0.3649433       0.003640143768715  Y  -1.65198521E+03       0
11011100111011    3    2  -0.3541178       0.003532164558197  Y  -1.65207033E+03       0
11101100110111    3    2   0.3541178       0.003532164558197  Y  -1.65207033E+03       0
01111010111101    2    4  -0.3177611       0.003169522509077  Y  -1.65189244E+03       0
10110101111110    4    4  -0.3177611       0.003169522509077  Y  -1.65189244E+03       0
00110110111111    3    2   0.3119963       0.003112021500189  Y  -1.65144253E+03       0
00111001111111    3    2  -0.3119963       0.003112021500189  Y  -1.65144253E+03       0
11101111100101    2    4   0.2985488       0.002977888671418  Y  -1.63240299E+03       0
11011111011010    3    4   0.2985488       0.002977888671418  Y  -1.63240299E+03       0
10111100111101    3    2  -0.2968722       0.002961165552528  Y  -1.65215153E+03       0
01111100111110    3    2   0.2968722       0.002961165552528  Y  -1.65215153E+03       0
11001111100111    3    2  -0.2958398       0.002950868029908  Y  -1.63219011E+03       0
11001111011011    2    2   0.2958398       0.002950868029908  Y  -1.63219011E+03       0
11111111010010    3    2  -0.2884451       0.002877109274932  Y  -1.63215844E+03       0
11111111100001    2    2   0.2884451       0.002877109274932  Y  -1.63215844E+03       0
00111100111111    3    0   0.2884304       0.002876962350496  Y  -1.65162559E+03       0
10011111101101    3    4   0.2871922       0.002864612549142  Y  -1.63230470E+03       0
01101111011110    2    4   0.2871922       0.002864612549142  Y  -1.63230470E+03       0
11001011011111    3    2  -0.2760292       0.002753266500269  Y  -1.63228169E+03       0
11000111101111    3    2   0.2760292       0.002753266500269  Y  -1.63228169E+03       0
11111001111100    3    2   0.2749678       0.002742679497182  Y  -1.65237549E+03       0
11110110111100    3    2  -0.2749678       0.002742679497182  Y  -1.65237549E+03       0
01100111101111    2    4  -0.2720485       0.002713560352841  Y  -1.63204967E+03       0
10011011011111    4    4  -0.2720485       0.002713560352841  Y  -1.63204967E+03       0
11110011111100    3    0   0.2701615       0.002694738173771  Y  -1.65215562E+03       0
01101111101101    1    4  -0.2550799       0.002544306458232  Y  -1.63230175E+03       0
10011111011110    4    4  -0.2550799       0.002544306458232  Y  -1.63230175E+03       0
10110011111101    3    2   0.2543778       0.002537303352905  Y  -1.65174859E+03       0
01110011111110    3    2  -0.2543778       0.002537303352905  Y  -1.65174859E+03       0
11011010110111    4    4  -0.2536121       0.002529665823480  Y  -1.65180909E+03       0
11100101111011    2    4  -0.2536121       0.002529665823480  Y  -1.65180909E+03       0
10101111010111    3    4   0.2448046       0.002441814826066  Y  -1.63195455E+03       0
01011111101011    2    4   0.2448046       0.002441814826066  Y  -1.63195455E+03       0
11001111011110    3    2  -0.2378935       0.002372880164477  Y  -1.63250010E+03       0
11001111101101    2    2   0.2378935       0.002372880164477  Y  -1.63250010E+03       0
01111001111110    3    4  -0.2226295       0.002220628129435  Y  -1.65202572E+03       0
10110110111101    3    4  -0.2226295       0.002220628129435  Y  -1.65202572E+03       0
11101101101101    2    4   0.2204223       0.002198612694124  Y  -1.63272738E+03       0
11011110011110    4    4   0.2204223       0.002198612694124  Y  -1.63272738E+03       0
10010111101111    4    4   0.2177563       0.002172020102651  Y  -1.63204974E+03       0
01101011011111    2    4   0.2177563       0.002172020102651  Y  -1.63204974E+03       0
11011111101001    2    4  -0.2174551       0.002169016443546  Y  -1.63242004E+03       0
11101111010110    3    4  -0.2174551       0.002169016443546  Y  -1.63242004E+03       0
10111101011110    4    4   0.2039107       0.002033916398789  Y  -1.63243936E+03       0
01111110101101    2    4   0.2039107       0.002033916398789  Y  -1.63243936E+03       0
11011110011011    3    4  -0.2030780       0.002025611380541  Y  -1.63238982E+03       0
11101101100111    3    4  -0.2030780       0.002025611380541  Y  -1.63238982E+03       0
00111011011111    3    2  -0.2003505       0.001998405762772  Y  -1.63170600E+03       0
00110111101111    3    2   0.2003505       0.001998405762772  Y  -1.63170600E+03       0
01101111100111    2    4   0.1993392       0.001988317894568  Y  -1.63193682E+03       0
10011111011011    3    4   0.1993392       0.001988317894568  Y  -1.63193682E+03       0
00011111101111    3    2  -0.1990422       0.001985355327549  Y  -1.63175044E+03       0
00101111011111    2    2   0.1990422       0.001985355327549  Y  -1.63175044E+03       0
11011110100111    4    4   0.1926450       0.001921546282830  Y  -1.63235394E+03       0
11101101011011    2    4   0.1926450       0.001921546282830  Y  -1.63235394E+03       0
11110110110110    4    4  -0.1894607       0.001889784434650  Y  -1.65206761E+03       0
11111001111001    2    4  -0.1894607       0.001889784434650  Y  -1.65206761E+03       0
01011010111111    3    4  -0.1863200       0.001858457865935  Y  -1.65166866E+03       0
10100101111111    3    4  -0.1863200       0.001858457865935  Y  -1.65166866E+03       0
11111010110101    3    4   0.1774071       0.001769555277260  Y  -1.65197882E+03       0
11110101111010    3    4   0.1774071       0.001769555277260  Y  -1.65197882E+03       0
11010111101110    4    4   0.1713441       0.001709079752576  Y  -1.63251578E+03       0
11101011011101    2    4   0.1713441       0.001709079752576  Y  -1.63251578E+03       0
10110101111011    3    4   0.1697296       0.001692976068357  Y  -1.65151504E+03       0
01111010110111    3    4   0.1697296       0.001692976068357  Y  -1.65151504E+03       0
10111011011101    3    4  -0.1679928       0.001675652244636  Y  -1.63226102E+03       0
01110111101110    3    4  -0.1679928       0.001675652244636  Y  -1.63226102E+03       0
11010110101111    4    4  -0.1651347       0.001647143579769  Y  -1.63232917E+03       0
11101001011111    3    4  -0.1651347       0.001647143579769  Y  -1.63232917E+03       0
11011010011111    4    4   0.1641651       0.001637472335227  Y  -1.63229896E+03       0
11100101101111    3    4   0.1641651       0.001637472335227  Y  -1.63229896E+03       0
01111110011110    3    4  -0.1611398       0.001607296246864  Y  -1.63247404E+03       0
10111101101101    3    4  -0.1611398       0.001607296246864  Y  -1.63247404E+03       0
01100110111111    2    4   0.1578144       0.001574126776822  Y  -1.65177172E+03       0
10011001111111    4    4   0.1578144       0.001574126776822  Y  -1.65177172E+03       0
10110101101111    4    4  -0.1572710       0.001568707351096  Y  -1.63200907E+03       0
01111010011111    3    4  -0.1572710       0.001568707351096  Y  -1.63200907E+03       0
11111100100111    4    2   0.1526507       0.001522621669320  Y  -1.63232816E+03       0
11111100011011    3    2  -0.1526507       0.001522621669320  Y  -1.63232816E+03       0
01011110101111    3    4   0.1524257       0.001520377099542  Y  -1.63221592E+03       0
10101101011111    3    4   0.1524257       0.001520377099542  Y  -1.63221592E+03       0
11111100101101    3    2  -0.1513965       0.001510111861266  Y  -1.63269745E+03       0
11111100011110    4    2   0.1513965       0.001510111861266  Y  -1.63269745E+03       0
10111001011111    4    4   0.1500334       0.001496515570600  Y  -1.63203920E+03       0
01110110101111    3    4   0.1500334       0.001496515570600  Y  -1.63203920E+03       0
01111110011011    2    4   0.1494730       0.001490925313537  Y  -1.63208076E+03       0
10111101100111    4    4   0.1494730       0.001490925313537  Y  -1.63208076E+03       0
11111110011100    3    2   0.1431350       0.001427707068338  Y  -1.63287533E+03       0
11111101101100    3    2  -0.1431350       0.001427707068338  Y  -1.63287533E+03       0
11011110101101    3    4  -0.1387582       0.001384050120082  Y  -1.63269565E+03       0
11101101011110    3    4  -0.1387582       0.001384050120082  Y  -1.63269565E+03       0
11011010111101    3    4   0.1307672       0.001304343505643  Y  -1.65213154E+03       0
11100101111110    3    4   0.1307672       0.001304343505643  Y  -1.65213154E+03       0
11111110100101    3    4  -0.1292141       0.001288851892461  Y  -1.63252333E+03       0
11111101011010    3    4  -0.1292141       0.001288851892461  Y  -1.63252333E+03       0
11101111011100    2    2  -0.1254388       0.001251194817495  Y  -1.63269154E+03       0
11011111101100    3    2   0.1254388       0.001251194817495  Y  -1.63269154E+03       0
11011011011110    4    4  -0.1231562       0.001228427109438  Y  -1.63254950E+03       0
11100111101101    2    4  -0.1231562       0.001228427109438  Y  -1.63254950E+03       0
11111110011001    2    4   0.1224484       0.001221366805763  Y  -1.63255823E+03       0
11111101100110    4    4   0.1224484       0.001221366805763  Y  -1.63255823E+03       0
01111110100111    3    4  -0.1218543       0.001215441675383  Y  -1.63204271E+03       0
10111101011011    3    4  -0.1218543       0.001215441675383  Y  -1.63204271E+03       0
11011001111011    3    4  -0.1134463       0.001131575824601  Y  -1.65193757E+03       0
11100110110111    3    4  -0.1134463       0.001131575824601  Y  -1.65193757E+03       0
11111111100100    3    2  -0.1132026       0.001129144695618  Y  -1.63251620E+03       0
11111111011000    2    2   0.1132026       0.001129144695618  Y  -1.63251620E+03       0
11100111100111    3    4  -0.1036505       0.001033866289273  Y  -1.63220364E+03       0
11011011011011    3    4  -0.1036505       0.001033866289273  Y  -1.63220364E+03       0
11110100101111    4    2  -0.1022943       0.001020339009306  Y  -1.63212096E+03       0
11111000011111    4    2   0.1022943       0.001020339009306  Y  -1.63212096E+03       0
11001101101111    3    2  -0.1017669       0.001015078857450  Y  -1.63251945E+03       0
11001110011111    3    2   0.1017669       0.001015078857450  Y  -1.63251945E+03       0
10110111100111    4    4   0.9446990E-01   0.000942294483081  Y  -1.63189325E+03       0
01111011011011    2    4   0.9446990E-01   0.000942294483081  Y  -1.63189325E+03       0
10011110011111    4    4  -0.9133650E-01   0.000911040234640  Y  -1.63228481E+03       0
01101101101111    2    4  -0.9133650E-01   0.000911040234640  Y  -1.63228481E+03       0
01111011101101    2    4   0.8509898E-01   0.000848823803524  Y  -1.63223479E+03       0
10110111011110    4    4   0.8509898E-01   0.000848823803524  Y  -1.63223479E+03       0
00111101101111    3    2   0.8325301E-01   0.000830411064783  Y  -1.63194247E+03       0
00111110011111    3    2  -0.8325301E-01   0.000830411064783  Y  -1.63194247E+03       0
10110111101101    3    4   0.8289383E-01   0.000826828428630  Y  -1.63229481E+03       0
01111011011110    3    4   0.8289383E-01   0.000826828428630  Y  -1.63229481E+03       0
11101110011101    2    4  -0.8166410E-01   0.000814562420313  Y  -1.63276610E+03       0
11011101101110    4    4  -0.8166410E-01   0.000814562420313  Y  -1.63276610E+03       0
11101111011001    1    4  -0.8109363E-01   0.000808872253995  Y  -1.63240202E+03       0
11011111100110    4    4  -0.8109363E-01   0.000808872253995  Y  -1.63240202E+03       0
11111011011100    3    2  -0.7873875E-01   0.000785383318886  Y  -1.63268489E+03       0
11110111101100    3    2   0.7873875E-01   0.000785383318886  Y  -1.63268489E+03       0
11111001011110    4    4   0.7831875E-01   0.000781194007367  Y  -1.63255349E+03       0
11110110101101    3    4   0.7831875E-01   0.000781194007367  Y  -1.63255349E+03       0
01001111101111    2    2  -0.7803380E-01   0.000778351800797  Y  -1.63203482E+03       0
10001111011111    3    2   0.7803380E-01   0.000778351800797  Y  -1.63203482E+03       0
11110101101110    4    4  -0.7540519E-01   0.000752132564886  Y  -1.63248956E+03       0
11111010011101    3    4  -0.7540519E-01   0.000752132564886  Y  -1.63248956E+03       0
11011011100111    4    4   0.7443593E-01   0.000742464660759  Y  -1.63215246E+03       0
11100111011011    2    4   0.7443593E-01   0.000742464660759  Y  -1.63215246E+03       0
11111010010111    4    4  -0.7385148E-01   0.000736635056366  Y  -1.63213590E+03       0
11110101101011    3    4  -0.7385148E-01   0.000736635056366  Y  -1.63213590E+03       0
11001111001111    3    0   0.6728723E-01   0.000671159635035  Y  -1.61157841E+03       0
10110111011011    3    4  -0.6661223E-01   0.000664426821335  Y  -1.63183988E+03       0
01111011100111    3    4  -0.6661223E-01   0.000664426821335  Y  -1.63183988E+03       0
11110110100111    4    4   0.6171487E-01   0.000615577820692  Y  -1.63217591E+03       0
11111001011011    3    4   0.6171487E-01   0.000615577820692  Y  -1.63217591E+03       0
01101110011111    2    4  -0.6108919E-01   0.000609336978353  Y  -1.63228885E+03       0
10011101101111    4    4  -0.6108919E-01   0.000609336978353  Y  -1.63228885E+03       0
00111111001111    3    0   0.6083021E-01   0.000606753807097  Y  -1.61096842E+03       0
10011111001111    4    2   0.5607044E-01   0.000559277235983  Y  -1.61132928E+03       0
01101111001111    2    2  -0.5607044E-01   0.000559277235983  Y  -1.61132928E+03       0
10111100011111    4    2  -0.5590555E-01   0.000557632525150  Y  -1.63224042E+03       0
01111100101111    3    2   0.5590555E-01   0.000557632525150  Y  -1.63224042E+03       0
10100111011111    3    4   0.5429222E-01   0.000541540245152  Y  -1.63202391E+03       0
01011011101111    3    4   0.5429222E-01   0.000541540245152  Y  -1.63202391E+03       0
11110111011010    3    4  -0.5368112E-01   0.000535444837369  Y  -1.63230928E+03       0
11111011100101    3    4  -0.5368112E-01   0.000535444837369  Y  -1.63230928E+03       0
11011100101111    4    2   0.4935865E-01   0.000492330191918  Y  -1.63253302E+03       0
11101100011111    3    2  -0.4935865E-01   0.000492330191918  Y  -1.63253302E+03       0
11100111011110    3    4  -0.4818792E-01   0.000480652625578  Y  -1.63249242E+03       0
11011011101101    3    4  -0.4818792E-01   0.000480652625578  Y  -1.63249242E+03       0
11111011011001    2    4   0.4804691E-01   0.000479246119260  Y  -1.63235950E+03       0
11110111100110    4    4   0.4804691E-01   0.000479246119260  Y  -1.63235950E+03       0
11111111001100    3    0   0.4439492E-01   0.000442819179254  Y  -1.61194720E+03       0
11101111001101    2    2  -0.4371529E-01   0.000436040219361  Y  -1.61181215E+03       0
11011111001110    4    2   0.4371529E-01   0.000436040219361  Y  -1.61181215E+03       0
10111110011101    3    4  -0.4277090E-01   0.000426620345498  Y  -1.63250871E+03       0
01111101101110    3    4  -0.4277090E-01   0.000426620345498  Y  -1.63250871E+03       0
11110011110110    4    2  -0.3601709E-01   0.000359254175665  Y  -1.65184948E+03       0
11110011111001    2    2   0.3601709E-01   0.000359254175665  Y  -1.65184948E+03       0
01101100111111    2    2  -0.3582991E-01   0.000357387103012  Y  -1.65195344E+03       0
10011100111111    4    2   0.3582991E-01   0.000357387103012  Y  -1.65195344E+03       0
01111111100110    3    4  -0.3319070E-01   0.000331062197181  Y  -1.63212599E+03       0
10111111011001    2    4  -0.3319070E-01   0.000331062197181  Y  -1.63212599E+03       0
01111111001011    2    2  -0.3273763E-01   0.000326543040697  Y  -1.61114338E+03       0
10111111000111    4    2   0.3273763E-01   0.000326543040697  Y  -1.61114338E+03       0
10101111011101    2    4  -0.3211234E-01   0.000320306058250  Y  -1.63230222E+03       0
01011111101110    3    4  -0.3211234E-01   0.000320306058250  Y  -1.63230222E+03       0
11111111000011    3    0   0.3152160E-01   0.000314413700134  Y  -1.61119902E+03       0
11010111101011    3    4   0.2921452E-01   0.000291401631469  Y  -1.63219384E+03       0
11101011010111    3    4   0.2921452E-01   0.000291401631468  Y  -1.63219384E+03       0
01101001111111    2    4   0.2850576E-01   0.000284332030783  Y  -1.65176775E+03       0
10010110111111    4    4   0.2850576E-01   0.000284332030783  Y  -1.65176775E+03       0
10111011010111    4    4  -0.2785767E-01   0.000277867662387  Y  -1.63188337E+03       0
01110111101011    2    4  -0.2785767E-01   0.000277867662387  Y  -1.63188337E+03       0
01111101101011    2    4  -0.2761865E-01   0.000275483497259  Y  -1.63212932E+03       0
10111110010111    4    4  -0.2761865E-01   0.000275483497259  Y  -1.63212932E+03       0
11110111100011    3    2   0.2697222E-01   0.000269035714189  Y  -1.63195129E+03       0
11111011010011    3    2  -0.2697222E-01   0.000269035714189  Y  -1.63195129E+03       0
01111111101100    2    2  -0.2632267E-01   0.000262556688994  Y  -1.63247046E+03       0
10111111011100    3    2   0.2632267E-01   0.000262556688994  Y  -1.63247046E+03       0
01110011101111    3    2  -0.2083473E-01   0.000207817011311  Y  -1.63179827E+03       0
10110011011111    4    2   0.2083473E-01   0.000207817011311  Y  -1.63179827E+03       0
10111111001101    3    2   0.1806987E-01   0.000180238790358  Y  -1.61154028E+03       0
01111111001110    3    2  -0.1806987E-01   0.000180238790358  Y  -1.61154028E+03       0
11110001101111    4    2   0.1806247E-01   0.000180164978797  Y  -1.63191528E+03       0
11110010011111    4    2  -0.1806247E-01   0.000180164978797  Y  -1.63191528E+03       0
11111100001111    4    0  -0.1764254E-01   0.000175976313085  Y  -1.61126033E+03       0
10111101001111    4    2   0.1737890E-01   0.000173346629505  Y  -1.61122503E+03       0
01111110001111    3    2  -0.1737890E-01   0.000173346629505  Y  -1.61122503E+03       0
11101101001111    3    2  -0.1730472E-01   0.000172606764636  Y  -1.61153211E+03       0
11011110001111    4    2   0.1730472E-01   0.000172606764636  Y  -1.61153211E+03       0
11111111001001    2    2   0.1645944E-01   0.000164175502341  Y  -1.61162647E+03       0
11111111000110    4    2  -0.1645944E-01   0.000164175502341  Y  -1.61162647E+03       0
11111101100011    3    2   0.1468512E-01   0.000146477399188  Y  -1.63214828E+03       0
11111110010011    3    2  -0.1468512E-01   0.000146477399188  Y  -1.63214828E+03       0
11011111001011    3    2   0.1298244E-01   0.000129493907878  Y  -1.61147096E+03       0
11101111000111    3    2  -0.1298244E-01   0.000129493907878  Y  -1.61147096E+03       0
11110110011011    3    4   0.1213662E-01   0.000121057263384  Y  -1.63216059E+03       0
11111001100111    4    4   0.1213662E-01   0.000121057263384  Y  -1.63216059E+03       0
11111001110110    4    4   0.1205355E-01   0.000120228674187  Y  -1.65207764E+03       0
11110110111001    2    4   0.1205355E-01   0.000120228674187  Y  -1.65207764E+03       0
11011101101011    3    4   0.1043304E-01   0.000104064865444  Y  -1.63244241E+03       0
11101110010111    3    4   0.1043304E-01   0.000104064865444  Y  -1.63244241E+03       0
11111110000111    4    2  -0.9138894E-02   0.000091156324365  Y  -1.61134944E+03       0
11111101001011    3    2   0.9138894E-02   0.000091156324365  Y  -1.61134944E+03       0
11111110001101    3    2  -0.8030023E-02   0.000080095842793  Y  -1.61172236E+03       0
11111101001110    4    2   0.8030023E-02   0.000080095842793  Y  -1.61172236E+03       0
01111001101111    3    4   0.7237595E-02   0.000072191734489  Y  -1.63208232E+03       0
10110110011111    4    4   0.7237595E-02   0.000072191734489  Y  -1.63208232E+03       0
11111101101001    2    4   0.6765750E-02   0.000067485286750  Y  -1.63257211E+03       0
11111110010110    4    4   0.6765750E-02   0.000067485286750  Y  -1.63257211E+03       0
01111011001111    3    2   0.5766320E-02   0.000057516428906  Y  -1.61101352E+03       0
10110111001111    4    2  -0.5766320E-02   0.000057516428906  Y  -1.61101352E+03       0
11111011010110    4    4   0.5634213E-02   0.000056198718454  Y  -1.63238341E+03       0
11110111101001    2    4   0.5634213E-02   0.000056198718454  Y  -1.63238341E+03       0
11010011101111    4    2   0.5118700E-02   0.000051056713103  Y  -1.63208957E+03       0
11100011011111    3    2  -0.5118700E-02   0.000051056713103  Y  -1.63208957E+03       0
11111011000111    4    2   0.4661519E-02   0.000046496536194  Y  -1.61112846E+03       0
11110111001011    3    2  -0.4661519E-02   0.000046496536194  Y  -1.61112846E+03       0
11110011100111    4    2  -0.3895897E-02   0.000038859810990  Y  -1.63192550E+03       0
11110011011011    3    2   0.3895897E-02   0.000038859810990  Y  -1.63192550E+03       0
11110011001111    4    0  -0.3594123E-02   0.000035849745017  Y  -1.61082498E+03       0
11110110011110    4    4  -0.2913570E-02   0.000029061544761  Y  -1.63252814E+03       0
11111001101101    3    4  -0.2913570E-02   0.000029061544761  Y  -1.63252814E+03       0
11111011001101    3    2  -0.2703198E-02   0.000026963178872  Y  -1.61149964E+03       0
11110111001110    4    2   0.2703198E-02   0.000026963178872  Y  -1.61149964E+03       0
11110011011110    4    2   0.2381059E-02   0.000023749985880  Y  -1.63230133E+03       0
11110011101101    3    2  -0.2381059E-02   0.000023749985880  Y  -1.63230133E+03       0
11110110001111    4    2  -0.1688529E-02   0.000016842308079  Y  -1.61108407E+03       0
11111001001111    4    2   0.1688529E-02   0.000016842308079  Y  -1.61108407E+03       0
11100111001111    3    2   0.1068860E-02   0.000010661391483  Y  -1.61132194E+03       0
11011011001111    4    2  -0.1068860E-02   0.000010661391483  Y  -1.61132194E+03       0
11011001101111    4    4   0.9696037E-03   0.000009671357213  Y  -1.63237626E+03       0
11100110011111    3    4   0.9696037E-03   0.000009671357213  Y  -1.63237626E+03       0
