 # List of sign-inconsistent amplitudes in the trial wave function.
 # (Det. Index, FCI Amp., Trial Wfn. Amp., Occupation Numbers ...)

  53559 -1.08561528169E-03  4.81589268098E-04    2  4  5  9 11 12 14 15 17 20
  53560  1.08561350122E-03 -4.65430802146E-04    4  6  7 10 12 13 15 16 17 19
  53561 -1.08560487045E-03  4.49795679281E-04    2  4  5  6  9 11 13 15 18 20
  53562  1.08560324450E-03 -4.70976206045E-04    3  6  7  9 10 12 13 16 17 20
  53563 -1.08559973469E-03  4.81589268098E-04    1  3  6 10 11 12 13 16 18 19
  53564 -1.08559902750E-03  4.49795679281E-04    1  3  5  6 10 12 14 16 17 19
  53565  1.08559795422E-03 -4.65430802146E-04    3  5  8  9 11 14 15 16 18 20
  53566  1.08559740156E-03 -4.70976206045E-04    4  5  8  9 10 11 14 15 18 19
  56311  6.64972714119E-04 -1.10227973446E-03    1  4  5  8 11 13 15 16 18 20
  56312  6.64972357994E-04 -1.09996122117E-03    1  3  8 10 11 12 13 16 17 20
  56313 -6.64971006009E-04  1.09647910329E-03    2  3  6  7  9 10 12 13 18 19
  56314 -6.64970308773E-04  1.10237097495E-03    2  3  5  6  7  9 14 15 18 20
  56315 -6.64968902266E-04  1.09647910329E-03    1  4  5  8  9 10 11 14 17 20
  56316 -6.64968205030E-04  1.10237097495E-03    1  4  5  6  8 10 13 16 17 19
  56317  6.64964411741E-04 -1.10227973446E-03    2  3  6  7 12 14 15 16 17 19
  56318  6.64964055605E-04 -1.09996122117E-03    2  4  7  9 11 12 14 15 18 19
  57395  5.55983467792E-04 -2.48920785325E-04    1  3  8  9 10 12 14 16 17 19
  57396  5.55981942552E-04 -2.35010233817E-04    1  4  5  6  8 11 14 15 18 19
  57397 -5.55980289007E-04  2.27898145659E-04    1  3  6  8 10 13 15 16 18 19
  57398 -5.55979458475E-04  2.39500835899E-04    1  3  5  8  9 11 12 14 18 20
  57399  5.55976662803E-04 -2.48920785325E-04    2  4  7  9 10 11 13 15 18 20
  57400  5.55975137563E-04 -2.35010233817E-04    2  3  5  6  7 12 13 16 17 20
  57401 -5.55967995623E-04  2.27898145659E-04    2  4  5  7  9 14 15 16 17 20
  57402 -5.55967165092E-04  2.39500835899E-04    2  4  6  7 10 11 12 13 17 19
  57547  5.33943547553E-04 -6.37006651581E-04    2  4  5  7 12 13 14 15 18 19
  57548  5.33943137873E-04 -6.33776892746E-04    2  3  7 10 12 14 15 17 19 20
  57549 -5.33941098246E-04  6.33998661368E-04    1  4  5  8 10 12 13 17 18 19
  57550  5.33940513025E-04 -6.38578638643E-04    1  3  4  5  8 10 14 15 17 20
  57551  5.33936651640E-04 -6.37006651581E-04    1  3  6  8 11 13 14 16 17 20
  57552  5.33936241960E-04 -6.33776892746E-04    1  4  8  9 11 13 16 18 19 20
  57553 -5.33927482656E-04  6.33998661368E-04    2  3  6  7  9 11 14 17 18 20
  57554  5.33926897425E-04 -6.38578638643E-04    2  3  4  6  7  9 13 16 18 19
  57987 -4.84723760343E-04  7.48125072048E-05    1  4  7  8 10 11 14 15 18 19
  57988  4.84723441030E-04 -8.19892811163E-05    1  2  3  5  8 12 14 16 17 19
  57989 -4.84722865791E-04  7.48125072048E-05    2  3  7  8  9 12 13 16 17 20
  57990  4.84722546477E-04 -8.19892811163E-05    1  2  4  6  7 11 13 15 18 20
  57991 -4.84721467592E-04  7.59601548979E-05    1  3  5  7  8  9 14 16 18 20
  57992  4.84721143192E-04 -7.13054694155E-05    1  2  3  6  8 10 11 13 18 19
  57993 -4.84716321908E-04  7.59601548979E-05    2  4  6  7  8 10 13 15 17 19
  57994  4.84715997508E-04 -7.13054694155E-05    1  2  4  5  7  9 12 14 17 20
  58579 -4.10147683559E-04  8.48888236543E-04    2  3  4  6  7  9 12 13 18 19
  58580  4.10147005635E-04 -8.54255148026E-04    2  3  6  7  9 14 15 17 18 20
  58583  4.10140265130E-04 -8.54254711850E-04    1  4  5  8 11 13 16 18 19 20
  58584  4.10140235763E-04 -8.54254711850E-04    2  3  6  7 12 14 15 17 19 20
  58585  4.10139800222E-04 -8.61902646965E-04    1  3  8 10 11 13 14 16 17 20
  58586  4.10139770865E-04 -8.61902646965E-04    2  4  7  9 12 13 14 15 18 19
  58587 -4.10139725029E-04  8.48888236543E-04    1  3  4  5  8 10 11 14 17 20
  58590  4.10139047105E-04 -8.54255148026E-04    1  4  5  8 10 13 16 17 18 19
  59059 -3.54591786137E-04  5.67415000825E-04    2  4  5  7 12 13 14 15 17 18
  59060  3.54591380016E-04 -5.64670344025E-04    2  3  4  7 10 12 15 17 19 20
  59061 -3.54589913458E-04  5.64881934955E-04    1  5  8 10 12 13 14 17 18 19
  59062  3.54589311421E-04 -5.67610462853E-04    1  3  4  5  8 10 14 15 19 20
  59063  3.54584527475E-04 -5.67415000825E-04    1  3  6  8 11 13 14 16 17 18
  59064  3.54584420462E-04 -5.64881934955E-04    2  6  7  9 11 13 14 17 18 20
  59065 -3.54584121344E-04  5.64670344025E-04    1  3  4  8  9 11 16 18 19 20
  59066 -3.54583818425E-04  5.67610462853E-04    2  3  4  6  7  9 13 16 19 20
  59111 -3.50482333517E-04  3.97396260200E-05    1  2  6  8  9 11 13 14 17 20
  59112  3.50481018081E-04 -4.05600488288E-05    1  4  6  7  8  9 13 16 19 20
  59113  3.50480162184E-04 -3.97396260200E-05    1  2  5  7 10 12 13 14 18 19
  59114 -3.50478846748E-04  4.05600488288E-05    2  3  5  7  8 10 14 15 19 20
  59115  3.50477965358E-04 -3.69585474340E-05    1  2  3  6  7 11 14 16 17 18
  59116 -3.50476733591E-04  3.69585474340E-05    1  2  4  5  8 12 13 15 17 18
  59117 -3.50476103125E-04  3.69707323499E-05    2  3  4  7  8  9 11 16 18 19
  59118  3.50474871358E-04 -3.69707323499E-05    1  3  4  7  8 10 12 15 17 20
  59191 -3.42468182625E-04  5.09919627633E-05    3  7  8  9 12 13 14 16 17 20
  59192  3.42467931954E-04 -5.12764173949E-05    1  2  4  6 11 13 15 18 19 20
  59193  3.42467244795E-04 -5.09919627633E-05    4  7  8 10 11 13 14 15 18 19
  59194 -3.42466994114E-04  5.12764173949E-05    1  2  3  5 12 14 16 17 19 20
  59195 -3.42464804596E-04  4.75502291528E-05    3  5  7  8  9 14 16 17 18 20
  59196 -3.42464521831E-04  4.31924697272E-05    1  2  3  4  6 10 11 13 18 19
  59197  3.42463877497E-04 -4.75502291528E-05    4  6  7  8 10 13 15 17 18 19
  59198  3.42463594732E-04 -4.31924697272E-05    1  2  3  4  5  9 12 14 17 20
  59271  3.36476115899E-04 -2.94056323976E-05    1  3  8 10 11 12 13 14 17 18
  59272 -3.36475924732E-04  3.19003571792E-05    1  5  6  8 13 14 16 17 18 19
  59273  3.36475818845E-04 -2.94056323976E-05    2  4  7  9 11 12 13 14 17 18
  59274 -3.36475718023E-04  3.19776432029E-05    1  3  4  5  8 15 16 18 19 20
  59275 -3.36475542524E-04  3.26641090758E-05    1  3  4  8  9 10 11 14 19 20
  59276 -3.36475420980E-04  3.19776432029E-05    2  3  4  6  7 15 16 17 19 20
  59277 -3.36474956272E-04  3.19003571792E-05    2  5  6  7 13 14 15 17 18 20
  59278 -3.36474574064E-04  3.26641090758E-05    2  3  4  7  9 10 12 13 19 20
  59371  3.25407996953E-04 -3.78384269582E-05    3  8  9 10 12 13 14 15 16 17
  59372 -3.25407688706E-04  4.16232240001E-05    1  4  5  6 11 12 15 18 19 20
  59373  3.25407572079E-04 -3.78384269582E-05    4  7  9 10 11 13 14 15 16 18
  59374 -3.25407263843E-04  4.16232240001E-05    2  3  5  6 11 12 16 17 19 20
  59375 -3.25407195105E-04  3.94686806415E-05    6  8  9 10 13 15 16 17 18 19
  59376 -3.25407061346E-04  4.07741470116E-05    1  3  4  5  6  9 11 12 14 20
  59377 -3.25406273533E-04  3.94686806415E-05    5  7  9 10 14 15 16 17 18 20
  59378 -3.25406139774E-04  4.07741470116E-05    2  3  4  5  6 10 11 12 13 19
  59927 -2.78363767665E-04  1.58370908219E-04    2  3  4  6  7  9 13 14 18 19
  59928  2.78363358196E-04 -1.60043381686E-04    2  3  6  7  9 14 17 18 19 20
  59929  2.78361159454E-04 -1.58370908219E-04    1  3  4  5  8 10 13 14 17 20
  59930  2.78361060064E-04 -1.60048571643E-04    1  4  8 11 13 16 17 18 19 20
  59931  2.78360806951E-04 -1.64205917133E-04    1  3  4  8 11 13 14 16 17 20
  59932 -2.78360749985E-04  1.60043381686E-04    1  4  5  8 10 13 17 18 19 20
  59933 -2.78359308572E-04  1.60048571643E-04    2  3  7 12 14 15 17 18 19 20
  59934 -2.78359055469E-04  1.64205917133E-04    2  3  4  7 12 13 14 15 18 19
  60015 -2.67560358895E-04  2.62578718306E-04    3  5  8  9 10 12 14 15 16 17
  60016 -2.67559878340E-04  2.62283570717E-04    1  4  5  6 10 11 12 15 18 19
  60017  2.67558392049E-04 -2.62578718306E-04    4  6  7  9 10 11 13 15 16 18
  60018  2.67557911505E-04 -2.62283570717E-04    2  3  5  6  9 11 12 16 17 20
  60019 -2.67556531195E-04  1.92602564560E-04    1  4  5  8 12 13 14 17 19 20
  60020  2.67556265352E-04 -1.87123609166E-04    1  4  8 10 13 14 15 17 19 20
  60021  2.67555630683E-04 -1.92652901246E-04    2  3  4  5  7 12 14 17 18 19
  60022  2.67555472748E-04 -1.91684076635E-04    2  3  4  7 10 14 15 17 18 19
  60023  2.67554021595E-04 -2.52686244027E-04    6  8  9 10 11 13 15 16 18 19
  60024 -2.67553800839E-04  2.57460228277E-04    1  3  5  6  9 11 12 14 16 20
  60025 -2.67553027063E-04  1.92652901246E-04    1  3  4  6  8 11 13 17 18 20
  60026 -2.67552869138E-04  1.91684076635E-04    1  3  4  8  9 13 16 17 18 20
  60027 -2.67550490296E-04  2.52686244027E-04    5  7  9 10 12 14 15 16 17 20
  60028  2.67550269540E-04 -2.57460228277E-04    2  4  5  6 10 11 12 13 15 19
  60029  2.67544712565E-04 -1.92602564560E-04    2  3  6  7 11 13 14 18 19 20
  60030 -2.67544446732E-04  1.87123609166E-04    2  3  7  9 13 14 16 18 19 20
  60047  2.61261950424E-04 -3.17700229525E-04    3  4  7  8  9 12 13 14 17 20
  60048 -2.61261817097E-04  3.17213276539E-04    3  5  7  8 14 16 17 18 19 20
  60049 -2.61261769029E-04  3.18086727003E-04    1  2  4  6 13 15 17 18 19 20
  60050 -2.61261700238E-04  3.17213276539E-04    4  6  7  8 13 15 17 18 19 20
  60051  2.61261679031E-04 -3.19359507620E-04    1  2  3  4 10 11 13 14 18 19
  60052  2.61261562173E-04 -3.19359507620E-04    1  2  3  4  9 12 13 14 17 20
  60053  2.61261399362E-04 -3.17700229525E-04    3  4  7  8 10 11 13 14 18 19
  60054 -2.61261217956E-04  3.18086727003E-04    1  2  3  5 14 16 17 18 19 20
  60087 -2.56711294129E-04  3.33942047063E-04    3  5  7  8  9 10 12 14 16 17
  60088  2.56710877963E-04 -3.35546455592E-04    1  2  4  5  6 10 11 15 18 19
  60089  2.56708563910E-04 -3.33942047063E-04    4  6  7  8  9 10 11 13 15 18
  60090 -2.56708147744E-04  3.35546455592E-04    1  2  3  5  6  9 12 16 17 20
  60091 -2.56704394531E-04  3.26098035752E-04    6  7  8 10 11 13 15 16 18 19
  60092 -2.56704239407E-04  3.30418382390E-04    1  2  3  5  9 11 12 14 16 20
  60093  2.56701735714E-04 -3.26098035752E-04    5  7  8  9 12 14 15 16 17 20
  60094  2.56701580590E-04 -3.30418382390E-04    1  2  4  6 10 11 12 13 15 19
  60135  2.54396528516E-04 -5.94258562885E-05    1  3  8 10 11 12 13 14 17 20
  60136 -2.54396145624E-04  6.25936022302E-05    1  4  5  8 13 15 16 18 19 20
  60137 -2.54395600595E-04  5.94258562885E-05    2  4  7  9 11 12 13 14 18 19
  60138  2.54395217703E-04 -6.25936022302E-05    2  3  6  7 14 15 16 17 19 20
  60139  2.54394949300E-04 -6.23694017668E-05    1  4  5  6  8 13 16 17 18 19
  60140 -2.54394616961E-04  6.34322278890E-05    1  3  4  8  9 10 11 14 17 20
  60141 -2.54392194336E-04  6.23694017668E-05    2  3  5  6  7 14 15 17 18 20
  60142  2.54391861997E-04 -6.34322278890E-05    2  3  4  7  9 10 12 13 18 19
  60599  2.06632063728E-04 -2.36826636947E-05    3  4  7  8  9 10 14 15 17 18
  60600 -2.06631916933E-04  2.16124716244E-05    1  2  3  4  5  6 12 17 18 19
  60601 -2.06631096478E-04  2.38569478038E-05    7  8  9 13 14 15 16 18 19 20
  60602 -2.06631082052E-04  2.36826636947E-05    3  4  7  8  9 10 13 16 17 18
  60603  2.06630960571E-04 -2.32121449022E-05    1  2  3  6 11 12 13 14 19 20
  60604  2.06630935268E-04 -2.16124716244E-05    1  2  3  4  5  6 11 17 18 20
  60605  2.06630884136E-04 -2.38569478038E-05    7  8 10 13 14 15 16 17 19 20
  60606 -2.06630748229E-04  2.32121449022E-05    1  2  4  5 11 12 13 14 19 20
  60711  1.97161086770E-04 -2.85632796716E-04    1  3  4  8  9 10 14 15 18 19
  60712 -1.97160686283E-04  2.88786039832E-04    1  3  5  6  8 12 14 17 18 19
  60713 -1.97160321102E-04  2.85632796716E-04    2  3  4  7  9 10 13 16 17 20
  60714  1.97159920615E-04 -2.88786039832E-04    2  4  5  6  7 11 13 17 18 20
  60715  1.97159535817E-04 -2.86200264618E-04    2  4  7 10 13 15 16 17 19 20
  60716 -1.97159082091E-04  2.84259046964E-04    2  4  5  7 11 12 13 14 17 20
  60717 -1.97158613582E-04  2.86200264618E-04    1  3  8  9 14 15 16 18 19 20
  60718  1.97158159856E-04 -2.84259046964E-04    1  3  6  8 11 12 13 14 18 19
  60791  1.90569163857E-04 -7.50262719624E-05    1  4  5  6  8 11 16 17 19 20
  60792  1.90569049167E-04 -7.50001841265E-05    1  4  8  9 10 11 13 14 16 17
  60793 -1.90568913387E-04  7.53876356739E-05    1  3  4  5  8 10 11 12 13 20
  60794 -1.90568762096E-04  7.53877260244E-05    1  5  8 10 13 15 16 17 18 20
  60795  1.90567938187E-04 -7.53876356739E-05    2  3  4  6  7  9 11 12 14 19
  60796  1.90567786896E-04 -7.53877260244E-05    2  6  7  9 14 15 16 17 18 19
  60797 -1.90566552719E-04  7.50262719624E-05    2  3  5  6  7 12 15 18 19 20
  60798 -1.90566438029E-04  7.50001841265E-05    2  3  7  9 10 12 13 14 15 18
  60807 -1.87449504638E-04  5.82453748754E-04    2  3  5  6  7 10 12 14 15 17
  60808 -1.87449237994E-04  5.85427838708E-04    2  4  5  7  9 10 12 15 18 19
  60809 -1.87449018818E-04  5.87089694123E-04    1  5  8 10 11 12 14 15 17 20
  60810  1.87448265743E-04 -5.82942768315E-04    1  4  5  8 10 12 13 15 16 19
  60811 -1.87446721612E-04  5.82453748754E-04    1  4  5  6  8  9 11 13 16 18
  60812 -1.87446454958E-04  5.85427838708E-04    1  3  6  8  9 10 11 16 17 20
  60813 -1.87428693723E-04  5.87089694123E-04    2  6  7  9 11 12 13 16 18 19
  60814  1.87427940648E-04 -5.82942768315E-04    2  3  6  7  9 11 14 15 16 20
  60855 -1.83000342479E-04  1.71104538505E-04    1  2  4  6  7 10 12 13 17 19
  60856  1.82999603124E-04 -1.85081884450E-04    2  4  5  7  8  9 14 15 17 20
  60857 -1.82994016171E-04  1.71104538505E-04    1  2  3  5  8  9 11 14 18 20
  60858  1.82993276816E-04 -1.85081884450E-04    1  3  6  7  8 10 13 16 18 19
  60859 -1.82985975078E-04  1.76752264909E-04    1  2  4  5  8 11 14 15 18 19
  60860  1.82983866807E-04 -1.60243440565E-04    1  3  7  8 10 12 14 16 17 19
  60861 -1.82983493107E-04  1.76752264909E-04    1  2  3  6  7 12 13 16 17 20
  60862  1.82981384836E-04 -1.60243440565E-04    2  4  7  8  9 11 13 15 18 20
  60975 -1.68991417649E-04  3.70168841186E-04    1  5  8  9 10 11 12 13 14 20
  60976 -1.68991225250E-04  3.70508141995E-04    1  5  6  8 10 13 15 16 19 20
  60977 -1.68991152795E-04  3.70168841186E-04    2  6  7  9 10 11 12 13 14 19
  60978 -1.68990960396E-04  3.70508141995E-04    2  5  6  7  9 14 15 16 19 20
  60979  1.68990042352E-04 -3.68187573162E-04    1  4  5  6  8 11 15 16 17 18
  60980 -1.68989819343E-04  3.69919438016E-04    1  3  4  8  9 10 11 12 16 17
  60981  1.68988817872E-04 -3.68187573162E-04    2  3  5  6  7 12 15 16 17 18
  60982 -1.68988594853E-04  3.69919438016E-04    2  3  4  7  9 10 11 12 15 18
  60995 -1.67932787771E-04  1.65655658766E-04    2  3  5  6  9 10 12 14 15 17
  60996 -1.67932431498E-04  1.57885866079E-04    4  5  6  7  9 10 12 15 18 19
  60997 -1.67931655500E-04  1.69007288409E-04    1  5 10 11 12 14 15 16 17 20
  60998  1.67930894254E-04 -1.65724858555E-04    4  5  8 10 11 12 13 15 16 19
  60999  1.67927236314E-04 -1.69007288409E-04    2  6  9 11 12 13 15 16 18 19
  61000  1.67927083296E-04 -1.65655658766E-04    1  4  5  6  9 10 11 13 16 18
  61001  1.67926727023E-04 -1.57885866079E-04    3  5  6  8  9 10 11 16 17 20
  61002 -1.67926475068E-04  1.65724858555E-04    3  6  7  9 11 12 14 15 16 20
  61131 -1.57195341065E-04  3.49908467932E-04    1  4  5  8 10 13 14 17 18 19
  61132 -1.57195206959E-04  3.50970448485E-04    1  3  4  5  8 10 14 17 19 20
  61133  1.57194608513E-04 -3.49908467932E-04    2  3  6  7  9 13 14 17 18 20
  61134  1.57194474406E-04 -3.50970448485E-04    2  3  4  6  7  9 13 18 19 20
  61135 -1.57191144804E-04  3.47807991549E-04    2  4  7 12 13 14 15 17 18 19
  61136  1.57191061693E-04 -3.49808377487E-04    2  3  4  7 12 14 15 17 19 20
  61137  1.57191020975E-04 -3.47807991549E-04    1  3  8 11 13 14 16 17 18 20
  61138 -1.57190937874E-04  3.49808377487E-04    1  3  4  8 11 13 16 18 19 20
  61139 -1.55967425049E-04  5.93954419620E-04    3  4  6  7  9 11 12 15 18 20
  61140 -1.55966676976E-04  5.88728466768E-04    2  3  6  9 12 13 15 16 17 18
  61141  1.55963403181E-04 -5.90601417890E-04    3  5  6  8 10 11 13 16 19 20
  61142  1.55962925027E-04 -5.94293337942E-04    1  5  9 10 11 13 14 16 18 20
  61143 -1.55957284867E-04  5.90601417890E-04    4  5  6  7  9 12 14 15 19 20
  61144 -1.55956806702E-04  5.94293337942E-04    2  6  9 10 12 13 14 15 17 19
  61145  1.55953681987E-04 -5.93954419620E-04    3  4  5  8 10 11 12 16 17 19
  61146  1.55952933914E-04 -5.88728466768E-04    1  4  5 10 11 14 15 16 17 18
  61171 -1.48311409282E-04  1.02436399913E-05    3  4  5  8  9 10 14 15 17 18
  61172  1.48311142091E-04 -6.42307137649E-06    1  3  4  5  6 10 12 17 18 19
  61173  1.48310681005E-04 -1.05529768760E-05    7 10 12 13 14 15 16 17 19 20
  61174  1.48310433356E-04 -9.57433246536E-06    2  4  5 11 12 13 14 15 19 20
  61175 -1.48310246717E-04  1.02436399913E-05    3  4  6  7  9 10 13 16 17 18
  61176  1.48309979526E-04 -6.42307137649E-06    2  3  4  5  6  9 11 17 18 20
  61177  1.48309291914E-04 -1.05529768760E-05    8  9 11 13 14 15 16 18 19 20
  61178  1.48309044265E-04 -9.57433246536E-06    1  3  6 11 12 13 14 16 19 20
  61239 -1.38065826749E-04  2.07263419842E-04    2  3  4  6  7  9 10 13 18 19
  61240 -1.38065450680E-04  2.09016627504E-04    2  3  5  6  7  9 14 17 18 20
  61241  1.38064710841E-04 -2.07263419842E-04    1  3  4  5  8  9 10 14 17 20
  61242  1.38064334762E-04 -2.09016627504E-04    1  4  5  6  8 10 13 17 18 19
  61243  1.38062720303E-04 -2.09024586005E-04    1  4  8 11 13 15 16 18 19 20
  61244 -1.38062672593E-04  2.09024586005E-04    2  3  7 12 14 15 16 17 19 20
  61245 -1.38062463031E-04  2.11898798235E-04    1  3  8 11 12 13 14 16 17 20
  61246  1.38062415321E-04 -2.11898798235E-04    2  4  7 11 12 13 14 15 18 19
  61247  1.38001481145E-04 -9.97959483878E-05    3  4  5  7  8  9 12 13 14 16
  61248  1.38001455842E-04 -9.98117336874E-05    1  2  6 10 11 15 17 18 19 20
  61249  1.38001148532E-04 -9.97959483878E-05    3  4  6  7  8 10 11 13 14 15
  61250  1.38001123219E-04 -9.98117336874E-05    1  2  5  9 12 16 17 18 19 20
  61251  1.38001074308E-04 -9.95309072137E-05    1  2  3  4  6 10 11 13 14 15
  61252  1.38001058387E-04 -9.95645443893E-05    5  7  8  9 12 16 17 18 19 20
  61253  1.38001044519E-04 -9.95309072137E-05    1  2  3  4  5  9 12 13 14 16
  61254  1.38001028598E-04 -9.95645443893E-05    6  7  8 10 11 15 17 18 19 20
  61255  1.37305712372E-04 -8.80471935555E-04    2  3  5  9 10 11 12 14 18 19
  61256 -1.37305422363E-04  8.80471935555E-04    1  4  6  9 10 11 12 13 17 20
  61257  1.37303456633E-04 -8.81115419944E-04    3  5  6  7 10 14 15 16 18 19
  61258 -1.37303166623E-04  8.81115419944E-04    4  5  6  8  9 13 15 16 17 20
  61259  1.37299589994E-04 -8.76972023679E-04    2  3  5  6 11 14 15 16 18 19
  61260 -1.37299535745E-04  8.76972023679E-04    1  4  5  6 12 13 15 16 17 20
  61261  1.37297211930E-04 -8.77062062952E-04    3  7  9 10 11 12 14 16 18 19
  61262 -1.37297157681E-04  8.77062062952E-04    4  8  9 10 11 12 13 15 17 20
  61395 -1.27970981908E-04  1.21598690302E-04    1  2  4  7 12 13 14 15 17 18
  61396  1.27970338626E-04 -1.31362280589E-04    2  3  4  7  8 12 15 17 19 20
  61397 -1.27967821139E-04  1.21598690302E-04    1  2  3  8 11 13 14 16 17 18
  61398  1.27967791835E-04 -1.31437393447E-04    1  2  5  8 10 13 14 17 18 19
  61399  1.27967177858E-04 -1.31362280589E-04    1  3  4  7  8 11 16 18 19 20
  61400  1.27966698261E-04 -1.35980576346E-04    1  3  4  5  7  8 10 14 19 20
  61401  1.27957663688E-04 -1.31437393447E-04    1  2  6  7  9 13 14 17 18 20
  61402  1.27956570114E-04 -1.35980576346E-04    2  3  4  6  7  8  9 13 19 20
  61471 -1.24295096148E-04  8.53257666857E-05    1  2  3  4  8 10 11 13 17 18
  61472  1.24294784437E-04 -8.43105789608E-05    1  3  4  5  7  8 16 17 18 20
  61473 -1.24294464291E-04  8.53257666857E-05    1  2  3  4  7  9 12 14 17 18
  61474  1.24294152580E-04 -8.43105789608E-05    2  3  4  6  7  8 15 17 18 19
  61475 -1.24293387185E-04  8.41944013114E-05    1  2  5  8 13 14 16 17 19 20
  61476  1.24292997680E-04 -7.99240926115E-05    1  4  7  8 10 11 13 14 19 20
  61477 -1.24289698403E-04  8.41944013114E-05    1  2  6  7 13 14 15 18 19 20
  61478  1.24289308899E-04 -7.99240926115E-05    2  3  7  8  9 12 13 14 19 20
  61583  1.16898681042E-04 -6.21376945182E-05    2  5  9 10 11 12 13 14 18 19
  61584  1.16898309164E-04 -6.21376945182E-05    1  6  9 10 11 12 13 14 17 20
  61585 -1.16897170712E-04  6.24865602164E-05    3  5  6  7 10 14 15 16 19 20
  61586 -1.16896816419E-04  6.01920099363E-05    2  3  5  6 11 14 15 16 17 18
  61587 -1.16896798834E-04  6.24865602164E-05    4  5  6  8  9 13 15 16 19 20
  61588 -1.16896552302E-04  6.01920099363E-05    1  4  5  6 12 13 15 16 17 18
  61589  1.16895310174E-04 -6.05025135755E-05    3  4  7  9 10 11 12 16 18 19
  61590  1.16895046057E-04 -6.05025135755E-05    3  4  8  9 10 11 12 15 17 20
  61651  1.11234962100E-04 -9.32877902158E-05    3  8  9 10 11 12 14 15 16 19
  61652  1.11234691802E-04 -9.23872338963E-05    1  5  6 11 12 14 15 16 18 19
  61653  1.11234059366E-04 -9.47268584807E-05    4  5  6  7  9 10 15 16 17 20
  61654  1.11233955217E-04 -9.47268584807E-05    3  5  6  8  9 10 15 16 18 19
  61655  1.11233919195E-04 -9.32877902158E-05    4  7  9 10 11 12 13 15 16 20
  61656 -1.11233890354E-04  9.26381364546E-05    2  4  5  6  9 10 11 12 13 17
  61657 -1.11233786215E-04  9.26381364546E-05    1  3  5  6  9 10 11 12 14 18
  61658  1.11233648907E-04 -9.23872338963E-05    2  5  6 11 12 13 15 16 17 20
  61659 -1.10475169143E-04  9.47421070180E-05    1  7  8  9 14 15 16 18 19 20
  61660  1.10475122801E-04 -9.45524881685E-05    1  2  3  6  8 11 12 13 14 19
  61661 -1.10474512941E-04  9.47421070180E-05    2  7  8 10 13 15 16 17 19 20
  61662  1.10474466600E-04 -9.45524881685E-05    1  2  4  5  7 11 12 13 14 20
  61663  1.10474312919E-04 -9.46770971902E-05    1  3  4  7  8  9 10 14 15 18
  61664  1.10474220331E-04 -9.40384239855E-05    1  2  3  5  6  8 12 17 18 19
  61665  1.10473552525E-04 -9.46770971902E-05    2  3  4  7  8  9 10 13 16 17
  61666  1.10473459938E-04 -9.40384239855E-05    1  2  4  5  6  7 11 17 18 20
  61675 -1.08448342359E-04  2.90517082376E-04    1  3  4  7  8 10 14 15 18 19
  61676 -1.08448079632E-04  2.93827652018E-04    1  2  3  5  8 12 14 17 18 19
  61677  1.08446145797E-04 -2.91170300708E-04    2  4  7  8 10 13 15 17 19 20
  61678  1.08446079165E-04 -2.90517082376E-04    2  3  4  7  8  9 13 16 17 20
  61679 -1.08446050524E-04  2.91170300708E-04    1  3  7  8  9 14 16 18 19 20
  61680 -1.08445832243E-04  2.88982740500E-04    1  2  4  5  7 12 13 14 17 20
  61681  1.08445816438E-04 -2.93827652018E-04    1  2  4  6  7 11 13 17 18 20
  61682  1.08445736970E-04 -2.88982740500E-04    1  2  3  6  8 11 13 14 18 19
  61695 -1.06704975790E-04  3.81714138743E-04    4  6  7  8  9 10 11 12 13 15
  61696 -1.06704808999E-04  3.81714138743E-04    3  5  7  8  9 10 11 12 14 16
  61697  1.06704758383E-04 -3.81796440740E-04    1  2  5  6  9 12 15 16 17 20
  61698  1.06704591592E-04 -3.81796440740E-04    1  2  5  6 10 11 15 16 18 19
  61699  1.06704533005E-04 -3.83445988714E-04    5  6  7  8 10 11 15 16 18 19
  61700 -1.06704426339E-04  3.80993511066E-04    1  2  3  5  9 10 11 12 14 16
  61701  1.06704070097E-04 -3.83445988714E-04    5  6  7  8  9 12 15 16 17 20
  61702 -1.06703963442E-04  3.80993511066E-04    1  2  4  6  9 10 11 12 13 15
  61719  1.05064754206E-04 -2.82894938856E-04    3  4  8 10 11 13 14 15 18 19
  61720 -1.05064615172E-04  2.82894938856E-04    3  4  7  9 12 13 14 16 17 20
  61721 -1.05064522994E-04  2.83063799491E-04    1  3  5 12 14 16 17 18 19 20
  61722  1.05064383960E-04 -2.83063799491E-04    2  4  6 11 13 15 17 18 19 20
  61723  1.05064189434E-04 -2.81662498934E-04    3  5  8  9 14 16 17 18 19 20
  61724  1.05063929234E-04 -2.80650118406E-04    1  3  4  6 10 11 13 14 18 19
  61725 -1.05063086077E-04  2.81662498934E-04    4  6  7 10 13 15 17 18 19 20
  61726 -1.05062825877E-04  2.80650118406E-04    2  3  4  5  9 12 13 14 17 20
  61735 -1.03196630172E-04  1.28045942823E-04    1  3  4  6 11 13 14 18 19 20
  61736  1.03196257694E-04 -1.26209112384E-04    3  8  9 13 14 16 17 18 19 20
  61737 -1.03195447801E-04  1.28045942823E-04    2  3  4  5 12 13 14 17 19 20
  61738  1.03195075323E-04 -1.26209112384E-04    4  7 10 13 14 15 17 18 19 20
  61739 -1.03194604518E-04  1.24228180483E-04    2  3  4  6 11 13 17 18 19 20
  61740  1.03194224279E-04 -1.24623243162E-04    3  4  7  9 13 14 16 17 18 20
  61741 -1.03193040802E-04  1.24228180483E-04    1  3  4  5 12 14 17 18 19 20
  61742  1.03192660563E-04 -1.24623243162E-04    3  4  8 10 13 14 15 17 18 19
  61779  1.01969202914E-04 -1.05868627147E-05    2  3  6  7  9 10 12 13 14 17
  61780 -1.01969104303E-04  9.48696031036E-06    2  4  5  6  7  9 15 18 19 20
  61781 -1.01968756844E-04  1.05868627147E-05    1  4  5  8  9 10 11 13 14 18
  61782  1.01968658243E-04 -9.48696031036E-06    1  3  5  6  8 10 16 17 19 20
  61783  1.01968428875E-04 -1.08410205253E-05    2  6  7 12 13 15 16 17 18 19
  61784  1.01968334286E-04 -1.05301018237E-05    2  3  4  7  9 11 12 14 15 20
  61785 -1.01967607167E-04  1.08410205253E-05    1  5  8 11 14 15 16 17 18 20
  61786 -1.01967512579E-04  1.05301018237E-05    1  3  4  8 10 11 12 13 16 19
  62075 -8.31636930936E-05  2.58318103266E-05    3  4  7  9 10 12 13 14 17 20
  62076 -8.31636500797E-05  2.59959178727E-05    2  4  5  6 13 15 17 18 19 20
  62077 -8.31634240383E-05  2.58318103266E-05    3  4  8  9 10 11 13 14 18 19
  62078 -8.31633810244E-05  2.59959178727E-05    1  3  5  6 14 16 17 18 19 20
  62079  8.31631846767E-05 -2.57843300478E-05    3  5  8 14 15 16 17 18 19 20
  62080  8.31631555726E-05 -2.62788512454E-05    1  3  4 10 11 12 13 14 18 19
  62081  8.31630804746E-05 -2.57843300478E-05    4  6  7 13 15 16 17 18 19 20
  62082  8.31630513599E-05 -2.62788512454E-05    2  3  4  9 11 12 13 14 17 20
  62135 -7.69973248930E-05  3.06192188905E-04    1  3  5  7  8  9 10 12 14 16
  62136  7.69971547327E-05 -3.06192188905E-04    2  4  6  7  8  9 10 11 13 15
  62137  7.69970311138E-05 -3.06606234799E-04    1  2  5  6  8 10 11 15 18 19
  62140 -7.69968609536E-05  3.06606234799E-04    1  2  5  6  7  9 12 16 17 20
  62143  7.69965573818E-05 -3.04481875239E-04    1  6  7  8 10 11 15 16 18 19
  62144  7.69964224540E-05 -3.05111651141E-04    1  2  3  5  8  9 11 12 14 16
  62149 -7.69943324944E-05  3.04481875239E-04    2  5  7  8  9 12 15 16 17 20
  62150 -7.69941975665E-05  3.05111651141E-04    1  2  4  6  7 10 11 12 13 15
  62175  7.52702402591E-05 -3.42580915885E-05    1  2  3  4  8 10 11 13 16 17
  62176  7.52701035834E-05 -3.36970361334E-05    1  4  5  7  8 11 16 17 18 20
  62177  7.52700583266E-05 -3.36426742150E-05    1  2  5  8 10 13 16 17 19 20
  62178  7.52698904513E-05 -3.45146474627E-05    1  4  5  7  8 10 11 13 14 20
  62179 -7.52680123391E-05  3.42580915885E-05    1  2  3  4  7  9 12 14 15 18
  62180 -7.52678756529E-05  3.36970361334E-05    2  3  6  7  8 12 15 17 18 19
  62181 -7.52666749596E-05  3.36426742150E-05    1  2  6  7  9 14 15 18 19 20
  62182 -7.52665070948E-05  3.45146474627E-05    2  3  6  7  8  9 12 13 14 19
  62225 -7.04321590475E-05  4.40431932924E-05    1  2  5  9 10 11 12 14 17 18
  62226  7.04318035537E-05 -4.19960268519E-05    3  4  5  6  7  8 10 15 16 19
  62227  7.04315153764E-05 -4.33791175762E-05    1  2  5  6 11 13 14 15 16 18
  62228 -7.04313796904E-05  4.33791175762E-05    1  2  5  6 12 13 14 15 16 17
  62229  7.04313599998E-05 -4.40431932924E-05    1  2  6  9 10 11 12 13 17 18
  62230  7.04310691269E-05 -4.33793665599E-05    3  7  8  9 10 11 12 16 19 20
  62231 -7.04310045165E-05  4.19960268519E-05    3  4  5  6  7  8  9 15 16 20
  62232 -7.04309334409E-05  4.33793665599E-05    4  7  8  9 10 11 12 15 19 20
  62249  6.91726137153E-05 -2.02824035775E-05    3  6  7 12 14 15 17 18 19 20
  62250 -6.91724879799E-05  2.10220663900E-05    2  3  4  9 12 13 14 15 18 19
  62251  6.91722801864E-05 -1.98219427330E-05    3  4  6  7  9 12 13 14 18 19
  62252 -6.91721148804E-05  2.02824658106E-05    2  3  6  9 14 15 17 18 19 20
  62253 -6.91707973283E-05  2.02824035775E-05    4  5  8 11 13 16 17 18 19 20
  62254  6.91706716034E-05 -2.10220663900E-05    1  3  4 10 11 13 14 16 17 20
  62255 -6.91693920636E-05  1.98219427330E-05    3  4  5  8 10 11 13 14 17 20
  62256  6.91692267576E-05 -2.02824658106E-05    1  4  5 10 13 16 17 18 19 20
  62265  6.91099159169E-05 -9.48100348186E-06    1  2  3  6  8 11 13 18 19 20
  62266  6.91098875709E-05 -9.70602608191E-06    1  3  7  8  9 13 14 16 18 20
  62267 -6.91069409976E-05  1.04054968769E-05    1  2  3  4  5  8 12 14 17 19
  62268  6.91069387442E-05 -9.48820056444E-06    1  4  7  8 10 14 15 17 18 19
  62269  6.91062516064E-05 -1.04054968769E-05    1  2  3  4  6  7 11 13 18 20
  62270 -6.91062493530E-05  9.48820056444E-06    2  3  7  8  9 13 16 17 18 20
  62271 -6.91050524294E-05  9.48100348186E-06    1  2  4  5  7 12 14 17 19 20
  62272 -6.91050240834E-05  9.70602608191E-06    2  4  7  8 10 13 14 15 17 19
  62417  6.04765657334E-05 -1.14027929271E-04    1  3  4  6 11 12 13 14 19 20
  62418 -6.04763232655E-05  1.13343163101E-04    8  9 13 14 15 16 17 18 19 20
  62419 -6.04760728478E-05  1.14027929271E-04    2  3  4  5 11 12 13 14 19 20
  62420  6.04760274226E-05 -1.15342125128E-04    1  3  4  5  6 12 17 18 19 20
  62421 -6.04759966863E-05  1.15342125128E-04    2  3  4  5  6 11 17 18 19 20
  62422  6.04758303694E-05 -1.13343163101E-04    7 10 13 14 15 16 17 18 19 20
  62423  6.04758015180E-05 -1.12702849048E-04    3  4  8  9 10 13 14 15 17 18
  62424 -6.04757707817E-05  1.12702849048E-04    3  4  7  9 10 13 14 16 17 18
  62489 -5.75759268932E-05  2.41534477047E-04    3  4  7  8  9 12 13 14 16 17
  62490  5.75758705697E-05 -2.41707366683E-04    1  2  4  6 11 15 17 18 19 20
  62491 -5.75755438957E-05  2.41534477047E-04    3  4  7  8 10 11 13 14 15 18
  62492  5.75754875828E-05 -2.41707366683E-04    1  2  3  5 12 16 17 18 19 20
  62493 -5.75749671304E-05  2.41324614933E-04    5  7  8  9 14 16 17 18 19 20
  62494 -5.75749586540E-05  2.41324614933E-04    6  7  8 10 13 15 17 18 19 20
  62495  5.75749346146E-05 -2.41353276661E-04    1  2  3  4  6 10 11 13 14 19
  62496  5.75749261382E-05 -2.41353276661E-04    1  2  3  4  5  9 12 13 14 20
  62497  5.73786807191E-05 -6.01306692323E-04    4  6  7  8 13 15 16 17 18 19
  62498  5.73786056948E-05 -6.01836369794E-04    3  7  8  9 10 12 13 14 17 20
  62499  5.73784588684E-05 -6.01508584069E-04    1  2  3  4  9 11 12 14 17 20
  62500  5.73783661648E-05 -6.02952467030E-04    1  2  4  5  6 13 15 18 19 20
  62501  5.73776278736E-05 -6.01836369794E-04    4  7  8  9 10 11 13 14 18 19
  62502  5.73775590408E-05 -6.01306692323E-04    3  5  7  8 14 15 16 17 18 20
  62503  5.73773883435E-05 -6.02952467030E-04    1  2  3  5  6 14 16 17 19 20
  62504  5.73773372007E-05 -6.01508584069E-04    1  2  3  4 10 11 12 13 18 19
  62577 -5.16335284711E-05  1.77334402352E-04    2  3  7  8  9 10 11 14 16 19
  62578  5.16333778540E-05 -1.77334402352E-04    1  4  7  8  9 10 12 13 15 20
  62579  5.16332986284E-05 -1.76811599431E-04    1  4  6  7  8  9 15 16 17 20
  62580  5.16328552220E-05 -1.76150627634E-04    1  2  4  6  8  9 11 12 13 17
  62581  5.16328152406E-05 -1.77439141314E-04    1  2  5  6  7 11 14 16 18 19
  62582 -5.16326646235E-05  1.77439141314E-04    1  2  5  6  8 12 13 15 17 20
  62583 -5.16326366250E-05  1.76811599431E-04    2  3  5  7  8 10 15 16 18 19
  62584 -5.16321932291E-05  1.76150627634E-04    1  2  3  5  7 10 11 12 14 18
  62629  4.97562188270E-05 -2.55968533841E-05    1  2  3  6 10 11 12 13 14 17
  62630  4.97561464036E-05 -2.55664078695E-05    4  5  7  8  9 15 16 18 19 20
  62631  4.97561387485E-05 -2.55968533841E-05    1  2  4  5  9 11 12 13 14 18
  62632  4.97560663357E-05 -2.55664078695E-05    3  6  7  8 10 15 16 17 19 20
  62633  4.97558454538E-05 -2.56011411385E-05    1  2  5  6 11 14 15 17 18 20
  62634  4.97557824755E-05 -2.56011411385E-05    1  2  5  6 12 13 16 17 18 19
  62635  4.97557627428E-05 -2.55909559254E-05    3  4  7  8  9 10 12 13 16 19
  62636  4.97556997646E-05 -2.55909559254E-05    3  4  7  8  9 10 11 14 15 20
  62637  4.88183673278E-05 -1.85043455897E-04    2  3  4  6  7  9 11 12 15 18
  62638 -4.88178459277E-05  1.82247612938E-04    2  3  6  7  9 12 15 16 17 18
  62639 -4.88124383802E-05  1.85043455897E-04    1  3  4  5  8 10 11 12 16 17
  62640  4.88119944473E-05 -1.82070882240E-04    1  5  6  8 10 11 13 16 19 20
  62641  4.88119169906E-05 -1.82247612938E-04    1  4  5  8 10 11 15 16 17 18
  62642 -4.88117343948E-05  1.84963814523E-04    1  5  8  9 10 11 13 14 16 20
  62643 -4.88098012964E-05  1.82070882240E-04    2  5  6  7  9 12 14 15 19 20
  62644  4.88095412439E-05 -1.84963814523E-04    2  6  7  9 10 12 13 14 15 19
  62733  4.37655862701E-05 -1.45657107179E-04    1  2  3  4  5  6  7 10 11 12
  62734 -4.37654495944E-05  1.46127738740E-04    2  5  7  8  9 10 15 16 17 18
  62735  4.37651251843E-05 -1.45098545971E-04    1  2  5  6  8 11 12 15 19 20
  62736 -4.37650085150E-05  1.45657107179E-04    1  2  3  4  5  6  8  9 11 12
  62737  4.37648718393E-05 -1.46127738740E-04    1  6  7  8  9 10 15 16 17 18
  62738  4.37648370070E-05 -1.46961391389E-04    1  7  8  9 10 12 13 14 15 16
  62739 -4.37648322370E-05  1.45098545971E-04    1  2  5  6  7 11 12 16 19 20
  62740 -4.37645440597E-05  1.46961391389E-04    2  7  8  9 10 11 13 14 15 16
  62769  4.16538942088E-05 -9.15595867692E-05    3  6  8  9 10 15 16 17 18 19
  62770 -4.16538389173E-05  9.17250852812E-05    1  3  4  5  6  9 11 12 14 18
  62771  4.16537665992E-05 -9.11071384298E-05    3  8  9 10 12 13 14 15 16 19
  62772  4.16537619556E-05 -9.15595867692E-05    4  5  7  9 10 15 16 17 18 20
  62773 -4.16537066640E-05  9.17250852812E-05    2  3  4  5  6 10 11 12 13 17
  62774  4.16536765490E-05 -9.16536934726E-05    1  5  6 11 12 14 15 18 19 20
  62775  4.16531635938E-05 -9.11071384298E-05    4  7  9 10 11 13 14 15 16 20
  62776  4.16530735436E-05 -9.16536934726E-05    2  5  6 11 12 13 16 17 19 20
  62949  2.86075713401E-05 -2.82092813792E-05    3  4  8  9 10 11 13 14 15 18
  62950  2.86075479010E-05 -2.79691226421E-05    1  3  5  6 12 16 17 18 19 20
  62951 -2.86075097729E-05  2.81593833207E-05    5  8  9 14 15 16 17 18 19 20
  62952 -2.86074958526E-05  2.81002808211E-05    1  3  4  6 10 11 12 13 14 19
  62953  2.86072750760E-05 -2.82092813792E-05    3  4  7  9 10 12 13 14 16 17
  62954  2.86072516368E-05 -2.79691226421E-05    2  4  5  6 11 15 17 18 19 20
  62955 -2.86069866775E-05  2.81593833207E-05    6  7 10 13 15 16 17 18 19 20
  62956 -2.86069727572E-05  2.81002808211E-05    2  3  4  5  9 11 12 13 14 20
  62977 -2.67938434749E-05  2.31885630173E-04    3  5  7  8  9 10 12 13 14 16
  62978 -2.67938248584E-05  2.31885630173E-04    4  6  7  8  9 10 11 13 14 15
  62979  2.67937758320E-05 -2.31836362725E-04    1  2  5  6 10 11 15 18 19 20
  62980  2.67937572154E-05 -2.31836362725E-04    1  2  5  6  9 12 16 17 19 20
  62981 -2.67928817115E-05  2.31612036919E-04    6  7  8 10 11 15 16 17 18 19
  62982  2.67928475741E-05 -2.31529983732E-04    1  2  3  4  5  9 11 12 14 16
  62983 -2.67924808030E-05  2.31612036919E-04    5  7  8  9 12 15 16 17 18 20
  62984  2.67924466656E-05 -2.31529983732E-04    1  2  3  4  6 10 11 12 13 15
  62993 -2.63524183177E-05  2.44184733669E-05    1  5  6  7  8 10 15 16 18 19
  62994 -2.63523898453E-05  2.39438168060E-05    1  2  3  5  8  9 10 11 12 14
  62995 -2.63521884855E-05  2.44184733669E-05    2  5  6  7  8  9 15 16 17 20
  62996 -2.63521600132E-05  2.39438168060E-05    1  2  4  6  7  9 10 11 12 13
  62997  2.63514874484E-05 -2.40817109292E-05    2  4  7  8  9 10 11 12 13 15
  62998  2.63514292612E-05 -2.39986919289E-05    1  2  5  6  7 12 15 16 17 20
  62999  2.63514263340E-05 -2.40817109292E-05    1  3  7  8  9 10 11 12 14 16
  63000  2.63513681467E-05 -2.39986919289E-05    1  2  5  6  8 11 15 16 18 19
  63021  2.51369671508E-05 -3.98800831235E-04    1  3  4  8 10 11 12 13 17 18
  63022  2.51368912947E-05 -3.98800831235E-04    2  3  4  7  9 11 12 14 17 18
  63023  2.51367766892E-05 -3.98461452696E-04    1  3  4  5  8 15 16 17 18 20
  63024  2.51367008226E-05 -3.98461452696E-04    2  3  4  6  7 15 16 17 18 19
  63025  2.51364623455E-05 -3.98300895498E-04    1  5  6  8 13 14 16 17 19 20
  63026 -2.51362409161E-05  3.96335203960E-04    1  4  8  9 10 11 13 14 19 20
  63027  2.51350788563E-05 -3.98300895498E-04    2  5  6  7 13 14 15 18 19 20
  63028 -2.51348574269E-05  3.96335203960E-04    2  3  7  9 10 12 13 14 19 20
  63041 -2.43315776161E-05  4.04496107048E-05    1  2  6 11 12 15 16 17 19 20
  63042  2.43315161015E-05 -4.08495293573E-05    4  7  8  9 11 12 13 14 15 16
  63043  2.43314548291E-05 -4.04186407614E-05    1  2  3  4  5  6  9 10 12 13
  63044  2.43314225660E-05 -3.99231524155E-05    5  6  7  8  9 10 15 17 18 20
  63045  2.43313825320E-05 -4.04496107048E-05    1  2  5 11 12 15 16 18 19 20
  63046 -2.43313490370E-05  4.04186407614E-05    1  2  3  4  5  6  9 10 11 14
  63047 -2.43313210279E-05  4.08495293573E-05    3  7  8 10 11 12 13 14 15 16
  63048 -2.43313167739E-05  3.99231524155E-05    5  6  7  8  9 10 16 17 18 19
  63081 -2.21265460647E-05  5.48547659261E-05    1  3  8 10 11 12 13 14 16 17
  63082  2.21264562462E-05 -5.58939987653E-05    1  4  5  8 11 15 16 18 19 20
  63083  2.21254670107E-05 -5.48547659261E-05    2  4  7  9 11 12 13 14 15 18
  63084 -2.21253771922E-05  5.58939987653E-05    2  3  6  7 12 15 16 17 19 20
  63085  2.21248507800E-05 -5.58037761538E-05    1  5  6  8 10 13 16 17 18 19
  63086  2.21247685008E-05 -5.61043089613E-05    1  3  4  5  8  9 10 11 14 20
  63087 -2.21238963031E-05  5.58037761538E-05    2  5  6  7  9 14 15 17 18 20
  63088 -2.21238140345E-05  5.61043089613E-05    2  3  4  6  7  9 10 12 13 19
  63097  2.15589444373E-05 -5.14316571683E-04    5  7  8 10 12 13 14 15 16 17
  63098  2.15585041898E-05 -5.10219747667E-04    1  2  4  5 10 11 12 15 19 20
  63099 -2.15552021121E-05  5.07498566781E-04    6  7  8  9 10 11 13 16 17 18
  63100 -2.15550487152E-05  5.09810674087E-04    1  2  3  4  5  6  9 11 16 20
  63101 -2.15495961215E-05  5.07498566781E-04    5  7  8  9 10 12 14 15 17 18
  63102 -2.15494427246E-05  5.09810674087E-04    1  2  3  4  5  6 10 12 15 19
  63103  2.15493088813E-05 -5.14316571683E-04    6  7  8  9 11 13 14 15 16 18
  63104  2.15488686338E-05 -5.10219747667E-04    1  2  3  6  9 11 12 16 19 20
  63105 -2.04973637955E-05  6.25098920398E-05    3  4  7  8  9 11 12 14 16 19
  63106 -2.04972551920E-05  6.25098920398E-05    3  4  7  8 10 11 12 13 15 20
  63107  2.04972455257E-05 -6.23676967298E-05    1  2  6 11 14 15 16 17 18 19
  63108  2.04971369222E-05 -6.23676967298E-05    1  2  5 12 13 15 16 17 18 20
  63109 -2.04965931991E-05  6.27250633599E-05    4  5  6  7  8  9 16 17 19 20
  63110 -2.04965278622E-05  6.22642841802E-05    1  2  4  6  9 10 11 13 14 17
  63111 -2.04962348307E-05  6.27250633599E-05    3  5  6  7  8 10 15 18 19 20
  63112 -2.04961694938E-05  6.22642841802E-05    1  2  3  5  9 10 12 13 14 18
  63141 -1.89401658521E-05  8.66433192098E-04    3  5  8  9 10 12 14 16 17 19
  63142  1.89397049032E-05 -8.59384658504E-04    1  4  5  6 10 11 14 15 18 19
  63143 -1.89373564811E-05  8.66433192098E-04    4  6  7  9 10 11 13 15 18 20
  63144  1.89368955427E-05 -8.59384658504E-04    2  3  5  6  9 12 13 16 17 20
  63145 -1.89338668902E-05  8.55545366313E-04    3  6  8 10 11 13 15 16 18 19
  63146  1.89335880738E-05 -8.60554508898E-04    1  3  5  9 11 12 14 16 18 20
  63147 -1.89272459611E-05  8.55545366313E-04    4  5  7  9 12 14 15 16 17 20
  63148  1.89269671447E-05 -8.60554508898E-04    2  4  6 10 11 12 13 15 17 19
  63273 -1.19016139946E-05  2.43623722339E-05    1  2  5  6  9 10 11 12 13 14
  63274 -1.19015971787E-05  2.42284405464E-05    1  2  5  6 11 12 15 16 17 18
  63275 -1.19015866489E-05  2.42095947288E-05    5  6  7  8  9 10 15 16 19 20
  63276 -1.19015573447E-05  2.43623822579E-05    3  4  7  8  9 10 11 12 15 16
  63293 -1.04831937410E-05  2.01985072421E-05    1  6  7  8 10 15 16 17 18 19
  63294 -1.04831811896E-05  2.02362525313E-05    1  2  3  4  5  8  9 11 12 14
  63295  1.04829481564E-05 -2.00959756001E-05    2  4  7  8  9 10 11 13 14 15
  63296  1.04829194629E-05 -2.02722832073E-05    1  2  5  6  7 12 16 17 19 20
  63297  1.04828440280E-05 -2.00959756001E-05    1  3  7  8  9 10 12 13 14 16
  63298 -1.04828159663E-05  2.01985072421E-05    2  5  7  8  9 15 16 17 18 20
  63299  1.04828153451E-05 -2.02722832073E-05    1  2  5  6  8 11 15 18 19 20
  63300 -1.04828034254E-05  2.02362525313E-05    1  2  3  4  6  7 10 11 12 13
  63365 -6.34531807262E-06  1.38460826218E-05    1  2  3 10 11 12 13 14 19 20
  63366  6.34525111413E-06 -1.38460826218E-05    1  2  4  9 11 12 13 14 19 20
  63367  6.34515531475E-06 -1.50504036791E-05    5  7  8 13 14 15 16 18 19 20
  63368 -6.34508836680E-06  1.50504036791E-05    6  7  8 13 14 15 16 17 19 20
  63369 -6.34495958835E-06  1.66534093309E-05    1  2  3  4  5  6 16 17 18 19
  63370  6.34483314748E-06 -1.66534093309E-05    1  2  3  4  5  6 15 17 18 20
  63371 -6.34478935438E-06  1.51894999037E-05    3  4  7  8  9 10 11 14 17 18
  63372  6.34466291352E-06 -1.51894999037E-05    3  4  7  8  9 10 12 13 17 18
  63433  4.36634211068E-06 -9.98028478663E-05    2  3  6  7  9 11 12 14 15 16
  63434 -4.36586426152E-06  9.86062346581E-05    2  6  7  9 11 12 15 16 18 19
  63435 -4.36460613916E-06  1.04825666383E-04    2  5  6  7  9 10 12 15 18 19
  63436 -4.36445515352E-06  9.98028478663E-05    1  4  5  8 10 11 12 13 15 16
  63437 -4.36434989846E-06  9.97798317740E-05    2  3  5  6  7  9 10 12 14 15
  63438  4.36432916544E-06 -1.04825666383E-04    1  5  6  8  9 10 11 16 17 20
  63439  4.36407292474E-06 -9.97798317740E-05    1  4  5  6  8  9 10 11 13 16
  63440  4.36397729383E-06 -9.86062346581E-05    1  5  8 10 11 12 15 16 17 20
  63465 -1.97040090659E-06  1.36371898355E-04    1  3  5  6  9 11 12 16 18 20
  63466 -1.97039648410E-06  1.36939389184E-04    6  7  9 10 11 13 15 16 18 20
  63467  1.97037508772E-06 -1.35921502220E-04    2  3  5  6  9 11 12 13 16 20
  63468 -1.97036997027E-06  1.35684094324E-04    3  6  8  9 10 11 13 15 16 18
  63469  1.96983389177E-06 -1.36939389184E-04    5  8  9 10 12 14 15 16 17 19
  63470 -1.96981249538E-06  1.35921502220E-04    1  4  5  6 10 11 12 14 15 19
  63471  1.96943323598E-06 -1.36371898355E-04    2  4  5  6 10 11 12 15 17 19
  63472  1.96940229966E-06 -1.35684094324E-04    4  5  7  9 10 12 14 15 16 17
  63481 -1.25043766269E-06  5.12179140092E-04    4  5  7  8  9 10 12 13 15 20
  63482  1.25024989674E-06 -5.12179140092E-04    3  6  7  8  9 10 11 14 16 19
  63483 -1.24823437172E-06  5.12872425674E-04    1  2  5  6 10 12 13 15 17 20
  63484  1.24804660578E-06 -5.12872425674E-04    1  2  5  6  9 11 14 16 18 19
  63485 -1.24607640066E-06  5.09788047625E-04    4  6  7  8  9 11 15 16 17 20
  63486  1.24489143878E-06 -5.09788047625E-04    3  5  7  8 10 12 15 16 18 19
  63487 -1.24457147222E-06  5.07202535291E-04    1  2  4  6  9 11 12 13 16 17
  63488  1.24338652087E-06 -5.07202535291E-04    1  2  3  5 10 11 12 14 15 18
