TERM-2
  1 0.15421443713081701
  2 0.15421443713081701
  3 0.15421443713081701
  4 0.15421443713081701
  5 0.15421443713081701
  6 0.15421443713081701
  7 0.15421443713081701
  8 0.15421443713081701
  9 0.15421443713081701
  10 0.15421443713081701
  11 0.15421443713081701
  12 0.15421443713081701
  13 0.15421443713081701
  14 0.15421443713081701
  15 0.15421443713081701
  16 0.15421443713081701
  17 0.15421443713081701
  18 0.15421443713081701
TERM-02
  1 2 -0.92553734502713203E-001
  1 3 0.51666540304653899E-003
  1 4 -0.44802643191107619E-001
  1 5 0.51666540304653899E-003
  1 6 -0.92553734502713203E-001
  1 7 -0.92553734502713203E-001
  1 8 0.67309574107000530E-001
  1 9 -0.18705490866797181E-002
  1 10 0.51666540304653899E-003
  1 11 -0.18705490866797181E-002
  1 12 0.67309574107000530E-001
  1 13 0.51666540304653899E-003
  1 14 -0.18705490866797181E-002
  1 15 0.67309574107000530E-001
  1 16 -0.92553734502713203E-001
  1 17 0.67309574107000530E-001
  1 18 -0.18705490866797181E-002
  2 1 -0.92553734502713203E-001
  2 3 -0.92553734502713203E-001
  2 4 0.51666540304653899E-003
  2 5 -0.44802643191107619E-001
  2 6 0.51666540304653899E-003
  2 7 0.67309574107000530E-001
  2 8 -0.92553734502713203E-001
  2 9 0.67309574107000530E-001
  2 10 -0.18705490866797181E-002
  2 11 0.51666540304653899E-003
  2 12 -0.18705490866797181E-002
  2 13 -0.18705490866797181E-002
  2 14 0.51666540304653899E-003
  2 15 -0.18705490866797181E-002
  2 16 0.67309574107000530E-001
  2 17 -0.92553734502713203E-001
  2 18 0.67309574107000530E-001
  3 1 0.51666540304653899E-003
  3 2 -0.92553734502713203E-001
  3 4 -0.92553734502713203E-001
  3 5 0.51666540304653899E-003
  3 6 -0.44802643191107619E-001
  3 7 -0.18705490866797181E-002
  3 8 0.67309574107000530E-001
  3 9 -0.92553734502713203E-001
  3 10 0.67309574107000530E-001
  3 11 -0.18705490866797181E-002
  3 12 0.51666540304653899E-003
  3 13 0.67309574107000530E-001
  3 14 -0.18705490866797181E-002
  3 15 0.51666540304653899E-003
  3 16 -0.18705490866797181E-002
  3 17 0.67309574107000530E-001
  3 18 -0.92553734502713203E-001
  4 1 -0.44802643191107619E-001
  4 2 0.51666540304653899E-003
  4 3 -0.92553734502713203E-001
  4 5 -0.92553734502713203E-001
  4 6 0.51666540304653899E-003
  4 7 0.51666540304653899E-003
  4 8 -0.18705490866797181E-002
  4 9 0.67309574107000530E-001
  4 10 -0.92553734502713203E-001
  4 11 0.67309574107000530E-001
  4 12 -0.18705490866797181E-002
  4 13 -0.92553734502713203E-001
  4 14 0.67309574107000530E-001
  4 15 -0.18705490866797181E-002
  4 16 0.51666540304653899E-003
  4 17 -0.18705490866797181E-002
  4 18 0.67309574107000530E-001
  5 1 0.51666540304653899E-003
  5 2 -0.44802643191107619E-001
  5 3 0.51666540304653899E-003
  5 4 -0.92553734502713203E-001
  5 6 -0.92553734502713203E-001
  5 7 -0.18705490866797181E-002
  5 8 0.51666540304653899E-003
  5 9 -0.18705490866797181E-002
  5 10 0.67309574107000530E-001
  5 11 -0.92553734502713203E-001
  5 12 0.67309574107000530E-001
  5 13 0.67309574107000530E-001
  5 14 -0.92553734502713203E-001
  5 15 0.67309574107000530E-001
  5 16 -0.18705490866797181E-002
  5 17 0.51666540304653899E-003
  5 18 -0.18705490866797181E-002
  6 1 -0.92553734502713203E-001
  6 2 0.51666540304653899E-003
  6 3 -0.44802643191107619E-001
  6 4 0.51666540304653899E-003
  6 5 -0.92553734502713203E-001
  6 7 0.67309574107000530E-001
  6 8 -0.18705490866797181E-002
  6 9 0.51666540304653899E-003
  6 10 -0.18705490866797181E-002
  6 11 0.67309574107000530E-001
  6 12 -0.92553734502713203E-001
  6 13 -0.18705490866797181E-002
  6 14 0.67309574107000530E-001
  6 15 -0.92553734502713203E-001
  6 16 0.67309574107000530E-001
  6 17 -0.18705490866797181E-002
  6 18 0.51666540304653899E-003
  7 1 -0.92553734502713203E-001
  7 2 0.67309574107000530E-001
  7 3 -0.18705490866797181E-002
  7 4 0.51666540304653899E-003
  7 5 -0.18705490866797181E-002
  7 6 0.67309574107000530E-001
  7 8 -0.92553734502713203E-001
  7 9 0.51666540304653899E-003
  7 10 -0.44802643191107619E-001
  7 11 0.51666540304653899E-003
  7 12 -0.92553734502713203E-001
  7 13 -0.92553734502713203E-001
  7 14 0.67309574107000530E-001
  7 15 -0.18705490866797181E-002
  7 16 0.51666540304653899E-003
  7 17 -0.18705490866797181E-002
  7 18 0.67309574107000530E-001
  8 1 0.67309574107000530E-001
  8 2 -0.92553734502713203E-001
  8 3 0.67309574107000530E-001
  8 4 -0.18705490866797181E-002
  8 5 0.51666540304653899E-003
  8 6 -0.18705490866797181E-002
  8 7 -0.92553734502713203E-001
  8 9 -0.92553734502713203E-001
  8 10 0.51666540304653899E-003
  8 11 -0.44802643191107619E-001
  8 12 0.51666540304653899E-003
  8 13 0.67309574107000530E-001
  8 14 -0.92553734502713203E-001
  8 15 0.67309574107000530E-001
  8 16 -0.18705490866797181E-002
  8 17 0.51666540304653899E-003
  8 18 -0.18705490866797181E-002
  9 1 -0.18705490866797181E-002
  9 2 0.67309574107000530E-001
  9 3 -0.92553734502713203E-001
  9 4 0.67309574107000530E-001
  9 5 -0.18705490866797181E-002
  9 6 0.51666540304653899E-003
  9 7 0.51666540304653899E-003
  9 8 -0.92553734502713203E-001
  9 10 -0.92553734502713203E-001
  9 11 0.51666540304653899E-003
  9 12 -0.44802643191107619E-001
  9 13 -0.18705490866797181E-002
  9 14 0.67309574107000530E-001
  9 15 -0.92553734502713203E-001
  9 16 0.67309574107000530E-001
  9 17 -0.18705490866797181E-002
  9 18 0.51666540304653899E-003
  10 1 0.51666540304653899E-003
  10 2 -0.18705490866797181E-002
  10 3 0.67309574107000530E-001
  10 4 -0.92553734502713203E-001
  10 5 0.67309574107000530E-001
  10 6 -0.18705490866797181E-002
  10 7 -0.44802643191107619E-001
  10 8 0.51666540304653899E-003
  10 9 -0.92553734502713203E-001
  10 11 -0.92553734502713203E-001
  10 12 0.51666540304653899E-003
  10 13 0.51666540304653899E-003
  10 14 -0.18705490866797181E-002
  10 15 0.67309574107000530E-001
  10 16 -0.92553734502713203E-001
  10 17 0.67309574107000530E-001
  10 18 -0.18705490866797181E-002
  11 1 -0.18705490866797181E-002
  11 2 0.51666540304653899E-003
  11 3 -0.18705490866797181E-002
  11 4 0.67309574107000530E-001
  11 5 -0.92553734502713203E-001
  11 6 0.67309574107000530E-001
  11 7 0.51666540304653899E-003
  11 8 -0.44802643191107619E-001
  11 9 0.51666540304653899E-003
  11 10 -0.92553734502713203E-001
  11 12 -0.92553734502713203E-001
  11 13 -0.18705490866797181E-002
  11 14 0.51666540304653899E-003
  11 15 -0.18705490866797181E-002
  11 16 0.67309574107000530E-001
  11 17 -0.92553734502713203E-001
  11 18 0.67309574107000530E-001
  12 1 0.67309574107000530E-001
  12 2 -0.18705490866797181E-002
  12 3 0.51666540304653899E-003
  12 4 -0.18705490866797181E-002
  12 5 0.67309574107000530E-001
  12 6 -0.92553734502713203E-001
  12 7 -0.92553734502713203E-001
  12 8 0.51666540304653899E-003
  12 9 -0.44802643191107619E-001
  12 10 0.51666540304653899E-003
  12 11 -0.92553734502713203E-001
  12 13 0.67309574107000530E-001
  12 14 -0.18705490866797181E-002
  12 15 0.51666540304653899E-003
  12 16 -0.18705490866797181E-002
  12 17 0.67309574107000530E-001
  12 18 -0.92553734502713203E-001
  13 1 0.51666540304653899E-003
  13 2 -0.18705490866797181E-002
  13 3 0.67309574107000530E-001
  13 4 -0.92553734502713203E-001
  13 5 0.67309574107000530E-001
  13 6 -0.18705490866797181E-002
  13 7 -0.92553734502713203E-001
  13 8 0.67309574107000530E-001
  13 9 -0.18705490866797181E-002
  13 10 0.51666540304653899E-003
  13 11 -0.18705490866797181E-002
  13 12 0.67309574107000530E-001
  13 14 -0.92553734502713203E-001
  13 15 0.51666540304653899E-003
  13 16 -0.44802643191107619E-001
  13 17 0.51666540304653899E-003
  13 18 -0.92553734502713203E-001
  14 1 -0.18705490866797181E-002
  14 2 0.51666540304653899E-003
  14 3 -0.18705490866797181E-002
  14 4 0.67309574107000530E-001
  14 5 -0.92553734502713203E-001
  14 6 0.67309574107000530E-001
  14 7 0.67309574107000530E-001
  14 8 -0.92553734502713203E-001
  14 9 0.67309574107000530E-001
  14 10 -0.18705490866797181E-002
  14 11 0.51666540304653899E-003
  14 12 -0.18705490866797181E-002
  14 13 -0.92553734502713203E-001
  14 15 -0.92553734502713203E-001
  14 16 0.51666540304653899E-003
  14 17 -0.44802643191107619E-001
  14 18 0.51666540304653899E-003
  15 1 0.67309574107000530E-001
  15 2 -0.18705490866797181E-002
  15 3 0.51666540304653899E-003
  15 4 -0.18705490866797181E-002
  15 5 0.67309574107000530E-001
  15 6 -0.92553734502713203E-001
  15 7 -0.18705490866797181E-002
  15 8 0.67309574107000530E-001
  15 9 -0.92553734502713203E-001
  15 10 0.67309574107000530E-001
  15 11 -0.18705490866797181E-002
  15 12 0.51666540304653899E-003
  15 13 0.51666540304653899E-003
  15 14 -0.92553734502713203E-001
  15 16 -0.92553734502713203E-001
  15 17 0.51666540304653899E-003
  15 18 -0.44802643191107619E-001
  16 1 -0.92553734502713203E-001
  16 2 0.67309574107000530E-001
  16 3 -0.18705490866797181E-002
  16 4 0.51666540304653899E-003
  16 5 -0.18705490866797181E-002
  16 6 0.67309574107000530E-001
  16 7 0.51666540304653899E-003
  16 8 -0.18705490866797181E-002
  16 9 0.67309574107000530E-001
  16 10 -0.92553734502713203E-001
  16 11 0.67309574107000530E-001
  16 12 -0.18705490866797181E-002
  16 13 -0.44802643191107619E-001
  16 14 0.51666540304653899E-003
  16 15 -0.92553734502713203E-001
  16 17 -0.92553734502713203E-001
  16 18 0.51666540304653899E-003
  17 1 0.67309574107000530E-001
  17 2 -0.92553734502713203E-001
  17 3 0.67309574107000530E-001
  17 4 -0.18705490866797181E-002
  17 5 0.51666540304653899E-003
  17 6 -0.18705490866797181E-002
  17 7 -0.18705490866797181E-002
  17 8 0.51666540304653899E-003
  17 9 -0.18705490866797181E-002
  17 10 0.67309574107000530E-001
  17 11 -0.92553734502713203E-001
  17 12 0.67309574107000530E-001
  17 13 0.51666540304653899E-003
  17 14 -0.44802643191107619E-001
  17 15 0.51666540304653899E-003
  17 16 -0.92553734502713203E-001
  17 18 -0.92553734502713203E-001
  18 1 -0.18705490866797181E-002
  18 2 0.67309574107000530E-001
  18 3 -0.92553734502713203E-001
  18 4 0.67309574107000530E-001
  18 5 -0.18705490866797181E-002
  18 6 0.51666540304653899E-003
  18 7 0.67309574107000530E-001
  18 8 -0.18705490866797181E-002
  18 9 0.51666540304653899E-003
  18 10 -0.18705490866797181E-002
  18 11 0.67309574107000530E-001
  18 12 -0.92553734502713203E-001
  18 13 -0.92553734502713203E-001
  18 14 0.51666540304653899E-003
  18 15 -0.44802643191107619E-001
  18 16 0.51666540304653899E-003
  18 17 -0.92553734502713203E-001
TERM-uu
  1 2 -0.50777341566244742E-001
  1 3 0.52554407052078832E-001
  1 5 0.52554407052078832E-001
  1 6 -0.50777341566244742E-001
  1 7 -0.50777341566244742E-001
  1 8 0.29401446704593479E-001
  1 9 -0.54580630568452769E-001
  1 10 0.52554407052078832E-001
  1 11 -0.54580630568452769E-001
  1 12 0.29401446704593479E-001
  1 13 0.52554407052078832E-001
  1 14 -0.54580630568452769E-001
  1 15 0.29401446704593479E-001
  1 16 -0.50777341566244742E-001
  1 17 0.29401446704593479E-001
  1 18 -0.54580630568452769E-001
  2 1 -0.50777341566244742E-001
  2 3 -0.50777341566244742E-001
  2 4 0.52554407052078832E-001
  2 6 0.52554407052078832E-001
  2 7 0.29401446704593479E-001
  2 8 -0.50777341566244742E-001
  2 9 0.29401446704593479E-001
  2 10 -0.54580630568452769E-001
  2 11 0.52554407052078832E-001
  2 12 -0.54580630568452769E-001
  2 13 -0.54580630568452769E-001
  2 14 0.52554407052078832E-001
  2 15 -0.54580630568452769E-001
  2 16 0.29401446704593479E-001
  2 17 -0.50777341566244742E-001
  2 18 0.29401446704593479E-001
  3 1 0.52554407052078832E-001
  3 2 -0.50777341566244742E-001
  3 4 -0.50777341566244742E-001
  3 5 0.52554407052078832E-001
  3 7 -0.54580630568452769E-001
  3 8 0.29401446704593479E-001
  3 9 -0.50777341566244742E-001
  3 10 0.29401446704593479E-001
  3 11 -0.54580630568452769E-001
  3 12 0.52554407052078832E-001
  3 13 0.29401446704593479E-001
  3 14 -0.54580630568452769E-001
  3 15 0.52554407052078832E-001
  3 16 -0.54580630568452769E-001
  3 17 0.29401446704593479E-001
  3 18 -0.50777341566244742E-001
  4 2 0.52554407052078832E-001
  4 3 -0.50777341566244742E-001
  4 5 -0.50777341566244742E-001
  4 6 0.52554407052078832E-001
  4 7 0.52554407052078832E-001
  4 8 -0.54580630568452769E-001
  4 9 0.29401446704593479E-001
  4 10 -0.50777341566244742E-001
  4 11 0.29401446704593479E-001
  4 12 -0.54580630568452769E-001
  4 13 -0.50777341566244742E-001
  4 14 0.29401446704593479E-001
  4 15 -0.54580630568452769E-001
  4 16 0.52554407052078832E-001
  4 17 -0.54580630568452769E-001
  4 18 0.29401446704593479E-001
  5 1 0.52554407052078832E-001
  5 3 0.52554407052078832E-001
  5 4 -0.50777341566244742E-001
  5 6 -0.50777341566244742E-001
  5 7 -0.54580630568452769E-001
  5 8 0.52554407052078832E-001
  5 9 -0.54580630568452769E-001
  5 10 0.29401446704593479E-001
  5 11 -0.50777341566244742E-001
  5 12 0.29401446704593479E-001
  5 13 0.29401446704593479E-001
  5 14 -0.50777341566244742E-001
  5 15 0.29401446704593479E-001
  5 16 -0.54580630568452769E-001
  5 17 0.52554407052078832E-001
  5 18 -0.54580630568452769E-001
  6 1 -0.50777341566244742E-001
  6 2 0.52554407052078832E-001
  6 4 0.52554407052078832E-001
  6 5 -0.50777341566244742E-001
  6 7 0.29401446704593479E-001
  6 8 -0.54580630568452769E-001
  6 9 0.52554407052078832E-001
  6 10 -0.54580630568452769E-001
  6 11 0.29401446704593479E-001
  6 12 -0.50777341566244742E-001
  6 13 -0.54580630568452769E-001
  6 14 0.29401446704593479E-001
  6 15 -0.50777341566244742E-001
  6 16 0.29401446704593479E-001
  6 17 -0.54580630568452769E-001
  6 18 0.52554407052078832E-001
  7 1 -0.50777341566244742E-001
  7 2 0.29401446704593479E-001
  7 3 -0.54580630568452769E-001
  7 4 0.52554407052078832E-001
  7 5 -0.54580630568452769E-001
  7 6 0.29401446704593479E-001
  7 8 -0.50777341566244742E-001
  7 9 0.52554407052078832E-001
  7 11 0.52554407052078832E-001
  7 12 -0.50777341566244742E-001
  7 13 -0.50777341566244742E-001
  7 14 0.29401446704593479E-001
  7 15 -0.54580630568452769E-001
  7 16 0.52554407052078832E-001
  7 17 -0.54580630568452769E-001
  7 18 0.29401446704593479E-001
  8 1 0.29401446704593479E-001
  8 2 -0.50777341566244742E-001
  8 3 0.29401446704593479E-001
  8 4 -0.54580630568452769E-001
  8 5 0.52554407052078832E-001
  8 6 -0.54580630568452769E-001
  8 7 -0.50777341566244742E-001
  8 9 -0.50777341566244742E-001
  8 10 0.52554407052078832E-001
  8 12 0.52554407052078832E-001
  8 13 0.29401446704593479E-001
  8 14 -0.50777341566244742E-001
  8 15 0.29401446704593479E-001
  8 16 -0.54580630568452769E-001
  8 17 0.52554407052078832E-001
  8 18 -0.54580630568452769E-001
  9 1 -0.54580630568452769E-001
  9 2 0.29401446704593479E-001
  9 3 -0.50777341566244742E-001
  9 4 0.29401446704593479E-001
  9 5 -0.54580630568452769E-001
  9 6 0.52554407052078832E-001
  9 7 0.52554407052078832E-001
  9 8 -0.50777341566244742E-001
  9 10 -0.50777341566244742E-001
  9 11 0.52554407052078832E-001
  9 13 -0.54580630568452769E-001
  9 14 0.29401446704593479E-001
  9 15 -0.50777341566244742E-001
  9 16 0.29401446704593479E-001
  9 17 -0.54580630568452769E-001
  9 18 0.52554407052078832E-001
  10 1 0.52554407052078832E-001
  10 2 -0.54580630568452769E-001
  10 3 0.29401446704593479E-001
  10 4 -0.50777341566244742E-001
  10 5 0.29401446704593479E-001
  10 6 -0.54580630568452769E-001
  10 8 0.52554407052078832E-001
  10 9 -0.50777341566244742E-001
  10 11 -0.50777341566244742E-001
  10 12 0.52554407052078832E-001
  10 13 0.52554407052078832E-001
  10 14 -0.54580630568452769E-001
  10 15 0.29401446704593479E-001
  10 16 -0.50777341566244742E-001
  10 17 0.29401446704593479E-001
  10 18 -0.54580630568452769E-001
  11 1 -0.54580630568452769E-001
  11 2 0.52554407052078832E-001
  11 3 -0.54580630568452769E-001
  11 4 0.29401446704593479E-001
  11 5 -0.50777341566244742E-001
  11 6 0.29401446704593479E-001
  11 7 0.52554407052078832E-001
  11 9 0.52554407052078832E-001
  11 10 -0.50777341566244742E-001
  11 12 -0.50777341566244742E-001
  11 13 -0.54580630568452769E-001
  11 14 0.52554407052078832E-001
  11 15 -0.54580630568452769E-001
  11 16 0.29401446704593479E-001
  11 17 -0.50777341566244742E-001
  11 18 0.29401446704593479E-001
  12 1 0.29401446704593479E-001
  12 2 -0.54580630568452769E-001
  12 3 0.52554407052078832E-001
  12 4 -0.54580630568452769E-001
  12 5 0.29401446704593479E-001
  12 6 -0.50777341566244742E-001
  12 7 -0.50777341566244742E-001
  12 8 0.52554407052078832E-001
  12 10 0.52554407052078832E-001
  12 11 -0.50777341566244742E-001
  12 13 0.29401446704593479E-001
  12 14 -0.54580630568452769E-001
  12 15 0.52554407052078832E-001
  12 16 -0.54580630568452769E-001
  12 17 0.29401446704593479E-001
  12 18 -0.50777341566244742E-001
  13 1 0.52554407052078832E-001
  13 2 -0.54580630568452769E-001
  13 3 0.29401446704593479E-001
  13 4 -0.50777341566244742E-001
  13 5 0.29401446704593479E-001
  13 6 -0.54580630568452769E-001
  13 7 -0.50777341566244742E-001
  13 8 0.29401446704593479E-001
  13 9 -0.54580630568452769E-001
  13 10 0.52554407052078832E-001
  13 11 -0.54580630568452769E-001
  13 12 0.29401446704593479E-001
  13 14 -0.50777341566244742E-001
  13 15 0.52554407052078832E-001
  13 17 0.52554407052078832E-001
  13 18 -0.50777341566244742E-001
  14 1 -0.54580630568452769E-001
  14 2 0.52554407052078832E-001
  14 3 -0.54580630568452769E-001
  14 4 0.29401446704593479E-001
  14 5 -0.50777341566244742E-001
  14 6 0.29401446704593479E-001
  14 7 0.29401446704593479E-001
  14 8 -0.50777341566244742E-001
  14 9 0.29401446704593479E-001
  14 10 -0.54580630568452769E-001
  14 11 0.52554407052078832E-001
  14 12 -0.54580630568452769E-001
  14 13 -0.50777341566244742E-001
  14 15 -0.50777341566244742E-001
  14 16 0.52554407052078832E-001
  14 18 0.52554407052078832E-001
  15 1 0.29401446704593479E-001
  15 2 -0.54580630568452769E-001
  15 3 0.52554407052078832E-001
  15 4 -0.54580630568452769E-001
  15 5 0.29401446704593479E-001
  15 6 -0.50777341566244742E-001
  15 7 -0.54580630568452769E-001
  15 8 0.29401446704593479E-001
  15 9 -0.50777341566244742E-001
  15 10 0.29401446704593479E-001
  15 11 -0.54580630568452769E-001
  15 12 0.52554407052078832E-001
  15 13 0.52554407052078832E-001
  15 14 -0.50777341566244742E-001
  15 16 -0.50777341566244742E-001
  15 17 0.52554407052078832E-001
  16 1 -0.50777341566244742E-001
  16 2 0.29401446704593479E-001
  16 3 -0.54580630568452769E-001
  16 4 0.52554407052078832E-001
  16 5 -0.54580630568452769E-001
  16 6 0.29401446704593479E-001
  16 7 0.52554407052078832E-001
  16 8 -0.54580630568452769E-001
  16 9 0.29401446704593479E-001
  16 10 -0.50777341566244742E-001
  16 11 0.29401446704593479E-001
  16 12 -0.54580630568452769E-001
  16 14 0.52554407052078832E-001
  16 15 -0.50777341566244742E-001
  16 17 -0.50777341566244742E-001
  16 18 0.52554407052078832E-001
  17 1 0.29401446704593479E-001
  17 2 -0.50777341566244742E-001
  17 3 0.29401446704593479E-001
  17 4 -0.54580630568452769E-001
  17 5 0.52554407052078832E-001
  17 6 -0.54580630568452769E-001
  17 7 -0.54580630568452769E-001
  17 8 0.52554407052078832E-001
  17 9 -0.54580630568452769E-001
  17 10 0.29401446704593479E-001
  17 11 -0.50777341566244742E-001
  17 12 0.29401446704593479E-001
  17 13 0.52554407052078832E-001
  17 15 0.52554407052078832E-001
  17 16 -0.50777341566244742E-001
  17 18 -0.50777341566244742E-001
  18 1 -0.54580630568452769E-001
  18 2 0.29401446704593479E-001
  18 3 -0.50777341566244742E-001
  18 4 0.29401446704593479E-001
  18 5 -0.54580630568452769E-001
  18 6 0.52554407052078832E-001
  18 7 0.29401446704593479E-001
  18 8 -0.54580630568452769E-001
  18 9 0.52554407052078832E-001
  18 10 -0.54580630568452769E-001
  18 11 0.29401446704593479E-001
  18 12 -0.50777341566244742E-001
  18 13 -0.50777341566244742E-001
  18 14 0.52554407052078832E-001
  18 16 0.52554407052078832E-001
  18 17 -0.50777341566244742E-001
TERM-ud
  1 2 -0.60112051805417357E-001
  1 3 0.31179354388817540E-001
  1 5 0.31179354388817540E-001
  1 6 -0.60112051805417357E-001
  1 7 -0.60112051805417357E-001
  1 8 -0.36089461393145651E-002
  1 9 -0.48949718466563513E-001
  1 10 0.31179354388817540E-001
  1 11 -0.48949718466563513E-001
  1 12 -0.36089461393145651E-002
  1 13 0.31179354388817540E-001
  1 14 -0.48949718466563513E-001
  1 15 -0.36089461393145651E-002
  1 16 -0.60112051805417357E-001
  1 17 -0.36089461393145651E-002
  1 18 -0.48949718466563513E-001
  2 1 -0.60112051805417357E-001
  2 3 -0.60112051805417357E-001
  2 4 0.31179354388817540E-001
  2 6 0.31179354388817540E-001
  2 7 -0.36089461393145651E-002
  2 8 -0.60112051805417357E-001
  2 9 -0.36089461393145651E-002
  2 10 -0.48949718466563513E-001
  2 11 0.31179354388817540E-001
  2 12 -0.48949718466563513E-001
  2 13 -0.48949718466563513E-001
  2 14 0.31179354388817540E-001
  2 15 -0.48949718466563513E-001
  2 16 -0.36089461393145651E-002
  2 17 -0.60112051805417357E-001
  2 18 -0.36089461393145651E-002
  3 1 0.31179354388817540E-001
  3 2 -0.60112051805417357E-001
  3 4 -0.60112051805417357E-001
  3 5 0.31179354388817540E-001
  3 7 -0.48949718466563513E-001
  3 8 -0.36089461393145651E-002
  3 9 -0.60112051805417357E-001
  3 10 -0.36089461393145651E-002
  3 11 -0.48949718466563513E-001
  3 12 0.31179354388817540E-001
  3 13 -0.36089461393145651E-002
  3 14 -0.48949718466563513E-001
  3 15 0.31179354388817540E-001
  3 16 -0.48949718466563513E-001
  3 17 -0.36089461393145651E-002
  3 18 -0.60112051805417357E-001
  4 2 0.31179354388817540E-001
  4 3 -0.60112051805417357E-001
  4 5 -0.60112051805417357E-001
  4 6 0.31179354388817540E-001
  4 7 0.31179354388817540E-001
  4 8 -0.48949718466563513E-001
  4 9 -0.36089461393145651E-002
  4 10 -0.60112051805417357E-001
  4 11 -0.36089461393145651E-002
  4 12 -0.48949718466563513E-001
  4 13 -0.60112051805417357E-001
  4 14 -0.36089461393145651E-002
  4 15 -0.48949718466563513E-001
  4 16 0.31179354388817540E-001
  4 17 -0.48949718466563513E-001
  4 18 -0.36089461393145651E-002
  5 1 0.31179354388817540E-001
  5 3 0.31179354388817540E-001
  5 4 -0.60112051805417357E-001
  5 6 -0.60112051805417357E-001
  5 7 -0.48949718466563513E-001
  5 8 0.31179354388817540E-001
  5 9 -0.48949718466563513E-001
  5 10 -0.36089461393145651E-002
  5 11 -0.60112051805417357E-001
  5 12 -0.36089461393145651E-002
  5 13 -0.36089461393145651E-002
  5 14 -0.60112051805417357E-001
  5 15 -0.36089461393145651E-002
  5 16 -0.48949718466563513E-001
  5 17 0.31179354388817540E-001
  5 18 -0.48949718466563513E-001
  6 1 -0.60112051805417357E-001
  6 2 0.31179354388817540E-001
  6 4 0.31179354388817540E-001
  6 5 -0.60112051805417357E-001
  6 7 -0.36089461393145651E-002
  6 8 -0.48949718466563513E-001
  6 9 0.31179354388817540E-001
  6 10 -0.48949718466563513E-001
  6 11 -0.36089461393145651E-002
  6 12 -0.60112051805417357E-001
  6 13 -0.48949718466563513E-001
  6 14 -0.36089461393145651E-002
  6 15 -0.60112051805417357E-001
  6 16 -0.36089461393145651E-002
  6 17 -0.48949718466563513E-001
  6 18 0.31179354388817540E-001
  7 1 -0.60112051805417357E-001
  7 2 -0.36089461393145651E-002
  7 3 -0.48949718466563513E-001
  7 4 0.31179354388817540E-001
  7 5 -0.48949718466563513E-001
  7 6 -0.36089461393145651E-002
  7 8 -0.60112051805417357E-001
  7 9 0.31179354388817540E-001
  7 11 0.31179354388817540E-001
  7 12 -0.60112051805417357E-001
  7 13 -0.60112051805417357E-001
  7 14 -0.36089461393145651E-002
  7 15 -0.48949718466563513E-001
  7 16 0.31179354388817540E-001
  7 17 -0.48949718466563513E-001
  7 18 -0.36089461393145651E-002
  8 1 -0.36089461393145651E-002
  8 2 -0.60112051805417357E-001
  8 3 -0.36089461393145651E-002
  8 4 -0.48949718466563513E-001
  8 5 0.31179354388817540E-001
  8 6 -0.48949718466563513E-001
  8 7 -0.60112051805417357E-001
  8 9 -0.60112051805417357E-001
  8 10 0.31179354388817540E-001
  8 12 0.31179354388817540E-001
  8 13 -0.36089461393145651E-002
  8 14 -0.60112051805417357E-001
  8 15 -0.36089461393145651E-002
  8 16 -0.48949718466563513E-001
  8 17 0.31179354388817540E-001
  8 18 -0.48949718466563513E-001
  9 1 -0.48949718466563513E-001
  9 2 -0.36089461393145651E-002
  9 3 -0.60112051805417357E-001
  9 4 -0.36089461393145651E-002
  9 5 -0.48949718466563513E-001
  9 6 0.31179354388817540E-001
  9 7 0.31179354388817540E-001
  9 8 -0.60112051805417357E-001
  9 10 -0.60112051805417357E-001
  9 11 0.31179354388817540E-001
  9 13 -0.48949718466563513E-001
  9 14 -0.36089461393145651E-002
  9 15 -0.60112051805417357E-001
  9 16 -0.36089461393145651E-002
  9 17 -0.48949718466563513E-001
  9 18 0.31179354388817540E-001
  10 1 0.31179354388817540E-001
  10 2 -0.48949718466563513E-001
  10 3 -0.36089461393145651E-002
  10 4 -0.60112051805417357E-001
  10 5 -0.36089461393145651E-002
  10 6 -0.48949718466563513E-001
  10 8 0.31179354388817540E-001
  10 9 -0.60112051805417357E-001
  10 11 -0.60112051805417357E-001
  10 12 0.31179354388817540E-001
  10 13 0.31179354388817540E-001
  10 14 -0.48949718466563513E-001
  10 15 -0.36089461393145651E-002
  10 16 -0.60112051805417357E-001
  10 17 -0.36089461393145651E-002
  10 18 -0.48949718466563513E-001
  11 1 -0.48949718466563513E-001
  11 2 0.31179354388817540E-001
  11 3 -0.48949718466563513E-001
  11 4 -0.36089461393145651E-002
  11 5 -0.60112051805417357E-001
  11 6 -0.36089461393145651E-002
  11 7 0.31179354388817540E-001
  11 9 0.31179354388817540E-001
  11 10 -0.60112051805417357E-001
  11 12 -0.60112051805417357E-001
  11 13 -0.48949718466563513E-001
  11 14 0.31179354388817540E-001
  11 15 -0.48949718466563513E-001
  11 16 -0.36089461393145651E-002
  11 17 -0.60112051805417357E-001
  11 18 -0.36089461393145651E-002
  12 1 -0.36089461393145651E-002
  12 2 -0.48949718466563513E-001
  12 3 0.31179354388817540E-001
  12 4 -0.48949718466563513E-001
  12 5 -0.36089461393145651E-002
  12 6 -0.60112051805417357E-001
  12 7 -0.60112051805417357E-001
  12 8 0.31179354388817540E-001
  12 10 0.31179354388817540E-001
  12 11 -0.60112051805417357E-001
  12 13 -0.36089461393145651E-002
  12 14 -0.48949718466563513E-001
  12 15 0.31179354388817540E-001
  12 16 -0.48949718466563513E-001
  12 17 -0.36089461393145651E-002
  12 18 -0.60112051805417357E-001
  13 1 0.31179354388817540E-001
  13 2 -0.48949718466563513E-001
  13 3 -0.36089461393145651E-002
  13 4 -0.60112051805417357E-001
  13 5 -0.36089461393145651E-002
  13 6 -0.48949718466563513E-001
  13 7 -0.60112051805417357E-001
  13 8 -0.36089461393145651E-002
  13 9 -0.48949718466563513E-001
  13 10 0.31179354388817540E-001
  13 11 -0.48949718466563513E-001
  13 12 -0.36089461393145651E-002
  13 14 -0.60112051805417357E-001
  13 15 0.31179354388817540E-001
  13 17 0.31179354388817540E-001
  13 18 -0.60112051805417357E-001
  14 1 -0.48949718466563513E-001
  14 2 0.31179354388817540E-001
  14 3 -0.48949718466563513E-001
  14 4 -0.36089461393145651E-002
  14 5 -0.60112051805417357E-001
  14 6 -0.36089461393145651E-002
  14 7 -0.36089461393145651E-002
  14 8 -0.60112051805417357E-001
  14 9 -0.36089461393145651E-002
  14 10 -0.48949718466563513E-001
  14 11 0.31179354388817540E-001
  14 12 -0.48949718466563513E-001
  14 13 -0.60112051805417357E-001
  14 15 -0.60112051805417357E-001
  14 16 0.31179354388817540E-001
  14 18 0.31179354388817540E-001
  15 1 -0.36089461393145651E-002
  15 2 -0.48949718466563513E-001
  15 3 0.31179354388817540E-001
  15 4 -0.48949718466563513E-001
  15 5 -0.36089461393145651E-002
  15 6 -0.60112051805417357E-001
  15 7 -0.48949718466563513E-001
  15 8 -0.36089461393145651E-002
  15 9 -0.60112051805417357E-001
  15 10 -0.36089461393145651E-002
  15 11 -0.48949718466563513E-001
  15 12 0.31179354388817540E-001
  15 13 0.31179354388817540E-001
  15 14 -0.60112051805417357E-001
  15 16 -0.60112051805417357E-001
  15 17 0.31179354388817540E-001
  16 1 -0.60112051805417357E-001
  16 2 -0.36089461393145651E-002
  16 3 -0.48949718466563513E-001
  16 4 0.31179354388817540E-001
  16 5 -0.48949718466563513E-001
  16 6 -0.36089461393145651E-002
  16 7 0.31179354388817540E-001
  16 8 -0.48949718466563513E-001
  16 9 -0.36089461393145651E-002
  16 10 -0.60112051805417357E-001
  16 11 -0.36089461393145651E-002
  16 12 -0.48949718466563513E-001
  16 14 0.31179354388817540E-001
  16 15 -0.60112051805417357E-001
  16 17 -0.60112051805417357E-001
  16 18 0.31179354388817540E-001
  17 1 -0.36089461393145651E-002
  17 2 -0.60112051805417357E-001
  17 3 -0.36089461393145651E-002
  17 4 -0.48949718466563513E-001
  17 5 0.31179354388817540E-001
  17 6 -0.48949718466563513E-001
  17 7 -0.48949718466563513E-001
  17 8 0.31179354388817540E-001
  17 9 -0.48949718466563513E-001
  17 10 -0.36089461393145651E-002
  17 11 -0.60112051805417357E-001
  17 12 -0.36089461393145651E-002
  17 13 0.31179354388817540E-001
  17 15 0.31179354388817540E-001
  17 16 -0.60112051805417357E-001
  17 18 -0.60112051805417357E-001
  18 1 -0.48949718466563513E-001
  18 2 -0.36089461393145651E-002
  18 3 -0.60112051805417357E-001
  18 4 -0.36089461393145651E-002
  18 5 -0.48949718466563513E-001
  18 6 0.31179354388817540E-001
  18 7 -0.36089461393145651E-002
  18 8 -0.48949718466563513E-001
  18 9 0.31179354388817540E-001
  18 10 -0.48949718466563513E-001
  18 11 -0.36089461393145651E-002
  18 12 -0.60112051805417357E-001
  18 13 -0.60112051805417357E-001
  18 14 0.31179354388817540E-001
  18 16 0.31179354388817540E-001
  18 17 -0.60112051805417357E-001
TERM-du
  1 2 -0.60112051805417357E-001
  1 3 0.31179354388817540E-001
  1 5 0.31179354388817540E-001
  1 6 -0.60112051805417357E-001
  1 7 -0.60112051805417357E-001
  1 8 -0.36089461393145651E-002
  1 9 -0.48949718466563513E-001
  1 10 0.31179354388817540E-001
  1 11 -0.48949718466563513E-001
  1 12 -0.36089461393145651E-002
  1 13 0.31179354388817540E-001
  1 14 -0.48949718466563513E-001
  1 15 -0.36089461393145651E-002
  1 16 -0.60112051805417357E-001
  1 17 -0.36089461393145651E-002
  1 18 -0.48949718466563513E-001
  2 1 -0.60112051805417357E-001
  2 3 -0.60112051805417357E-001
  2 4 0.31179354388817540E-001
  2 6 0.31179354388817540E-001
  2 7 -0.36089461393145651E-002
  2 8 -0.60112051805417357E-001
  2 9 -0.36089461393145651E-002
  2 10 -0.48949718466563513E-001
  2 11 0.31179354388817540E-001
  2 12 -0.48949718466563513E-001
  2 13 -0.48949718466563513E-001
  2 14 0.31179354388817540E-001
  2 15 -0.48949718466563513E-001
  2 16 -0.36089461393145651E-002
  2 17 -0.60112051805417357E-001
  2 18 -0.36089461393145651E-002
  3 1 0.31179354388817540E-001
  3 2 -0.60112051805417357E-001
  3 4 -0.60112051805417357E-001
  3 5 0.31179354388817540E-001
  3 7 -0.48949718466563513E-001
  3 8 -0.36089461393145651E-002
  3 9 -0.60112051805417357E-001
  3 10 -0.36089461393145651E-002
  3 11 -0.48949718466563513E-001
  3 12 0.31179354388817540E-001
  3 13 -0.36089461393145651E-002
  3 14 -0.48949718466563513E-001
  3 15 0.31179354388817540E-001
  3 16 -0.48949718466563513E-001
  3 17 -0.36089461393145651E-002
  3 18 -0.60112051805417357E-001
  4 2 0.31179354388817540E-001
  4 3 -0.60112051805417357E-001
  4 5 -0.60112051805417357E-001
  4 6 0.31179354388817540E-001
  4 7 0.31179354388817540E-001
  4 8 -0.48949718466563513E-001
  4 9 -0.36089461393145651E-002
  4 10 -0.60112051805417357E-001
  4 11 -0.36089461393145651E-002
  4 12 -0.48949718466563513E-001
  4 13 -0.60112051805417357E-001
  4 14 -0.36089461393145651E-002
  4 15 -0.48949718466563513E-001
  4 16 0.31179354388817540E-001
  4 17 -0.48949718466563513E-001
  4 18 -0.36089461393145651E-002
  5 1 0.31179354388817540E-001
  5 3 0.31179354388817540E-001
  5 4 -0.60112051805417357E-001
  5 6 -0.60112051805417357E-001
  5 7 -0.48949718466563513E-001
  5 8 0.31179354388817540E-001
  5 9 -0.48949718466563513E-001
  5 10 -0.36089461393145651E-002
  5 11 -0.60112051805417357E-001
  5 12 -0.36089461393145651E-002
  5 13 -0.36089461393145651E-002
  5 14 -0.60112051805417357E-001
  5 15 -0.36089461393145651E-002
  5 16 -0.48949718466563513E-001
  5 17 0.31179354388817540E-001
  5 18 -0.48949718466563513E-001
  6 1 -0.60112051805417357E-001
  6 2 0.31179354388817540E-001
  6 4 0.31179354388817540E-001
  6 5 -0.60112051805417357E-001
  6 7 -0.36089461393145651E-002
  6 8 -0.48949718466563513E-001
  6 9 0.31179354388817540E-001
  6 10 -0.48949718466563513E-001
  6 11 -0.36089461393145651E-002
  6 12 -0.60112051805417357E-001
  6 13 -0.48949718466563513E-001
  6 14 -0.36089461393145651E-002
  6 15 -0.60112051805417357E-001
  6 16 -0.36089461393145651E-002
  6 17 -0.48949718466563513E-001
  6 18 0.31179354388817540E-001
  7 1 -0.60112051805417357E-001
  7 2 -0.36089461393145651E-002
  7 3 -0.48949718466563513E-001
  7 4 0.31179354388817540E-001
  7 5 -0.48949718466563513E-001
  7 6 -0.36089461393145651E-002
  7 8 -0.60112051805417357E-001
  7 9 0.31179354388817540E-001
  7 11 0.31179354388817540E-001
  7 12 -0.60112051805417357E-001
  7 13 -0.60112051805417357E-001
  7 14 -0.36089461393145651E-002
  7 15 -0.48949718466563513E-001
  7 16 0.31179354388817540E-001
  7 17 -0.48949718466563513E-001
  7 18 -0.36089461393145651E-002
  8 1 -0.36089461393145651E-002
  8 2 -0.60112051805417357E-001
  8 3 -0.36089461393145651E-002
  8 4 -0.48949718466563513E-001
  8 5 0.31179354388817540E-001
  8 6 -0.48949718466563513E-001
  8 7 -0.60112051805417357E-001
  8 9 -0.60112051805417357E-001
  8 10 0.31179354388817540E-001
  8 12 0.31179354388817540E-001
  8 13 -0.36089461393145651E-002
  8 14 -0.60112051805417357E-001
  8 15 -0.36089461393145651E-002
  8 16 -0.48949718466563513E-001
  8 17 0.31179354388817540E-001
  8 18 -0.48949718466563513E-001
  9 1 -0.48949718466563513E-001
  9 2 -0.36089461393145651E-002
  9 3 -0.60112051805417357E-001
  9 4 -0.36089461393145651E-002
  9 5 -0.48949718466563513E-001
  9 6 0.31179354388817540E-001
  9 7 0.31179354388817540E-001
  9 8 -0.60112051805417357E-001
  9 10 -0.60112051805417357E-001
  9 11 0.31179354388817540E-001
  9 13 -0.48949718466563513E-001
  9 14 -0.36089461393145651E-002
  9 15 -0.60112051805417357E-001
  9 16 -0.36089461393145651E-002
  9 17 -0.48949718466563513E-001
  9 18 0.31179354388817540E-001
  10 1 0.31179354388817540E-001
  10 2 -0.48949718466563513E-001
  10 3 -0.36089461393145651E-002
  10 4 -0.60112051805417357E-001
  10 5 -0.36089461393145651E-002
  10 6 -0.48949718466563513E-001
  10 8 0.31179354388817540E-001
  10 9 -0.60112051805417357E-001
  10 11 -0.60112051805417357E-001
  10 12 0.31179354388817540E-001
  10 13 0.31179354388817540E-001
  10 14 -0.48949718466563513E-001
  10 15 -0.36089461393145651E-002
  10 16 -0.60112051805417357E-001
  10 17 -0.36089461393145651E-002
  10 18 -0.48949718466563513E-001
  11 1 -0.48949718466563513E-001
  11 2 0.31179354388817540E-001
  11 3 -0.48949718466563513E-001
  11 4 -0.36089461393145651E-002
  11 5 -0.60112051805417357E-001
  11 6 -0.36089461393145651E-002
  11 7 0.31179354388817540E-001
  11 9 0.31179354388817540E-001
  11 10 -0.60112051805417357E-001
  11 12 -0.60112051805417357E-001
  11 13 -0.48949718466563513E-001
  11 14 0.31179354388817540E-001
  11 15 -0.48949718466563513E-001
  11 16 -0.36089461393145651E-002
  11 17 -0.60112051805417357E-001
  11 18 -0.36089461393145651E-002
  12 1 -0.36089461393145651E-002
  12 2 -0.48949718466563513E-001
  12 3 0.31179354388817540E-001
  12 4 -0.48949718466563513E-001
  12 5 -0.36089461393145651E-002
  12 6 -0.60112051805417357E-001
  12 7 -0.60112051805417357E-001
  12 8 0.31179354388817540E-001
  12 10 0.31179354388817540E-001
  12 11 -0.60112051805417357E-001
  12 13 -0.36089461393145651E-002
  12 14 -0.48949718466563513E-001
  12 15 0.31179354388817540E-001
  12 16 -0.48949718466563513E-001
  12 17 -0.36089461393145651E-002
  12 18 -0.60112051805417357E-001
  13 1 0.31179354388817540E-001
  13 2 -0.48949718466563513E-001
  13 3 -0.36089461393145651E-002
  13 4 -0.60112051805417357E-001
  13 5 -0.36089461393145651E-002
  13 6 -0.48949718466563513E-001
  13 7 -0.60112051805417357E-001
  13 8 -0.36089461393145651E-002
  13 9 -0.48949718466563513E-001
  13 10 0.31179354388817540E-001
  13 11 -0.48949718466563513E-001
  13 12 -0.36089461393145651E-002
  13 14 -0.60112051805417357E-001
  13 15 0.31179354388817540E-001
  13 17 0.31179354388817540E-001
  13 18 -0.60112051805417357E-001
  14 1 -0.48949718466563513E-001
  14 2 0.31179354388817540E-001
  14 3 -0.48949718466563513E-001
  14 4 -0.36089461393145651E-002
  14 5 -0.60112051805417357E-001
  14 6 -0.36089461393145651E-002
  14 7 -0.36089461393145651E-002
  14 8 -0.60112051805417357E-001
  14 9 -0.36089461393145651E-002
  14 10 -0.48949718466563513E-001
  14 11 0.31179354388817540E-001
  14 12 -0.48949718466563513E-001
  14 13 -0.60112051805417357E-001
  14 15 -0.60112051805417357E-001
  14 16 0.31179354388817540E-001
  14 18 0.31179354388817540E-001
  15 1 -0.36089461393145651E-002
  15 2 -0.48949718466563513E-001
  15 3 0.31179354388817540E-001
  15 4 -0.48949718466563513E-001
  15 5 -0.36089461393145651E-002
  15 6 -0.60112051805417357E-001
  15 7 -0.48949718466563513E-001
  15 8 -0.36089461393145651E-002
  15 9 -0.60112051805417357E-001
  15 10 -0.36089461393145651E-002
  15 11 -0.48949718466563513E-001
  15 12 0.31179354388817540E-001
  15 13 0.31179354388817540E-001
  15 14 -0.60112051805417357E-001
  15 16 -0.60112051805417357E-001
  15 17 0.31179354388817540E-001
  16 1 -0.60112051805417357E-001
  16 2 -0.36089461393145651E-002
  16 3 -0.48949718466563513E-001
  16 4 0.31179354388817540E-001
  16 5 -0.48949718466563513E-001
  16 6 -0.36089461393145651E-002
  16 7 0.31179354388817540E-001
  16 8 -0.48949718466563513E-001
  16 9 -0.36089461393145651E-002
  16 10 -0.60112051805417357E-001
  16 11 -0.36089461393145651E-002
  16 12 -0.48949718466563513E-001
  16 14 0.31179354388817540E-001
  16 15 -0.60112051805417357E-001
  16 17 -0.60112051805417357E-001
  16 18 0.31179354388817540E-001
  17 1 -0.36089461393145651E-002
  17 2 -0.60112051805417357E-001
  17 3 -0.36089461393145651E-002
  17 4 -0.48949718466563513E-001
  17 5 0.31179354388817540E-001
  17 6 -0.48949718466563513E-001
  17 7 -0.48949718466563513E-001
  17 8 0.31179354388817540E-001
  17 9 -0.48949718466563513E-001
  17 10 -0.36089461393145651E-002
  17 11 -0.60112051805417357E-001
  17 12 -0.36089461393145651E-002
  17 13 0.31179354388817540E-001
  17 15 0.31179354388817540E-001
  17 16 -0.60112051805417357E-001
  17 18 -0.60112051805417357E-001
  18 1 -0.48949718466563513E-001
  18 2 -0.36089461393145651E-002
  18 3 -0.60112051805417357E-001
  18 4 -0.36089461393145651E-002
  18 5 -0.48949718466563513E-001
  18 6 0.31179354388817540E-001
  18 7 -0.36089461393145651E-002
  18 8 -0.48949718466563513E-001
  18 9 0.31179354388817540E-001
  18 10 -0.48949718466563513E-001
  18 11 -0.36089461393145651E-002
  18 12 -0.60112051805417357E-001
  18 13 -0.60112051805417357E-001
  18 14 0.31179354388817540E-001
  18 16 0.31179354388817540E-001
  18 17 -0.60112051805417357E-001
TERM-dd
  1 2 -0.50777341566244742E-001
  1 3 0.52554407052078832E-001
  1 5 0.52554407052078832E-001
  1 6 -0.50777341566244742E-001
  1 7 -0.50777341566244742E-001
  1 8 0.29401446704593479E-001
  1 9 -0.54580630568452769E-001
  1 10 0.52554407052078832E-001
  1 11 -0.54580630568452769E-001
  1 12 0.29401446704593479E-001
  1 13 0.52554407052078832E-001
  1 14 -0.54580630568452769E-001
  1 15 0.29401446704593479E-001
  1 16 -0.50777341566244742E-001
  1 17 0.29401446704593479E-001
  1 18 -0.54580630568452769E-001
  2 1 -0.50777341566244742E-001
  2 3 -0.50777341566244742E-001
  2 4 0.52554407052078832E-001
  2 6 0.52554407052078832E-001
  2 7 0.29401446704593479E-001
  2 8 -0.50777341566244742E-001
  2 9 0.29401446704593479E-001
  2 10 -0.54580630568452769E-001
  2 11 0.52554407052078832E-001
  2 12 -0.54580630568452769E-001
  2 13 -0.54580630568452769E-001
  2 14 0.52554407052078832E-001
  2 15 -0.54580630568452769E-001
  2 16 0.29401446704593479E-001
  2 17 -0.50777341566244742E-001
  2 18 0.29401446704593479E-001
  3 1 0.52554407052078832E-001
  3 2 -0.50777341566244742E-001
  3 4 -0.50777341566244742E-001
  3 5 0.52554407052078832E-001
  3 7 -0.54580630568452769E-001
  3 8 0.29401446704593479E-001
  3 9 -0.50777341566244742E-001
  3 10 0.29401446704593479E-001
  3 11 -0.54580630568452769E-001
  3 12 0.52554407052078832E-001
  3 13 0.29401446704593479E-001
  3 14 -0.54580630568452769E-001
  3 15 0.52554407052078832E-001
  3 16 -0.54580630568452769E-001
  3 17 0.29401446704593479E-001
  3 18 -0.50777341566244742E-001
  4 2 0.52554407052078832E-001
  4 3 -0.50777341566244742E-001
  4 5 -0.50777341566244742E-001
  4 6 0.52554407052078832E-001
  4 7 0.52554407052078832E-001
  4 8 -0.54580630568452769E-001
  4 9 0.29401446704593479E-001
  4 10 -0.50777341566244742E-001
  4 11 0.29401446704593479E-001
  4 12 -0.54580630568452769E-001
  4 13 -0.50777341566244742E-001
  4 14 0.29401446704593479E-001
  4 15 -0.54580630568452769E-001
  4 16 0.52554407052078832E-001
  4 17 -0.54580630568452769E-001
  4 18 0.29401446704593479E-001
  5 1 0.52554407052078832E-001
  5 3 0.52554407052078832E-001
  5 4 -0.50777341566244742E-001
  5 6 -0.50777341566244742E-001
  5 7 -0.54580630568452769E-001
  5 8 0.52554407052078832E-001
  5 9 -0.54580630568452769E-001
  5 10 0.29401446704593479E-001
  5 11 -0.50777341566244742E-001
  5 12 0.29401446704593479E-001
  5 13 0.29401446704593479E-001
  5 14 -0.50777341566244742E-001
  5 15 0.29401446704593479E-001
  5 16 -0.54580630568452769E-001
  5 17 0.52554407052078832E-001
  5 18 -0.54580630568452769E-001
  6 1 -0.50777341566244742E-001
  6 2 0.52554407052078832E-001
  6 4 0.52554407052078832E-001
  6 5 -0.50777341566244742E-001
  6 7 0.29401446704593479E-001
  6 8 -0.54580630568452769E-001
  6 9 0.52554407052078832E-001
  6 10 -0.54580630568452769E-001
  6 11 0.29401446704593479E-001
  6 12 -0.50777341566244742E-001
  6 13 -0.54580630568452769E-001
  6 14 0.29401446704593479E-001
  6 15 -0.50777341566244742E-001
  6 16 0.29401446704593479E-001
  6 17 -0.54580630568452769E-001
  6 18 0.52554407052078832E-001
  7 1 -0.50777341566244742E-001
  7 2 0.29401446704593479E-001
  7 3 -0.54580630568452769E-001
  7 4 0.52554407052078832E-001
  7 5 -0.54580630568452769E-001
  7 6 0.29401446704593479E-001
  7 8 -0.50777341566244742E-001
  7 9 0.52554407052078832E-001
  7 11 0.52554407052078832E-001
  7 12 -0.50777341566244742E-001
  7 13 -0.50777341566244742E-001
  7 14 0.29401446704593479E-001
  7 15 -0.54580630568452769E-001
  7 16 0.52554407052078832E-001
  7 17 -0.54580630568452769E-001
  7 18 0.29401446704593479E-001
  8 1 0.29401446704593479E-001
  8 2 -0.50777341566244742E-001
  8 3 0.29401446704593479E-001
  8 4 -0.54580630568452769E-001
  8 5 0.52554407052078832E-001
  8 6 -0.54580630568452769E-001
  8 7 -0.50777341566244742E-001
  8 9 -0.50777341566244742E-001
  8 10 0.52554407052078832E-001
  8 12 0.52554407052078832E-001
  8 13 0.29401446704593479E-001
  8 14 -0.50777341566244742E-001
  8 15 0.29401446704593479E-001
  8 16 -0.54580630568452769E-001
  8 17 0.52554407052078832E-001
  8 18 -0.54580630568452769E-001
  9 1 -0.54580630568452769E-001
  9 2 0.29401446704593479E-001
  9 3 -0.50777341566244742E-001
  9 4 0.29401446704593479E-001
  9 5 -0.54580630568452769E-001
  9 6 0.52554407052078832E-001
  9 7 0.52554407052078832E-001
  9 8 -0.50777341566244742E-001
  9 10 -0.50777341566244742E-001
  9 11 0.52554407052078832E-001
  9 13 -0.54580630568452769E-001
  9 14 0.29401446704593479E-001
  9 15 -0.50777341566244742E-001
  9 16 0.29401446704593479E-001
  9 17 -0.54580630568452769E-001
  9 18 0.52554407052078832E-001
  10 1 0.52554407052078832E-001
  10 2 -0.54580630568452769E-001
  10 3 0.29401446704593479E-001
  10 4 -0.50777341566244742E-001
  10 5 0.29401446704593479E-001
  10 6 -0.54580630568452769E-001
  10 8 0.52554407052078832E-001
  10 9 -0.50777341566244742E-001
  10 11 -0.50777341566244742E-001
  10 12 0.52554407052078832E-001
  10 13 0.52554407052078832E-001
  10 14 -0.54580630568452769E-001
  10 15 0.29401446704593479E-001
  10 16 -0.50777341566244742E-001
  10 17 0.29401446704593479E-001
  10 18 -0.54580630568452769E-001
  11 1 -0.54580630568452769E-001
  11 2 0.52554407052078832E-001
  11 3 -0.54580630568452769E-001
  11 4 0.29401446704593479E-001
  11 5 -0.50777341566244742E-001
  11 6 0.29401446704593479E-001
  11 7 0.52554407052078832E-001
  11 9 0.52554407052078832E-001
  11 10 -0.50777341566244742E-001
  11 12 -0.50777341566244742E-001
  11 13 -0.54580630568452769E-001
  11 14 0.52554407052078832E-001
  11 15 -0.54580630568452769E-001
  11 16 0.29401446704593479E-001
  11 17 -0.50777341566244742E-001
  11 18 0.29401446704593479E-001
  12 1 0.29401446704593479E-001
  12 2 -0.54580630568452769E-001
  12 3 0.52554407052078832E-001
  12 4 -0.54580630568452769E-001
  12 5 0.29401446704593479E-001
  12 6 -0.50777341566244742E-001
  12 7 -0.50777341566244742E-001
  12 8 0.52554407052078832E-001
  12 10 0.52554407052078832E-001
  12 11 -0.50777341566244742E-001
  12 13 0.29401446704593479E-001
  12 14 -0.54580630568452769E-001
  12 15 0.52554407052078832E-001
  12 16 -0.54580630568452769E-001
  12 17 0.29401446704593479E-001
  12 18 -0.50777341566244742E-001
  13 1 0.52554407052078832E-001
  13 2 -0.54580630568452769E-001
  13 3 0.29401446704593479E-001
  13 4 -0.50777341566244742E-001
  13 5 0.29401446704593479E-001
  13 6 -0.54580630568452769E-001
  13 7 -0.50777341566244742E-001
  13 8 0.29401446704593479E-001
  13 9 -0.54580630568452769E-001
  13 10 0.52554407052078832E-001
  13 11 -0.54580630568452769E-001
  13 12 0.29401446704593479E-001
  13 14 -0.50777341566244742E-001
  13 15 0.52554407052078832E-001
  13 17 0.52554407052078832E-001
  13 18 -0.50777341566244742E-001
  14 1 -0.54580630568452769E-001
  14 2 0.52554407052078832E-001
  14 3 -0.54580630568452769E-001
  14 4 0.29401446704593479E-001
  14 5 -0.50777341566244742E-001
  14 6 0.29401446704593479E-001
  14 7 0.29401446704593479E-001
  14 8 -0.50777341566244742E-001
  14 9 0.29401446704593479E-001
  14 10 -0.54580630568452769E-001
  14 11 0.52554407052078832E-001
  14 12 -0.54580630568452769E-001
  14 13 -0.50777341566244742E-001
  14 15 -0.50777341566244742E-001
  14 16 0.52554407052078832E-001
  14 18 0.52554407052078832E-001
  15 1 0.29401446704593479E-001
  15 2 -0.54580630568452769E-001
  15 3 0.52554407052078832E-001
  15 4 -0.54580630568452769E-001
  15 5 0.29401446704593479E-001
  15 6 -0.50777341566244742E-001
  15 7 -0.54580630568452769E-001
  15 8 0.29401446704593479E-001
  15 9 -0.50777341566244742E-001
  15 10 0.29401446704593479E-001
  15 11 -0.54580630568452769E-001
  15 12 0.52554407052078832E-001
  15 13 0.52554407052078832E-001
  15 14 -0.50777341566244742E-001
  15 16 -0.50777341566244742E-001
  15 17 0.52554407052078832E-001
  16 1 -0.50777341566244742E-001
  16 2 0.29401446704593479E-001
  16 3 -0.54580630568452769E-001
  16 4 0.52554407052078832E-001
  16 5 -0.54580630568452769E-001
  16 6 0.29401446704593479E-001
  16 7 0.52554407052078832E-001
  16 8 -0.54580630568452769E-001
  16 9 0.29401446704593479E-001
  16 10 -0.50777341566244742E-001
  16 11 0.29401446704593479E-001
  16 12 -0.54580630568452769E-001
  16 14 0.52554407052078832E-001
  16 15 -0.50777341566244742E-001
  16 17 -0.50777341566244742E-001
  16 18 0.52554407052078832E-001
  17 1 0.29401446704593479E-001
  17 2 -0.50777341566244742E-001
  17 3 0.29401446704593479E-001
  17 4 -0.54580630568452769E-001
  17 5 0.52554407052078832E-001
  17 6 -0.54580630568452769E-001
  17 7 -0.54580630568452769E-001
  17 8 0.52554407052078832E-001
  17 9 -0.54580630568452769E-001
  17 10 0.29401446704593479E-001
  17 11 -0.50777341566244742E-001
  17 12 0.29401446704593479E-001
  17 13 0.52554407052078832E-001
  17 15 0.52554407052078832E-001
  17 16 -0.50777341566244742E-001
  17 18 -0.50777341566244742E-001
  18 1 -0.54580630568452769E-001
  18 2 0.29401446704593479E-001
  18 3 -0.50777341566244742E-001
  18 4 0.29401446704593479E-001
  18 5 -0.54580630568452769E-001
  18 6 0.52554407052078832E-001
  18 7 0.29401446704593479E-001
  18 8 -0.54580630568452769E-001
  18 9 0.52554407052078832E-001
  18 10 -0.54580630568452769E-001
  18 11 0.29401446704593479E-001
  18 12 -0.50777341566244742E-001
  18 13 -0.50777341566244742E-001
  18 14 0.52554407052078832E-001
  18 16 0.52554407052078832E-001
  18 17 -0.50777341566244742E-001
TERM-20
  1 2 -0.92553734502713203E-001
  1 3 0.51666540304653899E-003
  1 4 -0.44802643191107619E-001
  1 5 0.51666540304653899E-003
  1 6 -0.92553734502713203E-001
  1 7 -0.92553734502713203E-001
  1 8 0.67309574107000530E-001
  1 9 -0.18705490866797181E-002
  1 10 0.51666540304653899E-003
  1 11 -0.18705490866797181E-002
  1 12 0.67309574107000530E-001
  1 13 0.51666540304653899E-003
  1 14 -0.18705490866797181E-002
  1 15 0.67309574107000530E-001
  1 16 -0.92553734502713203E-001
  1 17 0.67309574107000530E-001
  1 18 -0.18705490866797181E-002
  2 1 -0.92553734502713203E-001
  2 3 -0.92553734502713203E-001
  2 4 0.51666540304653899E-003
  2 5 -0.44802643191107619E-001
  2 6 0.51666540304653899E-003
  2 7 0.67309574107000530E-001
  2 8 -0.92553734502713203E-001
  2 9 0.67309574107000530E-001
  2 10 -0.18705490866797181E-002
  2 11 0.51666540304653899E-003
  2 12 -0.18705490866797181E-002
  2 13 -0.18705490866797181E-002
  2 14 0.51666540304653899E-003
  2 15 -0.18705490866797181E-002
  2 16 0.67309574107000530E-001
  2 17 -0.92553734502713203E-001
  2 18 0.67309574107000530E-001
  3 1 0.51666540304653899E-003
  3 2 -0.92553734502713203E-001
  3 4 -0.92553734502713203E-001
  3 5 0.51666540304653899E-003
  3 6 -0.44802643191107619E-001
  3 7 -0.18705490866797181E-002
  3 8 0.67309574107000530E-001
  3 9 -0.92553734502713203E-001
  3 10 0.67309574107000530E-001
  3 11 -0.18705490866797181E-002
  3 12 0.51666540304653899E-003
  3 13 0.67309574107000530E-001
  3 14 -0.18705490866797181E-002
  3 15 0.51666540304653899E-003
  3 16 -0.18705490866797181E-002
  3 17 0.67309574107000530E-001
  3 18 -0.92553734502713203E-001
  4 1 -0.44802643191107619E-001
  4 2 0.51666540304653899E-003
  4 3 -0.92553734502713203E-001
  4 5 -0.92553734502713203E-001
  4 6 0.51666540304653899E-003
  4 7 0.51666540304653899E-003
  4 8 -0.18705490866797181E-002
  4 9 0.67309574107000530E-001
  4 10 -0.92553734502713203E-001
  4 11 0.67309574107000530E-001
  4 12 -0.18705490866797181E-002
  4 13 -0.92553734502713203E-001
  4 14 0.67309574107000530E-001
  4 15 -0.18705490866797181E-002
  4 16 0.51666540304653899E-003
  4 17 -0.18705490866797181E-002
  4 18 0.67309574107000530E-001
  5 1 0.51666540304653899E-003
  5 2 -0.44802643191107619E-001
  5 3 0.51666540304653899E-003
  5 4 -0.92553734502713203E-001
  5 6 -0.92553734502713203E-001
  5 7 -0.18705490866797181E-002
  5 8 0.51666540304653899E-003
  5 9 -0.18705490866797181E-002
  5 10 0.67309574107000530E-001
  5 11 -0.92553734502713203E-001
  5 12 0.67309574107000530E-001
  5 13 0.67309574107000530E-001
  5 14 -0.92553734502713203E-001
  5 15 0.67309574107000530E-001
  5 16 -0.18705490866797181E-002
  5 17 0.51666540304653899E-003
  5 18 -0.18705490866797181E-002
  6 1 -0.92553734502713203E-001
  6 2 0.51666540304653899E-003
  6 3 -0.44802643191107619E-001
  6 4 0.51666540304653899E-003
  6 5 -0.92553734502713203E-001
  6 7 0.67309574107000530E-001
  6 8 -0.18705490866797181E-002
  6 9 0.51666540304653899E-003
  6 10 -0.18705490866797181E-002
  6 11 0.67309574107000530E-001
  6 12 -0.92553734502713203E-001
  6 13 -0.18705490866797181E-002
  6 14 0.67309574107000530E-001
  6 15 -0.92553734502713203E-001
  6 16 0.67309574107000530E-001
  6 17 -0.18705490866797181E-002
  6 18 0.51666540304653899E-003
  7 1 -0.92553734502713203E-001
  7 2 0.67309574107000530E-001
  7 3 -0.18705490866797181E-002
  7 4 0.51666540304653899E-003
  7 5 -0.18705490866797181E-002
  7 6 0.67309574107000530E-001
  7 8 -0.92553734502713203E-001
  7 9 0.51666540304653899E-003
  7 10 -0.44802643191107619E-001
  7 11 0.51666540304653899E-003
  7 12 -0.92553734502713203E-001
  7 13 -0.92553734502713203E-001
  7 14 0.67309574107000530E-001
  7 15 -0.18705490866797181E-002
  7 16 0.51666540304653899E-003
  7 17 -0.18705490866797181E-002
  7 18 0.67309574107000530E-001
  8 1 0.67309574107000530E-001
  8 2 -0.92553734502713203E-001
  8 3 0.67309574107000530E-001
  8 4 -0.18705490866797181E-002
  8 5 0.51666540304653899E-003
  8 6 -0.18705490866797181E-002
  8 7 -0.92553734502713203E-001
  8 9 -0.92553734502713203E-001
  8 10 0.51666540304653899E-003
  8 11 -0.44802643191107619E-001
  8 12 0.51666540304653899E-003
  8 13 0.67309574107000530E-001
  8 14 -0.92553734502713203E-001
  8 15 0.67309574107000530E-001
  8 16 -0.18705490866797181E-002
  8 17 0.51666540304653899E-003
  8 18 -0.18705490866797181E-002
  9 1 -0.18705490866797181E-002
  9 2 0.67309574107000530E-001
  9 3 -0.92553734502713203E-001
  9 4 0.67309574107000530E-001
  9 5 -0.18705490866797181E-002
  9 6 0.51666540304653899E-003
  9 7 0.51666540304653899E-003
  9 8 -0.92553734502713203E-001
  9 10 -0.92553734502713203E-001
  9 11 0.51666540304653899E-003
  9 12 -0.44802643191107619E-001
  9 13 -0.18705490866797181E-002
  9 14 0.67309574107000530E-001
  9 15 -0.92553734502713203E-001
  9 16 0.67309574107000530E-001
  9 17 -0.18705490866797181E-002
  9 18 0.51666540304653899E-003
  10 1 0.51666540304653899E-003
  10 2 -0.18705490866797181E-002
  10 3 0.67309574107000530E-001
  10 4 -0.92553734502713203E-001
  10 5 0.67309574107000530E-001
  10 6 -0.18705490866797181E-002
  10 7 -0.44802643191107619E-001
  10 8 0.51666540304653899E-003
  10 9 -0.92553734502713203E-001
  10 11 -0.92553734502713203E-001
  10 12 0.51666540304653899E-003
  10 13 0.51666540304653899E-003
  10 14 -0.18705490866797181E-002
  10 15 0.67309574107000530E-001
  10 16 -0.92553734502713203E-001
  10 17 0.67309574107000530E-001
  10 18 -0.18705490866797181E-002
  11 1 -0.18705490866797181E-002
  11 2 0.51666540304653899E-003
  11 3 -0.18705490866797181E-002
  11 4 0.67309574107000530E-001
  11 5 -0.92553734502713203E-001
  11 6 0.67309574107000530E-001
  11 7 0.51666540304653899E-003
  11 8 -0.44802643191107619E-001
  11 9 0.51666540304653899E-003
  11 10 -0.92553734502713203E-001
  11 12 -0.92553734502713203E-001
  11 13 -0.18705490866797181E-002
  11 14 0.51666540304653899E-003
  11 15 -0.18705490866797181E-002
  11 16 0.67309574107000530E-001
  11 17 -0.92553734502713203E-001
  11 18 0.67309574107000530E-001
  12 1 0.67309574107000530E-001
  12 2 -0.18705490866797181E-002
  12 3 0.51666540304653899E-003
  12 4 -0.18705490866797181E-002
  12 5 0.67309574107000530E-001
  12 6 -0.92553734502713203E-001
  12 7 -0.92553734502713203E-001
  12 8 0.51666540304653899E-003
  12 9 -0.44802643191107619E-001
  12 10 0.51666540304653899E-003
  12 11 -0.92553734502713203E-001
  12 13 0.67309574107000530E-001
  12 14 -0.18705490866797181E-002
  12 15 0.51666540304653899E-003
  12 16 -0.18705490866797181E-002
  12 17 0.67309574107000530E-001
  12 18 -0.92553734502713203E-001
  13 1 0.51666540304653899E-003
  13 2 -0.18705490866797181E-002
  13 3 0.67309574107000530E-001
  13 4 -0.92553734502713203E-001
  13 5 0.67309574107000530E-001
  13 6 -0.18705490866797181E-002
  13 7 -0.92553734502713203E-001
  13 8 0.67309574107000530E-001
  13 9 -0.18705490866797181E-002
  13 10 0.51666540304653899E-003
  13 11 -0.18705490866797181E-002
  13 12 0.67309574107000530E-001
  13 14 -0.92553734502713203E-001
  13 15 0.51666540304653899E-003
  13 16 -0.44802643191107619E-001
  13 17 0.51666540304653899E-003
  13 18 -0.92553734502713203E-001
  14 1 -0.18705490866797181E-002
  14 2 0.51666540304653899E-003
  14 3 -0.18705490866797181E-002
  14 4 0.67309574107000530E-001
  14 5 -0.92553734502713203E-001
  14 6 0.67309574107000530E-001
  14 7 0.67309574107000530E-001
  14 8 -0.92553734502713203E-001
  14 9 0.67309574107000530E-001
  14 10 -0.18705490866797181E-002
  14 11 0.51666540304653899E-003
  14 12 -0.18705490866797181E-002
  14 13 -0.92553734502713203E-001
  14 15 -0.92553734502713203E-001
  14 16 0.51666540304653899E-003
  14 17 -0.44802643191107619E-001
  14 18 0.51666540304653899E-003
  15 1 0.67309574107000530E-001
  15 2 -0.18705490866797181E-002
  15 3 0.51666540304653899E-003
  15 4 -0.18705490866797181E-002
  15 5 0.67309574107000530E-001
  15 6 -0.92553734502713203E-001
  15 7 -0.18705490866797181E-002
  15 8 0.67309574107000530E-001
  15 9 -0.92553734502713203E-001
  15 10 0.67309574107000530E-001
  15 11 -0.18705490866797181E-002
  15 12 0.51666540304653899E-003
  15 13 0.51666540304653899E-003
  15 14 -0.92553734502713203E-001
  15 16 -0.92553734502713203E-001
  15 17 0.51666540304653899E-003
  15 18 -0.44802643191107619E-001
  16 1 -0.92553734502713203E-001
  16 2 0.67309574107000530E-001
  16 3 -0.18705490866797181E-002
  16 4 0.51666540304653899E-003
  16 5 -0.18705490866797181E-002
  16 6 0.67309574107000530E-001
  16 7 0.51666540304653899E-003
  16 8 -0.18705490866797181E-002
  16 9 0.67309574107000530E-001
  16 10 -0.92553734502713203E-001
  16 11 0.67309574107000530E-001
  16 12 -0.18705490866797181E-002
  16 13 -0.44802643191107619E-001
  16 14 0.51666540304653899E-003
  16 15 -0.92553734502713203E-001
  16 17 -0.92553734502713203E-001
  16 18 0.51666540304653899E-003
  17 1 0.67309574107000530E-001
  17 2 -0.92553734502713203E-001
  17 3 0.67309574107000530E-001
  17 4 -0.18705490866797181E-002
  17 5 0.51666540304653899E-003
  17 6 -0.18705490866797181E-002
  17 7 -0.18705490866797181E-002
  17 8 0.51666540304653899E-003
  17 9 -0.18705490866797181E-002
  17 10 0.67309574107000530E-001
  17 11 -0.92553734502713203E-001
  17 12 0.67309574107000530E-001
  17 13 0.51666540304653899E-003
  17 14 -0.44802643191107619E-001
  17 15 0.51666540304653899E-003
  17 16 -0.92553734502713203E-001
  17 18 -0.92553734502713203E-001
  18 1 -0.18705490866797181E-002
  18 2 0.67309574107000530E-001
  18 3 -0.92553734502713203E-001
  18 4 0.67309574107000530E-001
  18 5 -0.18705490866797181E-002
  18 6 0.51666540304653899E-003
  18 7 0.67309574107000530E-001
  18 8 -0.18705490866797181E-002
  18 9 0.51666540304653899E-003
  18 10 -0.18705490866797181E-002
  18 11 0.67309574107000530E-001
  18 12 -0.92553734502713203E-001
  18 13 -0.92553734502713203E-001
  18 14 0.51666540304653899E-003
  18 15 -0.44802643191107619E-001
  18 16 0.51666540304653899E-003
  18 17 -0.92553734502713203E-001
