# Block_length   Mean       Error        Error_in_Error
        1745  -1.1911256572607163        1.2533313312029323E-004   2.1221577225984037E-006
         872  -1.1911232476034079        1.7327709376869528E-004   4.1516150720672652E-006
         436  -1.1911232476034079        2.3490614006915840E-004   7.9640640178667188E-006
         218  -1.1911232476034068        3.0640115725666508E-004   1.4707726203089018E-005
         109  -1.1911232476034070        3.8068158229592855E-004   2.5902100863898536E-005
          54  -1.1910802572091448        4.5638971675529132E-004   4.4328487960965064E-005
          27  -1.1910802572091448        4.8129889940368452E-004   6.6744148485552653E-005
          13  -1.1910109268270432        4.2061287240389436E-004   8.5857243052992420E-005
           6  -1.1908261983718462        5.5179955341505592E-004   1.7449434006553197E-004
           3  -1.1908261983718462        8.3939705920280973E-004   4.1969852960140486E-004
