# No.Blocks      Mean       Error        Error_in_Error
        1745   964.11386741216700        6.5227807273213673E-002   1.1044461387568867E-003
         872   964.11480857702372        9.1425475677325591E-002   2.1904994742096549E-003
         436   964.11480857702304       0.12703887802602618        4.3070213365192043E-003
         218   964.11480857702327       0.17505481349898644        8.4028999450520125E-003
         109   964.11480857702236       0.23643661218293532        1.6087473787791785E-002
          54   964.14978351036962       0.31047354644706782        3.0155856629995835E-002
          27   964.14978351036973       0.37744736306090831        5.2342531588645290E-002
          13   964.20204802466992       0.39885122341895995        8.1415165055105349E-002
           6   964.18804437868437       0.35386380731449535       0.11190156126127565     
           3   964.18804437868437       0.44037238989473348       0.22018619494736674     
