# No.Blocks      Mean       Error        Error_in_Error
        1745  -809.41407108078067       0.11302664142110934        1.9137825248567969E-003
         872  -809.41649868463651       0.15805174132653002        3.7868247740443354E-003
         436  -809.41649868463594       0.21848300399530871        7.4072675585329269E-003
         218  -809.41649868463685       0.29645303276679430        1.4230200946522510E-002
         109  -809.41649868463583       0.39110216418845034        2.6611131654441986E-002
          54  -809.47507749771398       0.48745020401744221        4.7345349176530570E-002
          27  -809.47507749771410       0.55189186966372572        7.6533632099394316E-002
          13  -809.56608063486715       0.49350303720177791       0.10073588563817502     
           6  -809.67990601564509       0.57871384323549990       0.18300538580938069     
           3  -809.67990601564509       0.74594289562544425       0.37297144781272212     
