4.305424202600580119e-01 1.283432693019144477e-01 -3.854290012630809947e-01 2.368721438762134701e-01 3.035591030354190534e-01 -3.147384856381764129e-01 -2.040327814723104094e-01 -3.625033699007196297e-01 -1.012395409209208841e-01 3.953098036368961621e-01 9.600654951160352002e-03 -1.266737057834172453e-01 -5.577951954894162095e-02 1.299213533949186983e-01 -8.587986734780903020e-02 8.524813614391581196e-02 -7.751191230501912333e-02 3.575170136202388254e-03 -6.585376361222024244e-02 4.002496667196126651e-02
-2.126715236958015010e-01 3.085932661849634662e-01 -2.337979519160103548e-01 -2.726790672955863720e-02 1.958280688163622218e-01 3.018906600119743988e-01 2.176595948492434651e-01 1.575755145546755415e-02 2.431566528153150664e-01 2.624431853149593596e-01 -2.587720734662654065e-01 2.312761676491200125e-01 3.888254513712939651e-03 -2.303692579407405072e-01 -2.922147878669896226e-01 1.553297261275974339e-01 -1.095011037126967374e-01 2.516645654333435345e-01 3.014992084002397488e-01 2.230312146215559510e-01
1.692222393292360516e-01 2.826970445473367954e-01 3.033365679954878047e-01 -2.228143890663958626e-01 6.628173158201804138e-02 1.122649176823348333e-01 -2.495995380243843931e-01 -2.980713418308259532e-01 2.469256989035379934e-01 -1.302134581128943647e-01 1.415416760272064367e-01 2.564531942148496890e-01 2.937483097987262926e-01 2.259774904212731583e-01 -7.054537835415967961e-02 1.205914327277069903e-01 -2.907698266620477034e-01 -2.071626442939806523e-01 2.363036267404505786e-01 -2.788152183931711936e-01
-2.866990872186809258e-01 -2.175619001700088428e-01 1.209006603165216770e-01 -3.062526385168590770e-01 1.114678529319455269e-01 2.179304375587356735e-01 -2.761163796131765880e-01 -3.374513414622241480e-03 -2.621179700467255458e-01 2.372853721714943132e-01 -2.374866029119044597e-01 -2.544569533516364834e-01 1.598866857987400400e-02 2.794099281531166601e-01 -2.050020016647182419e-01 1.241725019368070393e-01 -2.711220498840375970e-01 2.719431418323526861e-01 -2.713429264738562163e-01 -1.512501247217645506e-01
8.460416042550709947e-02 1.629019150716274900e-01 2.296952990644633430e-01 -2.786987902181153887e-01 3.035722977084627239e-01 -3.004161040844791630e-01 2.685774410785861099e-01 2.116466284527352137e-01 -1.384558461266049145e-01 6.380873737578866833e-02 -8.569038790569588615e-02 -1.712328184067192782e-01 -2.453940055013497101e-01 -2.968645666775405201e-01 3.193250581022106238e-01 3.115874463952257867e-01 -2.790053079432682215e-01 -9.463328247136364169e-02 9.617009614267391093e-02 -1.821615232688219288e-01
-2.126662480718256865e-01 -3.085910625882052338e-01 -2.338022546792662693e-01 2.727184989391126871e-02 1.958306670296872110e-01 -3.018955490265948227e-01 2.176588368531396644e-01 -1.576262505356944982e-02 2.431571535823251196e-01 -2.624383118549482030e-01 -2.587667435730219845e-01 -2.312764788796621285e-01 3.882698613420269406e-03 2.303683450036608793e-01 -2.922201067353724646e-01 -1.553323911923130685e-01 -1.095050900415365236e-01 -2.516598907670744567e-01 3.014960918496999986e-01 -2.230365788231749025e-01
-5.076571237381317242e-02 1.012548607779566318e-01 -1.516556260188950123e-01 -2.007328944805231996e-01 -2.458161659018436862e-01 -2.833736796506087230e-01 -3.082086131286292940e-01 3.114945198547252603e-01 2.768361995247826668e-01 1.769981977096277415e-01 -1.853474830450506650e-01 2.865581866473428940e-01 -3.155151313031456795e-01 3.044166063612258055e-01 2.718436757334325438e-01 -2.278132675653483930e-01 -1.793984157591433093e-01 5.061653687872753188e-02 4.879274926084532782e-02 1.074706229136890984e-01
5.076578504771965539e-02 1.012549008748917928e-01 1.516555645383067252e-01 -2.007328296070187701e-01 2.458162206288029283e-01 -2.833737707838520081e-01 3.082085847761162345e-01 3.114944332887388811e-01 -2.768362162741188071e-01 1.769982835058808435e-01 1.853474868834995570e-01 2.865581783128965387e-01 3.155151133632177474e-01 3.044165840595013384e-01 -2.718436898079084618e-01 -2.278133133885317518e-01 1.793983979290926234e-01 5.061662072988109412e-02 -4.879276176811249421e-02 1.074705243294407503e-01
-1.358490547237162227e-01 -2.438254790386992499e-01 -3.016288798142958139e-01 2.937855094091443853e-01 -2.163029972220900099e-01 8.193362803233582292e-02 7.979046872031607396e-02 2.242950233675956029e-01 -2.937092752581622057e-01 2.238194399302998183e-01 2.229723550325433401e-01 2.835780293316412237e-01 1.979855792825533367e-01 4.027747095231901803e-02 1.273976710907777921e-01 2.604161366017309631e-01 -3.370991484307505059e-01 -1.646534464394667219e-01 1.799039916225983748e-01 -2.648709054365860349e-01
-3.025476529443561491e-01 1.270108392224373051e-01 2.489827976949683386e-01 2.270238849330468434e-01 -1.563829004417555957e-01 -2.842154817137085843e-01 5.346456010196386915e-02 -2.969982518145940498e-01 -1.979840495133760800e-02 2.865915979964310800e-01 -2.801268822959718241e-01 -2.136662076796615184e-02 2.946022570215993674e-01 -4.728956340417901638e-02 2.834661506243906781e-01 -1.464162395655233539e-01 2.131260333220384162e-01 2.607524958249583524e-01 1.665206159683619014e-01 -2.984708336143312990e-01
3.965889553293389623e-03 -5.113561423528405203e-02 -3.427572456132611800e-02 -8.419463418750756933e-02 8.298155724109514131e-02 8.765081945471565883e-02 -1.288335793181531463e-01 5.844267855847461862e-02 -1.296085119927047336e-01 -1.120889050536432070e-02 -3.877610106638648135e-01 -9.610078828359895631e-02 3.617917137987233800e-01 1.964002874399139176e-01 3.154724639093711702e-01 2.917601565922830487e-01 2.239428761111026678e-01 -3.640507250475300549e-01 1.694948087934403658e-01 4.609562166877838041e-01
-2.388210645529605658e-01 3.037552461689718708e-01 -1.474999378517339033e-01 1.150457746167693751e-01 2.911725640009630856e-01 2.512049013969160360e-01 2.810282041152802404e-02 2.093544086745223187e-01 2.925318048244573421e-01 1.894095127765990372e-01 1.953250766677113170e-01 -2.909847243292964514e-01 1.935218737780767528e-01 5.009545119867834378e-02 2.611378916369582193e-01 -2.697849260371981139e-01 -3.807295196367211504e-02 -2.691730004894070105e-01 -3.237545841867021101e-01 -1.388107026243612374e-01
1.692223835173953805e-01 -2.826969484938192112e-01 3.033364415814977511e-01 2.228145805567272597e-01 6.628184912306288312e-02 -1.122651690337714003e-01 -2.495996423493344885e-01 2.980710676316172814e-01 2.469256301084439553e-01 1.302137454580974962e-01 1.415415934349116278e-01 -2.564532756832989535e-01 2.937483660726506463e-01 -2.259774083867261973e-01 -7.054533379549009220e-02 -1.205913975416431916e-01 -2.907697974317175471e-01 2.071626859546266131e-01 2.363036434949756515e-01 2.788151961136210444e-01
8.460408773071761979e-02 -1.629018625937400655e-01 2.296953531889156519e-01 2.786988796857979289e-01 3.035722619244656251e-01 3.004159782184009364e-01 2.685774491196671887e-01 -2.116467820279717416e-01 -1.384558738868429950e-01 -6.380859244269941610e-02 -8.569047050222283746e-02 1.712327558299654717e-01 -2.453939031595473996e-01 2.968646171373023890e-01 3.193251494783145850e-01 -3.115874156482152935e-01 -2.790052450909134008e-01 9.463328422026616449e-02 9.617014791700555232e-02 1.821615414594713878e-01
2.388140707614601066e-01 3.037542021655383895e-01 1.475067469630507444e-01 1.150436721021117770e-01 -2.911789093972373954e-01 2.512080843523281648e-01 -2.809726983037486372e-02 2.093587544371249831e-01 -2.925278852080341330e-01 1.894039200451033966e-01 -1.953183077737845608e-01 -2.909812836813858716e-01 -1.935274481695393178e-01 5.009030313642789944e-02 -2.611421730654458484e-01 -2.697910119682823127e-01 3.807016269456729718e-02 -2.691669790730457090e-01 3.237525835307488165e-01 -1.388189643498346226e-01
-3.083138576970151368e-01 5.460727556131134836e-02 2.975071212966029499e-01 1.078745872712816856e-01 -2.735330161475465482e-01 -1.602428831168486445e-01 2.351123994933798089e-01 -2.143293050327920168e-01 1.628203068152694610e-01 2.706143935360367792e-01 2.664284617103642172e-01 -1.571187585131103015e-01 -2.156973367649519802e-01 2.304662603666212395e-01 -1.619987057105042594e-01 2.667531521753697676e-01 -1.034417333097695652e-01 -2.558462985822468339e-01 -7.328524894552727875e-02 3.551310597693499438e-01
-1.358492210581947190e-01 2.438254395736497993e-01 -3.016287444997466927e-01 -2.937855990110658233e-01 -2.163031039488594320e-01 -8.193351826235649449e-02 7.979051632053917043e-02 -2.242948738688144428e-01 -2.937092535079670608e-01 -2.238196015925071058e-01 2.229722741573468003e-01 -2.835779534106924182e-01 1.979856783987390956e-01 -4.027758501832572752e-02 1.273977544011566376e-01 -2.604162353819501341e-01 -3.370990729635558458e-01 1.646535327051731890e-01 1.799040521360294465e-01 2.648707797941635689e-01
2.700417809189061269e-01 2.644931296460147907e-01 -1.212788442360712531e-02 2.742572558073240740e-01 -2.478882834279775293e-01 -4.304217988606726109e-02 2.855088183828737858e-01 2.009881338885376734e-01 1.285180886031119241e-01 -2.836509889520396066e-01 -2.773726514973064994e-01 -1.191845247272156350e-01 2.081022600341233819e-01 2.781380627509003056e-01 -2.486938233622729838e-02 2.524896755350632960e-01 -2.208596629825375357e-01 2.754622148586274299e-01 -3.127458230885608592e-01 -3.038747361397994839e-02
2.697784160631728212e-01 -2.643855772742773613e-01 -1.191031275866594186e-02 -2.740651169036875667e-01 -2.480265581063663405e-01 4.280191986349961980e-02 2.855586857678463208e-01 -2.012386114998080677e-01 1.285041452491028913e-01 2.838917971865490553e-01 -2.776070181460741360e-01 1.191686919319020904e-01 2.083498413823972051e-01 -2.781820311577611893e-01 -2.463044708550440540e-02 -2.526188219771019483e-01 -2.206797540603545327e-01 -2.752357247541546981e-01 -3.126051389542246484e-01 3.012722692464676888e-02
2.862682094931712773e-01 -2.174896748141092184e-01 -1.204852840707419243e-01 -3.061092346680708842e-01 -1.118490951935257327e-01 2.177157753185008093e-01 2.764433234463319344e-01 -3.664225355762690262e-03 2.623438233531097952e-01 2.376538970349261204e-01 2.378531157792350137e-01 -2.546751179246837249e-01 -1.628440418331393233e-02 2.797320183186981501e-01 2.047808423165479452e-01 1.245476436235491702e-01 2.709813388731515116e-01 2.715803568449141614e-01 2.712434862181034578e-01 -1.507481182226641792e-01
