# of blocks mean (X_1)     std.err. (X_1)  std.err.err. (X_1)  
# from 50000 to 0
2049        -0.683444714202 4.54874063e-06  7.10740724e-08       
1024        -0.683444729834 5.94862369e-06  1.31511485e-07       
512         -0.683444729834 6.85213408e-06  2.14338607e-07       
256         -0.683444729834 7.56265528e-06  3.34880004e-07       
128         -0.683444729834 7.39482725e-06  4.63992729e-07       
64          -0.683444729834 8.05139834e-06  7.17275573e-07       
32          -0.683444729834 9.56256025e-06  1.21444637e-06       
16          -0.683444729834 1.03787930e-05  1.89489968e-06       
8           -0.683444729834 1.04520809e-05  2.79343612e-06       
4           -0.683444729834 3.67716331e-06  1.50119564e-06       
2           -0.683444729834 5.80434570e-06  4.10429221e-06       
