# of blocks mean (X_5)     std.err. (X_5)  std.err.err. (X_5)  mean (X_6)     std.err. (X_6)  std.err.err. (X_6)  cov(X_5,X_6)   mean (X_5/X_6)   std.err. (X_5/X_6) 
# from 50000 to 0
2049        -902494449.100 6.51193173e+03  1.01748933e+02       544988.860649  3.93250241e+00  6.14453501e-02       -5.24712e+07   -1655.986964623129 9.756108331555e-07 
1024        -902494441.214 8.80142555e+03  1.94580899e+02       544988.855894  5.31511970e+00  1.17506052e-01       -4.79034e+07   -1655.986964603656 1.315648763366e-06 
512         -902494441.214 1.13160544e+04  3.53972546e+02       544988.855894  6.83371030e+00  2.13762301e-01       -3.95933e+07   -1655.986964603657 1.710589071229e-06 
256         -902494441.214 1.35916824e+04  6.01849812e+02       544988.855894  8.20797099e+00  3.63455065e-01       -2.85594e+07   -1655.986964603657 2.010510460402e-06 
128         -902494441.214 1.58571980e+04  9.94969092e+02       544988.855894  9.57612239e+00  6.00859358e-01       -1.94369e+07   -1655.986964603659 2.200718240862e-06 
64          -902494441.214 1.77088245e+04  1.57762747e+03       544988.855894  1.06944023e+01  9.52733081e-01       -1.21207e+07   -1655.986964603657 2.580479336730e-06 
32          -902494441.214 1.81780830e+04  2.30861885e+03       544988.855894  1.09777409e+01  1.39417449e+00       -6.38574e+06   -1655.986964603659 2.651223902923e-06 
16          -902494441.214 1.89929917e+04  3.46763000e+03       544988.855894  1.14700814e+01  2.09414077e+00       -3.48562e+06   -1655.986964603658 2.898443636965e-06 
8           -902494441.214 1.32090915e+04  3.53027819e+03       544988.855894  7.97700070e+00  2.13194311e+00       -8.42951e+05   -1655.986964603658 1.897213766590e-06 
4           -902494441.214 6.05658639e+03  2.47259104e+03       544988.855894  3.65767124e+00  1.49323803e+00       -8.86120e+04   -1655.986964603658 1.268586200410e-06 
2           -902494441.214 4.33679325e+03  3.06657591e+03       544988.855894  2.61932104e+00  1.85213967e+00       -2.27189e+04   -1655.986964603659 1.409671384599e-06 
