# of blocks mean (X_1)     std.err. (X_1)  std.err.err. (X_1)  
# from 50000 to 0
2049        -4.65591673890 2.55051883e-05  3.98518567e-07       
1024        -4.65591704492 3.33395811e-05  7.37067606e-07       
512         -4.65591704492 4.02745316e-05  1.25981000e-06       
256         -4.65591704492 4.18998339e-05  1.85535583e-06       
128         -4.65591704492 4.41811890e-05  2.77217435e-06       
64          -4.65591704492 4.21341282e-05  3.75360648e-06       
32          -4.65591704492 3.96776656e-05  5.03906857e-06       
16          -4.65591704492 4.44594721e-05  8.11715192e-06       
8           -4.65591704492 5.40260042e-05  1.44390570e-05       
4           -4.65591704492 4.68756910e-05  1.91369207e-05       
2           -4.65591704492 7.15664063e-05  5.06050912e-05       
