# No.Blocks      Mean       Error        Error_in_Error
        1044   72.855982501866606        2.6771253793806828E-002   5.8615376538023115E-004
         522   72.855982501866563        3.6908811431701945E-002   1.1433947674966448E-003
         261   72.855982501866606        4.9813728229372981E-002   2.1844764907576258E-003
         130   72.861577186039469        6.5101583238302480E-002   4.0530475375454462E-003
          65   72.861577186039398        7.9176545890487032E-002   6.9982840637614063E-003
          32   72.875509313502519        8.4207599278559211E-002   1.0694375802758170E-002
          16   72.875509313502548        8.3061102324391789E-002   1.5164813131438056E-002
           8   72.875509313502533       0.10834958935162443        2.8957645810816338E-002
           4   72.875509313502533       0.12298569598156099        5.0208700135980666E-002
           2   72.875509313502533       0.14967702300778210       0.10583763795661762     
