# No.Blocks      Mean       Error        Error_in_Error
        1172  -1.6777244206484632        8.9810262316228305E-005   1.8558057649657171E-006
         586  -1.6777244206484649        1.1723710787255498E-004   3.4274581873329194E-006
         293  -1.6777244206484641        1.4073900125289272E-004   5.8238213096455028E-006
         146  -1.6777235796232890        1.4785063911241237E-004   8.6820884754979995E-006
          73  -1.6777235796232877        1.2513761098407696E-004   1.0428134248673080E-005
          36  -1.6777191484374998        1.0504430977032719E-004   1.2555196428527943E-005
          18  -1.6777191484375000        9.8715966068872827E-005   1.6929648511787599E-005
           9  -1.6777191484375003        8.9751217395787111E-005   2.2437804348946778E-005
           4  -1.6777609589843752        1.3202387177921747E-004   5.3898519954285781E-005
           2  -1.6777609589843752        6.7894528359259065E-005   4.8008681408294439E-005
