# of blocks mean (X_5)     std.err. (X_5)  std.err.err. (X_5)  mean (X_6)     std.err. (X_6)  std.err.err. (X_6)  cov(X_5,X_6)   mean (X_5/X_6)   std.err. (X_5/X_6) 
# from 50000 to 0
951         -16032729.2814 7.37147729e+02  1.69113287e+01       29912.1657572  1.37529410e+00  3.15514105e-02       -9.64119e+05   -535.993595768991 1.154978990880e-06 
475         -16032745.2420 1.03412377e+03  3.35867788e+01       29912.1955337  1.92936147e+00  6.26627473e-02       -9.47719e+05   -535.993595789246 1.608588643813e-06 
237         -16032790.3836 1.43744624e+03  6.61638262e+01       29912.2797492  2.68183924e+00  1.23441657e-01       -9.13635e+05   -535.993595873786 2.201348227572e-06 
118         -16032912.8015 1.94954433e+03  1.27445700e+02       29912.5081355  3.63725860e+00  2.37775033e-01       -8.36738e+05   -535.993596019742 2.943694349797e-06 
59          -16032912.8015 2.57585705e+03  2.39162323e+02       29912.5081355  4.80577224e+00  4.46204751e-01       -7.30360e+05   -535.993596019742 3.576278223419e-06 
29          -16033656.9366 3.18628447e+03  4.25785172e+02       29913.8964845  5.94463867e+00  7.94385757e-01       -5.49298e+05   -535.993595650512 4.303900451756e-06 
14          -16034069.9492 3.89173531e+03  7.63232087e+02       29914.6670737  7.26078124e+00  1.42395635e+00       -3.95599e+05   -535.993595037154 4.117725993569e-06 
7           -16034069.9492 5.20516241e+03  1.50260096e+03       29914.6670737  9.71122491e+00  2.80338916e+00       -3.53840e+05   -535.993595037153 4.721009698805e-06 
3           -16037364.3865 7.15891308e+03  3.57945654e+03       29920.8134022  1.33565679e+01  6.67828396e+00       -2.86856e+05   -535.993596529570 4.394294958407e-06 
