# Block_length   Mean       Error        Error_in_Error
         599  -1.6786362735042517        2.0790822757391484E-003   6.0118216242315079E-005
         299  -1.6786122231867533        2.8483386916864739E-003   1.1667249883395007E-004
         149  -1.6785954108933443        3.7672888670878687E-003   2.1896921763242137E-004
          74  -1.6788850231949477        4.6101732738812740E-003   3.8154065489413993E-004
          37  -1.6788850231949466        5.5931108052550537E-003   6.5915442972060004E-004
          18  -1.6785875095568852        6.4345218542319537E-003   1.1035113940693324E-003
           9  -1.6785875095568854        7.0419341894712119E-003   1.7604835473678030E-003
           4  -1.6806730287489757        1.0097471563803879E-002   4.1222755039304034E-003
           2  -1.6806730287489755        1.1713848498897018E-002   8.2829417073619419E-003
