# No.Blocks      Mean       Error        Error_in_Error
         599  -44.605577759954933        5.8892382815964296E-002   1.7029172180772084E-003
         299  -44.607232961400982        8.1103099450593977E-002   3.3221123961478423E-003
         149  -44.608936920644304       0.10846201535740257        6.3042265893469571E-003
          74  -44.606178246388659       0.13637246817957699        1.1286265770865696E-002
          37  -44.606178246388687       0.16426969264724603        1.9359368935716270E-002
          18  -44.619793421734556       0.18834694586446427        3.2301234731668328E-002
           9  -44.619793421734556       0.17987293954163328        4.4968234885408319E-002
           4  -44.602639540669145       0.26806487590170452       0.10943702732027848     
           2  -44.602639540669145       0.33666731499444696       0.23805974143644087     
