# of blocks mean (X_1)     std.err. (X_1)  std.err.err. (X_1)  
# from 50000 to 0
314         -1.67855968471 1.79724436e-04  7.18323316e-06       
157         -1.67855968471 2.33034408e-04  1.31929754e-05       
78          -1.67855247115 2.65916653e-04  2.14281746e-05       
39          -1.67855247115 2.78158360e-04  3.19069522e-05       
19          -1.67863954934 2.27418880e-04  3.79031466e-05       
9           -1.67862148264 2.14074458e-04  5.35186145e-05       
4           -1.67863842578 2.00780878e-04  8.19684503e-05       
2           -1.67863842578 1.53945312e-05  1.08855774e-05       
