# of blocks mean (X_5)     std.err. (X_5)  std.err.err. (X_5)  mean (X_6)     std.err. (X_6)  std.err.err. (X_6)  cov(X_5,X_6)   mean (X_5/X_6)   std.err. (X_5/X_6) 
# from 50000 to 0
314         -15962754.7989 1.13721764e+03  4.54523581e+01       29781.5631995  2.12169478e+00  8.47999782e-02       -7.57628e+05   -535.994524262504 4.764962737118e-07 
157         -15962754.7989 1.59197524e+03  9.01278504e+01       29781.5631995  2.97013108e+00  1.68150560e-01       -7.42355e+05   -535.994524262504 6.489101125809e-07 
78          -15962642.7170 2.20743985e+03  1.77880573e+02       29781.3540928  4.11839683e+00  3.31869874e-01       -7.09107e+05   -535.994524198913 8.542414390925e-07 
39          -15962642.7170 3.01549389e+03  3.45900871e+02       29781.3540928  5.62597292e+00  6.45343354e-01       -6.61638e+05   -535.994524198913 1.108660353652e-06 
19          -15962792.7149 3.97597674e+03  6.62662789e+02       29781.6339607  7.41793749e+00  1.23632291e+00       -5.60377e+05   -535.994523872137 1.192829062510e-06 
9           -15962047.5634 5.47655195e+03  1.36913799e+03       29780.2437190  1.02175296e+01  2.55438240e+00       -5.03611e+05   -535.994524221854 1.460673115040e-06 
4           -15960983.8418 8.94913164e+03  3.65346769e+03       29778.2591088  1.66962684e+01  6.81622305e+00       -5.97668e+05   -535.994524845928 1.331519826946e-06 
2           -15960983.8418 1.43183225e+04  1.01245830e+04       29778.2591088  2.67135282e+01  1.88893170e+01       -7.64986e+05   -535.994524845928 5.927807635204e-07 
