# of blocks mean (X_5)     std.err. (X_5)  std.err.err. (X_5)  mean (X_6)     std.err. (X_6)  std.err.err. (X_6)  cov(X_5,X_6)   mean (X_5/X_6)   std.err. (X_5/X_6) 
# from 50000 to 0
2049        -967641512.831 6.15565646e+03  9.61821322e+01       584316.159972  3.71712489e+00  5.80800764e-02       -4.68839e+07   -1656.023877343351 7.977238072530e-08 
1024        -967641479.838 8.21702002e+03  1.81660929e+02       584316.140049  4.96188955e+00  1.09696881e-01       -4.17505e+07   -1656.023877342741 1.051746658917e-07 
512         -967641479.838 1.02095448e+04  3.19360304e+02       584316.140049  6.16508434e+00  1.92847305e-01       -3.22267e+07   -1656.023877342741 1.326955044259e-07 
256         -967641479.838 1.23463080e+04  5.46703706e+02       584316.140049  7.45537865e+00  3.30129715e-01       -2.35639e+07   -1656.023877342742 1.556880579198e-07 
128         -967641479.838 1.39466874e+04  8.75092997e+02       584316.140049  8.42177443e+00  5.28429126e-01       -1.50343e+07   -1656.023877342740 1.737746343057e-07 
64          -967641479.838 1.48181468e+04  1.32010544e+03       584316.140049  8.94800733e+00  7.97151850e-01       -8.48594e+06   -1656.023877342740 1.909651323158e-07 
32          -967641479.838 1.65826359e+04  2.10599686e+03       584316.140049  1.00135114e+01  1.27171722e+00       -5.31361e+06   -1656.023877342741 2.019898445089e-07 
16          -967641479.838 1.69266784e+04  3.09037453e+03       584316.140049  1.02212383e+01  1.86613425e+00       -2.76819e+06   -1656.023877342740 2.117071426975e-07 
8           -967641479.838 1.84706217e+04  4.93648129e+03       584316.140049  1.11535752e+01  2.98091836e+00       -1.64811e+06   -1656.023877342740 1.614308815814e-07 
4           -967641479.838 1.11053288e+04  4.53373150e+03       584316.140049  6.70599491e+00  2.73771096e+00       -2.97889e+05   -1656.023877342741 1.468824370870e-07 
2           -967641479.838 9.71286975e+03  6.86803606e+03       584316.140049  5.86522125e+00  4.14733772e+00       -1.13936e+05   -1656.023877342741 1.312473209777e-07 
