# of blocks mean (X_1)     std.err. (X_1)  std.err.err. (X_1)  
# from 50000 to 0
2049        -1.67751193509 6.61628093e-05  1.03379389e-06       
1024        -1.67751234082 8.57470550e-05  1.89568598e-06       
512         -1.67751234082 9.93143445e-05  3.10660855e-06       
256         -1.67751234082 1.01485303e-04  4.49384474e-06       
128         -1.67751234082 9.64557040e-05  6.05216914e-06       
64          -1.67751234082 9.25823112e-05  8.24788783e-06       
32          -1.67751234082 8.50550106e-05  1.08019972e-05       
16          -1.67751234082 8.27788721e-05  1.51132852e-05       
8           -1.67751234082 6.08879960e-05  1.62730014e-05       
4           -1.67751234082 7.21051423e-05  2.94368011e-05       
2           -1.67751234082 7.60214844e-05  5.37553071e-05       
