# of blocks mean (X_5)     std.err. (X_5)  std.err.err. (X_5)  mean (X_6)     std.err. (X_6)  std.err.err. (X_6)  cov(X_5,X_6)   mean (X_5/X_6)   std.err. (X_5/X_6) 
# from 50000 to 0
2049        -16183293.6383 4.63636183e+02  7.24431536e+00       30193.0869234  8.65002840e-01  1.35156694e-02       -8.21745e+05   -535.993344415938 9.087603020552e-07 
1024        -16183302.2307 6.48963826e+02  1.43472173e+01       30193.1029532  1.21076729e+00  2.67675033e-02       -8.04602e+05   -535.993344432875 1.267654993060e-06 
512         -16183302.2307 8.96909234e+02  2.80558252e+01       30193.1029532  1.67335692e+00  5.23435455e-02       -7.68435e+05   -535.993344432875 1.742409130926e-06 
256         -16183302.2307 1.21307187e+03  5.37157255e+01       30193.1029532  2.26321735e+00  1.00216949e-01       -7.02834e+05   -535.993344432874 2.342537872527e-06 
128         -16183302.2307 1.58239127e+03  9.92880586e+01       30193.1029532  2.95224741e+00  1.85240477e-01       -5.97966e+05   -535.993344432874 3.019401892505e-06 
64          -16183302.2307 1.97682519e+03  1.76109585e+02       30193.1029532  3.68814043e+00  3.28565664e-01       -4.66612e+05   -535.993344432874 3.685022522139e-06 
32          -16183302.2307 2.40141789e+03  3.04980377e+02       30193.1029532  4.48034313e+00  5.69004146e-01       -3.44294e+05   -535.993344432875 4.020086833277e-06 
16          -16183302.2307 2.67743594e+03  4.88830687e+02       30193.1029532  4.99533452e+00  9.12019133e-01       -2.13995e+05   -535.993344432874 4.316507415594e-06 
8           -16183302.2307 3.16938287e+03  8.47053202e+02       30193.1029532  5.91317226e+00  1.58036176e+00       -1.49929e+05   -535.993344432874 3.502972607141e-06 
4           -16183302.2307 1.80595976e+03  7.37279986e+02       30193.1029532  3.36925788e+00  1.37549377e+00       -2.43390e+04   -535.993344432874 3.949463822940e-06 
2           -16183302.2307 1.83715025e+03  1.29906140e+03       30193.1029532  3.42767328e+00  2.42373102e+00       -1.25943e+04   -535.993344432874 1.981193480563e-06 
