TERM-2
  1 -5.3012917760490863
  2 -5.3012917760490863
  3 -5.3012917760490863
  4 -5.3012917760490863
  5 -5.3012917760490863
  6 -5.3012917760490863
  7 -5.3012917760490863
  8 -5.3012917760490863
  9 -5.3012917760490863
  10 -5.3012917760490863
  11 -5.3012917760490863
  12 -5.3012917760490863
  13 -5.3012917760490863
  14 -5.3012917760490863
  15 -5.3012917760490863
  16 -5.3012917760490863
  17 -5.3012917760490863
  18 -5.3012917760490863
TERM-02
  1 2 0.50886982468475339
  1 3 0.12149151635490635
  1 4 0.21886738831847670E-001
  1 5 0.12149151635490635
  1 6 0.50886982468475339
  1 7 0.50886982468475339
  1 8 0.30818645118365867
  1 9 0.46527252651559388E-001
  1 10 0.12149151635490635
  1 11 0.46527252651559388E-001
  1 12 0.30818645118365867
  1 13 0.12149151635490635
  1 14 0.46527252651559388E-001
  1 15 0.30818645118365867
  1 16 0.50886982468475339
  1 17 0.30818645118365867
  1 18 0.46527252651559388E-001
  2 1 0.50886982468475339
  2 3 0.50886982468475339
  2 4 0.12149151635490635
  2 5 0.21886738831847670E-001
  2 6 0.12149151635490635
  2 7 0.30818645118365867
  2 8 0.50886982468475339
  2 9 0.30818645118365867
  2 10 0.46527252651559388E-001
  2 11 0.12149151635490635
  2 12 0.46527252651559388E-001
  2 13 0.46527252651559388E-001
  2 14 0.12149151635490635
  2 15 0.46527252651559388E-001
  2 16 0.30818645118365867
  2 17 0.50886982468475339
  2 18 0.30818645118365867
  3 1 0.12149151635490635
  3 2 0.50886982468475339
  3 4 0.50886982468475339
  3 5 0.12149151635490635
  3 6 0.21886738831847670E-001
  3 7 0.46527252651559388E-001
  3 8 0.30818645118365867
  3 9 0.50886982468475339
  3 10 0.30818645118365867
  3 11 0.46527252651559388E-001
  3 12 0.12149151635490635
  3 13 0.30818645118365867
  3 14 0.46527252651559388E-001
  3 15 0.12149151635490635
  3 16 0.46527252651559388E-001
  3 17 0.30818645118365867
  3 18 0.50886982468475339
  4 1 0.21886738831847670E-001
  4 2 0.12149151635490635
  4 3 0.50886982468475339
  4 5 0.50886982468475339
  4 6 0.12149151635490635
  4 7 0.12149151635490635
  4 8 0.46527252651559388E-001
  4 9 0.30818645118365867
  4 10 0.50886982468475339
  4 11 0.30818645118365867
  4 12 0.46527252651559388E-001
  4 13 0.50886982468475339
  4 14 0.30818645118365867
  4 15 0.46527252651559388E-001
  4 16 0.12149151635490635
  4 17 0.46527252651559388E-001
  4 18 0.30818645118365867
  5 1 0.12149151635490635
  5 2 0.21886738831847670E-001
  5 3 0.12149151635490635
  5 4 0.50886982468475339
  5 6 0.50886982468475339
  5 7 0.46527252651559388E-001
  5 8 0.12149151635490635
  5 9 0.46527252651559388E-001
  5 10 0.30818645118365867
  5 11 0.50886982468475339
  5 12 0.30818645118365867
  5 13 0.30818645118365867
  5 14 0.50886982468475339
  5 15 0.30818645118365867
  5 16 0.46527252651559388E-001
  5 17 0.12149151635490635
  5 18 0.46527252651559388E-001
  6 1 0.50886982468475339
  6 2 0.12149151635490635
  6 3 0.21886738831847670E-001
  6 4 0.12149151635490635
  6 5 0.50886982468475339
  6 7 0.30818645118365867
  6 8 0.46527252651559388E-001
  6 9 0.12149151635490635
  6 10 0.46527252651559388E-001
  6 11 0.30818645118365867
  6 12 0.50886982468475339
  6 13 0.46527252651559388E-001
  6 14 0.30818645118365867
  6 15 0.50886982468475339
  6 16 0.30818645118365867
  6 17 0.46527252651559388E-001
  6 18 0.12149151635490635
  7 1 0.50886982468475339
  7 2 0.30818645118365867
  7 3 0.46527252651559388E-001
  7 4 0.12149151635490635
  7 5 0.46527252651559388E-001
  7 6 0.30818645118365867
  7 8 0.50886982468475339
  7 9 0.12149151635490635
  7 10 0.21886738831847670E-001
  7 11 0.12149151635490635
  7 12 0.50886982468475339
  7 13 0.50886982468475339
  7 14 0.30818645118365867
  7 15 0.46527252651559388E-001
  7 16 0.12149151635490635
  7 17 0.46527252651559388E-001
  7 18 0.30818645118365867
  8 1 0.30818645118365867
  8 2 0.50886982468475339
  8 3 0.30818645118365867
  8 4 0.46527252651559388E-001
  8 5 0.12149151635490635
  8 6 0.46527252651559388E-001
  8 7 0.50886982468475339
  8 9 0.50886982468475339
  8 10 0.12149151635490635
  8 11 0.21886738831847670E-001
  8 12 0.12149151635490635
  8 13 0.30818645118365867
  8 14 0.50886982468475339
  8 15 0.30818645118365867
  8 16 0.46527252651559388E-001
  8 17 0.12149151635490635
  8 18 0.46527252651559388E-001
  9 1 0.46527252651559388E-001
  9 2 0.30818645118365867
  9 3 0.50886982468475339
  9 4 0.30818645118365867
  9 5 0.46527252651559388E-001
  9 6 0.12149151635490635
  9 7 0.12149151635490635
  9 8 0.50886982468475339
  9 10 0.50886982468475339
  9 11 0.12149151635490635
  9 12 0.21886738831847670E-001
  9 13 0.46527252651559388E-001
  9 14 0.30818645118365867
  9 15 0.50886982468475339
  9 16 0.30818645118365867
  9 17 0.46527252651559388E-001
  9 18 0.12149151635490635
  10 1 0.12149151635490635
  10 2 0.46527252651559388E-001
  10 3 0.30818645118365867
  10 4 0.50886982468475339
  10 5 0.30818645118365867
  10 6 0.46527252651559388E-001
  10 7 0.21886738831847670E-001
  10 8 0.12149151635490635
  10 9 0.50886982468475339
  10 11 0.50886982468475339
  10 12 0.12149151635490635
  10 13 0.12149151635490635
  10 14 0.46527252651559388E-001
  10 15 0.30818645118365867
  10 16 0.50886982468475339
  10 17 0.30818645118365867
  10 18 0.46527252651559388E-001
  11 1 0.46527252651559388E-001
  11 2 0.12149151635490635
  11 3 0.46527252651559388E-001
  11 4 0.30818645118365867
  11 5 0.50886982468475339
  11 6 0.30818645118365867
  11 7 0.12149151635490635
  11 8 0.21886738831847670E-001
  11 9 0.12149151635490635
  11 10 0.50886982468475339
  11 12 0.50886982468475339
  11 13 0.46527252651559388E-001
  11 14 0.12149151635490635
  11 15 0.46527252651559388E-001
  11 16 0.30818645118365867
  11 17 0.50886982468475339
  11 18 0.30818645118365867
  12 1 0.30818645118365867
  12 2 0.46527252651559388E-001
  12 3 0.12149151635490635
  12 4 0.46527252651559388E-001
  12 5 0.30818645118365867
  12 6 0.50886982468475339
  12 7 0.50886982468475339
  12 8 0.12149151635490635
  12 9 0.21886738831847670E-001
  12 10 0.12149151635490635
  12 11 0.50886982468475339
  12 13 0.30818645118365867
  12 14 0.46527252651559388E-001
  12 15 0.12149151635490635
  12 16 0.46527252651559388E-001
  12 17 0.30818645118365867
  12 18 0.50886982468475339
  13 1 0.12149151635490635
  13 2 0.46527252651559388E-001
  13 3 0.30818645118365867
  13 4 0.50886982468475339
  13 5 0.30818645118365867
  13 6 0.46527252651559388E-001
  13 7 0.50886982468475339
  13 8 0.30818645118365867
  13 9 0.46527252651559388E-001
  13 10 0.12149151635490635
  13 11 0.46527252651559388E-001
  13 12 0.30818645118365867
  13 14 0.50886982468475339
  13 15 0.12149151635490635
  13 16 0.21886738831847670E-001
  13 17 0.12149151635490635
  13 18 0.50886982468475339
  14 1 0.46527252651559388E-001
  14 2 0.12149151635490635
  14 3 0.46527252651559388E-001
  14 4 0.30818645118365867
  14 5 0.50886982468475339
  14 6 0.30818645118365867
  14 7 0.30818645118365867
  14 8 0.50886982468475339
  14 9 0.30818645118365867
  14 10 0.46527252651559388E-001
  14 11 0.12149151635490635
  14 12 0.46527252651559388E-001
  14 13 0.50886982468475339
  14 15 0.50886982468475339
  14 16 0.12149151635490635
  14 17 0.21886738831847670E-001
  14 18 0.12149151635490635
  15 1 0.30818645118365867
  15 2 0.46527252651559388E-001
  15 3 0.12149151635490635
  15 4 0.46527252651559388E-001
  15 5 0.30818645118365867
  15 6 0.50886982468475339
  15 7 0.46527252651559388E-001
  15 8 0.30818645118365867
  15 9 0.50886982468475339
  15 10 0.30818645118365867
  15 11 0.46527252651559388E-001
  15 12 0.12149151635490635
  15 13 0.12149151635490635
  15 14 0.50886982468475339
  15 16 0.50886982468475339
  15 17 0.12149151635490635
  15 18 0.21886738831847670E-001
  16 1 0.50886982468475339
  16 2 0.30818645118365867
  16 3 0.46527252651559388E-001
  16 4 0.12149151635490635
  16 5 0.46527252651559388E-001
  16 6 0.30818645118365867
  16 7 0.12149151635490635
  16 8 0.46527252651559388E-001
  16 9 0.30818645118365867
  16 10 0.50886982468475339
  16 11 0.30818645118365867
  16 12 0.46527252651559388E-001
  16 13 0.21886738831847670E-001
  16 14 0.12149151635490635
  16 15 0.50886982468475339
  16 17 0.50886982468475339
  16 18 0.12149151635490635
  17 1 0.30818645118365867
  17 2 0.50886982468475339
  17 3 0.30818645118365867
  17 4 0.46527252651559388E-001
  17 5 0.12149151635490635
  17 6 0.46527252651559388E-001
  17 7 0.46527252651559388E-001
  17 8 0.12149151635490635
  17 9 0.46527252651559388E-001
  17 10 0.30818645118365867
  17 11 0.50886982468475339
  17 12 0.30818645118365867
  17 13 0.12149151635490635
  17 14 0.21886738831847670E-001
  17 15 0.12149151635490635
  17 16 0.50886982468475339
  17 18 0.50886982468475339
  18 1 0.46527252651559388E-001
  18 2 0.30818645118365867
  18 3 0.50886982468475339
  18 4 0.30818645118365867
  18 5 0.46527252651559388E-001
  18 6 0.12149151635490635
  18 7 0.30818645118365867
  18 8 0.46527252651559388E-001
  18 9 0.12149151635490635
  18 10 0.46527252651559388E-001
  18 11 0.30818645118365867
  18 12 0.50886982468475339
  18 13 0.50886982468475339
  18 14 0.12149151635490635
  18 15 0.21886738831847670E-001
  18 16 0.12149151635490635
  18 17 0.50886982468475339
TERM-uu
  1 2 -0.54609369097250261E-001
  1 3 -0.10526352642764909
  1 5 -0.10526352642764909
  1 6 -0.54609369097250261E-001
  1 7 -0.54609369097250261E-001
  1 8 -0.24645186621001902
  1 9 -0.28870803546592192E-001
  1 10 -0.10526352642764909
  1 11 -0.28870803546592192E-001
  1 12 -0.24645186621001902
  1 13 -0.10526352642764909
  1 14 -0.28870803546592192E-001
  1 15 -0.24645186621001902
  1 16 -0.54609369097250261E-001
  1 17 -0.24645186621001902
  1 18 -0.28870803546592192E-001
  2 1 -0.54609369097250261E-001
  2 3 -0.54609369097250261E-001
  2 4 -0.10526352642764909
  2 6 -0.10526352642764909
  2 7 -0.24645186621001902
  2 8 -0.54609369097250261E-001
  2 9 -0.24645186621001902
  2 10 -0.28870803546592192E-001
  2 11 -0.10526352642764909
  2 12 -0.28870803546592192E-001
  2 13 -0.28870803546592192E-001
  2 14 -0.10526352642764909
  2 15 -0.28870803546592192E-001
  2 16 -0.24645186621001902
  2 17 -0.54609369097250261E-001
  2 18 -0.24645186621001902
  3 1 -0.10526352642764909
  3 2 -0.54609369097250261E-001
  3 4 -0.54609369097250261E-001
  3 5 -0.10526352642764909
  3 7 -0.28870803546592192E-001
  3 8 -0.24645186621001902
  3 9 -0.54609369097250261E-001
  3 10 -0.24645186621001902
  3 11 -0.28870803546592192E-001
  3 12 -0.10526352642764909
  3 13 -0.24645186621001902
  3 14 -0.28870803546592192E-001
  3 15 -0.10526352642764909
  3 16 -0.28870803546592192E-001
  3 17 -0.24645186621001902
  3 18 -0.54609369097250261E-001
  4 2 -0.10526352642764909
  4 3 -0.54609369097250261E-001
  4 5 -0.54609369097250261E-001
  4 6 -0.10526352642764909
  4 7 -0.10526352642764909
  4 8 -0.28870803546592192E-001
  4 9 -0.24645186621001902
  4 10 -0.54609369097250261E-001
  4 11 -0.24645186621001902
  4 12 -0.28870803546592192E-001
  4 13 -0.54609369097250261E-001
  4 14 -0.24645186621001902
  4 15 -0.28870803546592192E-001
  4 16 -0.10526352642764909
  4 17 -0.28870803546592192E-001
  4 18 -0.24645186621001902
  5 1 -0.10526352642764909
  5 3 -0.10526352642764909
  5 4 -0.54609369097250261E-001
  5 6 -0.54609369097250261E-001
  5 7 -0.28870803546592192E-001
  5 8 -0.10526352642764909
  5 9 -0.28870803546592192E-001
  5 10 -0.24645186621001902
  5 11 -0.54609369097250261E-001
  5 12 -0.24645186621001902
  5 13 -0.24645186621001902
  5 14 -0.54609369097250261E-001
  5 15 -0.24645186621001902
  5 16 -0.28870803546592192E-001
  5 17 -0.10526352642764909
  5 18 -0.28870803546592192E-001
  6 1 -0.54609369097250261E-001
  6 2 -0.10526352642764909
  6 4 -0.10526352642764909
  6 5 -0.54609369097250261E-001
  6 7 -0.24645186621001902
  6 8 -0.28870803546592192E-001
  6 9 -0.10526352642764909
  6 10 -0.28870803546592192E-001
  6 11 -0.24645186621001902
  6 12 -0.54609369097250261E-001
  6 13 -0.28870803546592192E-001
  6 14 -0.24645186621001902
  6 15 -0.54609369097250261E-001
  6 16 -0.24645186621001902
  6 17 -0.28870803546592192E-001
  6 18 -0.10526352642764909
  7 1 -0.54609369097250261E-001
  7 2 -0.24645186621001902
  7 3 -0.28870803546592192E-001
  7 4 -0.10526352642764909
  7 5 -0.28870803546592192E-001
  7 6 -0.24645186621001902
  7 8 -0.54609369097250261E-001
  7 9 -0.10526352642764909
  7 11 -0.10526352642764909
  7 12 -0.54609369097250261E-001
  7 13 -0.54609369097250261E-001
  7 14 -0.24645186621001902
  7 15 -0.28870803546592192E-001
  7 16 -0.10526352642764909
  7 17 -0.28870803546592192E-001
  7 18 -0.24645186621001902
  8 1 -0.24645186621001902
  8 2 -0.54609369097250261E-001
  8 3 -0.24645186621001902
  8 4 -0.28870803546592192E-001
  8 5 -0.10526352642764909
  8 6 -0.28870803546592192E-001
  8 7 -0.54609369097250261E-001
  8 9 -0.54609369097250261E-001
  8 10 -0.10526352642764909
  8 12 -0.10526352642764909
  8 13 -0.24645186621001902
  8 14 -0.54609369097250261E-001
  8 15 -0.24645186621001902
  8 16 -0.28870803546592192E-001
  8 17 -0.10526352642764909
  8 18 -0.28870803546592192E-001
  9 1 -0.28870803546592192E-001
  9 2 -0.24645186621001902
  9 3 -0.54609369097250261E-001
  9 4 -0.24645186621001902
  9 5 -0.28870803546592192E-001
  9 6 -0.10526352642764909
  9 7 -0.10526352642764909
  9 8 -0.54609369097250261E-001
  9 10 -0.54609369097250261E-001
  9 11 -0.10526352642764909
  9 13 -0.28870803546592192E-001
  9 14 -0.24645186621001902
  9 15 -0.54609369097250261E-001
  9 16 -0.24645186621001902
  9 17 -0.28870803546592192E-001
  9 18 -0.10526352642764909
  10 1 -0.10526352642764909
  10 2 -0.28870803546592192E-001
  10 3 -0.24645186621001902
  10 4 -0.54609369097250261E-001
  10 5 -0.24645186621001902
  10 6 -0.28870803546592192E-001
  10 8 -0.10526352642764909
  10 9 -0.54609369097250261E-001
  10 11 -0.54609369097250261E-001
  10 12 -0.10526352642764909
  10 13 -0.10526352642764909
  10 14 -0.28870803546592192E-001
  10 15 -0.24645186621001902
  10 16 -0.54609369097250261E-001
  10 17 -0.24645186621001902
  10 18 -0.28870803546592192E-001
  11 1 -0.28870803546592192E-001
  11 2 -0.10526352642764909
  11 3 -0.28870803546592192E-001
  11 4 -0.24645186621001902
  11 5 -0.54609369097250261E-001
  11 6 -0.24645186621001902
  11 7 -0.10526352642764909
  11 9 -0.10526352642764909
  11 10 -0.54609369097250261E-001
  11 12 -0.54609369097250261E-001
  11 13 -0.28870803546592192E-001
  11 14 -0.10526352642764909
  11 15 -0.28870803546592192E-001
  11 16 -0.24645186621001902
  11 17 -0.54609369097250261E-001
  11 18 -0.24645186621001902
  12 1 -0.24645186621001902
  12 2 -0.28870803546592192E-001
  12 3 -0.10526352642764909
  12 4 -0.28870803546592192E-001
  12 5 -0.24645186621001902
  12 6 -0.54609369097250261E-001
  12 7 -0.54609369097250261E-001
  12 8 -0.10526352642764909
  12 10 -0.10526352642764909
  12 11 -0.54609369097250261E-001
  12 13 -0.24645186621001902
  12 14 -0.28870803546592192E-001
  12 15 -0.10526352642764909
  12 16 -0.28870803546592192E-001
  12 17 -0.24645186621001902
  12 18 -0.54609369097250261E-001
  13 1 -0.10526352642764909
  13 2 -0.28870803546592192E-001
  13 3 -0.24645186621001902
  13 4 -0.54609369097250261E-001
  13 5 -0.24645186621001902
  13 6 -0.28870803546592192E-001
  13 7 -0.54609369097250261E-001
  13 8 -0.24645186621001902
  13 9 -0.28870803546592192E-001
  13 10 -0.10526352642764909
  13 11 -0.28870803546592192E-001
  13 12 -0.24645186621001902
  13 14 -0.54609369097250261E-001
  13 15 -0.10526352642764909
  13 17 -0.10526352642764909
  13 18 -0.54609369097250261E-001
  14 1 -0.28870803546592192E-001
  14 2 -0.10526352642764909
  14 3 -0.28870803546592192E-001
  14 4 -0.24645186621001902
  14 5 -0.54609369097250261E-001
  14 6 -0.24645186621001902
  14 7 -0.24645186621001902
  14 8 -0.54609369097250261E-001
  14 9 -0.24645186621001902
  14 10 -0.28870803546592192E-001
  14 11 -0.10526352642764909
  14 12 -0.28870803546592192E-001
  14 13 -0.54609369097250261E-001
  14 15 -0.54609369097250261E-001
  14 16 -0.10526352642764909
  14 18 -0.10526352642764909
  15 1 -0.24645186621001902
  15 2 -0.28870803546592192E-001
  15 3 -0.10526352642764909
  15 4 -0.28870803546592192E-001
  15 5 -0.24645186621001902
  15 6 -0.54609369097250261E-001
  15 7 -0.28870803546592192E-001
  15 8 -0.24645186621001902
  15 9 -0.54609369097250261E-001
  15 10 -0.24645186621001902
  15 11 -0.28870803546592192E-001
  15 12 -0.10526352642764909
  15 13 -0.10526352642764909
  15 14 -0.54609369097250261E-001
  15 16 -0.54609369097250261E-001
  15 17 -0.10526352642764909
  16 1 -0.54609369097250261E-001
  16 2 -0.24645186621001902
  16 3 -0.28870803546592192E-001
  16 4 -0.10526352642764909
  16 5 -0.28870803546592192E-001
  16 6 -0.24645186621001902
  16 7 -0.10526352642764909
  16 8 -0.28870803546592192E-001
  16 9 -0.24645186621001902
  16 10 -0.54609369097250261E-001
  16 11 -0.24645186621001902
  16 12 -0.28870803546592192E-001
  16 14 -0.10526352642764909
  16 15 -0.54609369097250261E-001
  16 17 -0.54609369097250261E-001
  16 18 -0.10526352642764909
  17 1 -0.24645186621001902
  17 2 -0.54609369097250261E-001
  17 3 -0.24645186621001902
  17 4 -0.28870803546592192E-001
  17 5 -0.10526352642764909
  17 6 -0.28870803546592192E-001
  17 7 -0.28870803546592192E-001
  17 8 -0.10526352642764909
  17 9 -0.28870803546592192E-001
  17 10 -0.24645186621001902
  17 11 -0.54609369097250261E-001
  17 12 -0.24645186621001902
  17 13 -0.10526352642764909
  17 15 -0.10526352642764909
  17 16 -0.54609369097250261E-001
  17 18 -0.54609369097250261E-001
  18 1 -0.28870803546592192E-001
  18 2 -0.24645186621001902
  18 3 -0.54609369097250261E-001
  18 4 -0.24645186621001902
  18 5 -0.28870803546592192E-001
  18 6 -0.10526352642764909
  18 7 -0.24645186621001902
  18 8 -0.28870803546592192E-001
  18 9 -0.10526352642764909
  18 10 -0.28870803546592192E-001
  18 11 -0.24645186621001902
  18 12 -0.54609369097250261E-001
  18 13 -0.54609369097250261E-001
  18 14 -0.10526352642764909
  18 16 -0.10526352642764909
  18 17 -0.54609369097250261E-001
TERM-ud
  1 2 -0.57899138303274325E-001
  1 3 -0.13921445277411310
  1 5 -0.13921445277411310
  1 6 -0.57899138303274325E-001
  1 7 -0.57899138303274325E-001
  1 8 -0.26655542254496223
  1 9 -0.15774894011534337E-001
  1 10 -0.13921445277411310
  1 11 -0.15774894011534337E-001
  1 12 -0.26655542254496223
  1 13 -0.13921445277411310
  1 14 -0.15774894011534337E-001
  1 15 -0.26655542254496223
  1 16 -0.57899138303274325E-001
  1 17 -0.26655542254496223
  1 18 -0.15774894011534337E-001
  2 1 -0.57899138303274325E-001
  2 3 -0.57899138303274325E-001
  2 4 -0.13921445277411310
  2 6 -0.13921445277411310
  2 7 -0.26655542254496223
  2 8 -0.57899138303274325E-001
  2 9 -0.26655542254496223
  2 10 -0.15774894011534337E-001
  2 11 -0.13921445277411310
  2 12 -0.15774894011534337E-001
  2 13 -0.15774894011534337E-001
  2 14 -0.13921445277411310
  2 15 -0.15774894011534337E-001
  2 16 -0.26655542254496223
  2 17 -0.57899138303274325E-001
  2 18 -0.26655542254496223
  3 1 -0.13921445277411310
  3 2 -0.57899138303274325E-001
  3 4 -0.57899138303274325E-001
  3 5 -0.13921445277411310
  3 7 -0.15774894011534337E-001
  3 8 -0.26655542254496223
  3 9 -0.57899138303274325E-001
  3 10 -0.26655542254496223
  3 11 -0.15774894011534337E-001
  3 12 -0.13921445277411310
  3 13 -0.26655542254496223
  3 14 -0.15774894011534337E-001
  3 15 -0.13921445277411310
  3 16 -0.15774894011534337E-001
  3 17 -0.26655542254496223
  3 18 -0.57899138303274325E-001
  4 2 -0.13921445277411310
  4 3 -0.57899138303274325E-001
  4 5 -0.57899138303274325E-001
  4 6 -0.13921445277411310
  4 7 -0.13921445277411310
  4 8 -0.15774894011534337E-001
  4 9 -0.26655542254496223
  4 10 -0.57899138303274325E-001
  4 11 -0.26655542254496223
  4 12 -0.15774894011534337E-001
  4 13 -0.57899138303274325E-001
  4 14 -0.26655542254496223
  4 15 -0.15774894011534337E-001
  4 16 -0.13921445277411310
  4 17 -0.15774894011534337E-001
  4 18 -0.26655542254496223
  5 1 -0.13921445277411310
  5 3 -0.13921445277411310
  5 4 -0.57899138303274325E-001
  5 6 -0.57899138303274325E-001
  5 7 -0.15774894011534337E-001
  5 8 -0.13921445277411310
  5 9 -0.15774894011534337E-001
  5 10 -0.26655542254496223
  5 11 -0.57899138303274325E-001
  5 12 -0.26655542254496223
  5 13 -0.26655542254496223
  5 14 -0.57899138303274325E-001
  5 15 -0.26655542254496223
  5 16 -0.15774894011534337E-001
  5 17 -0.13921445277411310
  5 18 -0.15774894011534337E-001
  6 1 -0.57899138303274325E-001
  6 2 -0.13921445277411310
  6 4 -0.13921445277411310
  6 5 -0.57899138303274325E-001
  6 7 -0.26655542254496223
  6 8 -0.15774894011534337E-001
  6 9 -0.13921445277411310
  6 10 -0.15774894011534337E-001
  6 11 -0.26655542254496223
  6 12 -0.57899138303274325E-001
  6 13 -0.15774894011534337E-001
  6 14 -0.26655542254496223
  6 15 -0.57899138303274325E-001
  6 16 -0.26655542254496223
  6 17 -0.15774894011534337E-001
  6 18 -0.13921445277411310
  7 1 -0.57899138303274325E-001
  7 2 -0.26655542254496223
  7 3 -0.15774894011534337E-001
  7 4 -0.13921445277411310
  7 5 -0.15774894011534337E-001
  7 6 -0.26655542254496223
  7 8 -0.57899138303274325E-001
  7 9 -0.13921445277411310
  7 11 -0.13921445277411310
  7 12 -0.57899138303274325E-001
  7 13 -0.57899138303274325E-001
  7 14 -0.26655542254496223
  7 15 -0.15774894011534337E-001
  7 16 -0.13921445277411310
  7 17 -0.15774894011534337E-001
  7 18 -0.26655542254496223
  8 1 -0.26655542254496223
  8 2 -0.57899138303274325E-001
  8 3 -0.26655542254496223
  8 4 -0.15774894011534337E-001
  8 5 -0.13921445277411310
  8 6 -0.15774894011534337E-001
  8 7 -0.57899138303274325E-001
  8 9 -0.57899138303274325E-001
  8 10 -0.13921445277411310
  8 12 -0.13921445277411310
  8 13 -0.26655542254496223
  8 14 -0.57899138303274325E-001
  8 15 -0.26655542254496223
  8 16 -0.15774894011534337E-001
  8 17 -0.13921445277411310
  8 18 -0.15774894011534337E-001
  9 1 -0.15774894011534337E-001
  9 2 -0.26655542254496223
  9 3 -0.57899138303274325E-001
  9 4 -0.26655542254496223
  9 5 -0.15774894011534337E-001
  9 6 -0.13921445277411310
  9 7 -0.13921445277411310
  9 8 -0.57899138303274325E-001
  9 10 -0.57899138303274325E-001
  9 11 -0.13921445277411310
  9 13 -0.15774894011534337E-001
  9 14 -0.26655542254496223
  9 15 -0.57899138303274325E-001
  9 16 -0.26655542254496223
  9 17 -0.15774894011534337E-001
  9 18 -0.13921445277411310
  10 1 -0.13921445277411310
  10 2 -0.15774894011534337E-001
  10 3 -0.26655542254496223
  10 4 -0.57899138303274325E-001
  10 5 -0.26655542254496223
  10 6 -0.15774894011534337E-001
  10 8 -0.13921445277411310
  10 9 -0.57899138303274325E-001
  10 11 -0.57899138303274325E-001
  10 12 -0.13921445277411310
  10 13 -0.13921445277411310
  10 14 -0.15774894011534337E-001
  10 15 -0.26655542254496223
  10 16 -0.57899138303274325E-001
  10 17 -0.26655542254496223
  10 18 -0.15774894011534337E-001
  11 1 -0.15774894011534337E-001
  11 2 -0.13921445277411310
  11 3 -0.15774894011534337E-001
  11 4 -0.26655542254496223
  11 5 -0.57899138303274325E-001
  11 6 -0.26655542254496223
  11 7 -0.13921445277411310
  11 9 -0.13921445277411310
  11 10 -0.57899138303274325E-001
  11 12 -0.57899138303274325E-001
  11 13 -0.15774894011534337E-001
  11 14 -0.13921445277411310
  11 15 -0.15774894011534337E-001
  11 16 -0.26655542254496223
  11 17 -0.57899138303274325E-001
  11 18 -0.26655542254496223
  12 1 -0.26655542254496223
  12 2 -0.15774894011534337E-001
  12 3 -0.13921445277411310
  12 4 -0.15774894011534337E-001
  12 5 -0.26655542254496223
  12 6 -0.57899138303274325E-001
  12 7 -0.57899138303274325E-001
  12 8 -0.13921445277411310
  12 10 -0.13921445277411310
  12 11 -0.57899138303274325E-001
  12 13 -0.26655542254496223
  12 14 -0.15774894011534337E-001
  12 15 -0.13921445277411310
  12 16 -0.15774894011534337E-001
  12 17 -0.26655542254496223
  12 18 -0.57899138303274325E-001
  13 1 -0.13921445277411310
  13 2 -0.15774894011534337E-001
  13 3 -0.26655542254496223
  13 4 -0.57899138303274325E-001
  13 5 -0.26655542254496223
  13 6 -0.15774894011534337E-001
  13 7 -0.57899138303274325E-001
  13 8 -0.26655542254496223
  13 9 -0.15774894011534337E-001
  13 10 -0.13921445277411310
  13 11 -0.15774894011534337E-001
  13 12 -0.26655542254496223
  13 14 -0.57899138303274325E-001
  13 15 -0.13921445277411310
  13 17 -0.13921445277411310
  13 18 -0.57899138303274325E-001
  14 1 -0.15774894011534337E-001
  14 2 -0.13921445277411310
  14 3 -0.15774894011534337E-001
  14 4 -0.26655542254496223
  14 5 -0.57899138303274325E-001
  14 6 -0.26655542254496223
  14 7 -0.26655542254496223
  14 8 -0.57899138303274325E-001
  14 9 -0.26655542254496223
  14 10 -0.15774894011534337E-001
  14 11 -0.13921445277411310
  14 12 -0.15774894011534337E-001
  14 13 -0.57899138303274325E-001
  14 15 -0.57899138303274325E-001
  14 16 -0.13921445277411310
  14 18 -0.13921445277411310
  15 1 -0.26655542254496223
  15 2 -0.15774894011534337E-001
  15 3 -0.13921445277411310
  15 4 -0.15774894011534337E-001
  15 5 -0.26655542254496223
  15 6 -0.57899138303274325E-001
  15 7 -0.15774894011534337E-001
  15 8 -0.26655542254496223
  15 9 -0.57899138303274325E-001
  15 10 -0.26655542254496223
  15 11 -0.15774894011534337E-001
  15 12 -0.13921445277411310
  15 13 -0.13921445277411310
  15 14 -0.57899138303274325E-001
  15 16 -0.57899138303274325E-001
  15 17 -0.13921445277411310
  16 1 -0.57899138303274325E-001
  16 2 -0.26655542254496223
  16 3 -0.15774894011534337E-001
  16 4 -0.13921445277411310
  16 5 -0.15774894011534337E-001
  16 6 -0.26655542254496223
  16 7 -0.13921445277411310
  16 8 -0.15774894011534337E-001
  16 9 -0.26655542254496223
  16 10 -0.57899138303274325E-001
  16 11 -0.26655542254496223
  16 12 -0.15774894011534337E-001
  16 14 -0.13921445277411310
  16 15 -0.57899138303274325E-001
  16 17 -0.57899138303274325E-001
  16 18 -0.13921445277411310
  17 1 -0.26655542254496223
  17 2 -0.57899138303274325E-001
  17 3 -0.26655542254496223
  17 4 -0.15774894011534337E-001
  17 5 -0.13921445277411310
  17 6 -0.15774894011534337E-001
  17 7 -0.15774894011534337E-001
  17 8 -0.13921445277411310
  17 9 -0.15774894011534337E-001
  17 10 -0.26655542254496223
  17 11 -0.57899138303274325E-001
  17 12 -0.26655542254496223
  17 13 -0.13921445277411310
  17 15 -0.13921445277411310
  17 16 -0.57899138303274325E-001
  17 18 -0.57899138303274325E-001
  18 1 -0.15774894011534337E-001
  18 2 -0.26655542254496223
  18 3 -0.57899138303274325E-001
  18 4 -0.26655542254496223
  18 5 -0.15774894011534337E-001
  18 6 -0.13921445277411310
  18 7 -0.26655542254496223
  18 8 -0.15774894011534337E-001
  18 9 -0.13921445277411310
  18 10 -0.15774894011534337E-001
  18 11 -0.26655542254496223
  18 12 -0.57899138303274325E-001
  18 13 -0.57899138303274325E-001
  18 14 -0.13921445277411310
  18 16 -0.13921445277411310
  18 17 -0.57899138303274325E-001
TERM-du
  1 2 -0.57899138303274325E-001
  1 3 -0.13921445277411310
  1 5 -0.13921445277411310
  1 6 -0.57899138303274325E-001
  1 7 -0.57899138303274325E-001
  1 8 -0.26655542254496223
  1 9 -0.15774894011534337E-001
  1 10 -0.13921445277411310
  1 11 -0.15774894011534337E-001
  1 12 -0.26655542254496223
  1 13 -0.13921445277411310
  1 14 -0.15774894011534337E-001
  1 15 -0.26655542254496223
  1 16 -0.57899138303274325E-001
  1 17 -0.26655542254496223
  1 18 -0.15774894011534337E-001
  2 1 -0.57899138303274325E-001
  2 3 -0.57899138303274325E-001
  2 4 -0.13921445277411310
  2 6 -0.13921445277411310
  2 7 -0.26655542254496223
  2 8 -0.57899138303274325E-001
  2 9 -0.26655542254496223
  2 10 -0.15774894011534337E-001
  2 11 -0.13921445277411310
  2 12 -0.15774894011534337E-001
  2 13 -0.15774894011534337E-001
  2 14 -0.13921445277411310
  2 15 -0.15774894011534337E-001
  2 16 -0.26655542254496223
  2 17 -0.57899138303274325E-001
  2 18 -0.26655542254496223
  3 1 -0.13921445277411310
  3 2 -0.57899138303274325E-001
  3 4 -0.57899138303274325E-001
  3 5 -0.13921445277411310
  3 7 -0.15774894011534337E-001
  3 8 -0.26655542254496223
  3 9 -0.57899138303274325E-001
  3 10 -0.26655542254496223
  3 11 -0.15774894011534337E-001
  3 12 -0.13921445277411310
  3 13 -0.26655542254496223
  3 14 -0.15774894011534337E-001
  3 15 -0.13921445277411310
  3 16 -0.15774894011534337E-001
  3 17 -0.26655542254496223
  3 18 -0.57899138303274325E-001
  4 2 -0.13921445277411310
  4 3 -0.57899138303274325E-001
  4 5 -0.57899138303274325E-001
  4 6 -0.13921445277411310
  4 7 -0.13921445277411310
  4 8 -0.15774894011534337E-001
  4 9 -0.26655542254496223
  4 10 -0.57899138303274325E-001
  4 11 -0.26655542254496223
  4 12 -0.15774894011534337E-001
  4 13 -0.57899138303274325E-001
  4 14 -0.26655542254496223
  4 15 -0.15774894011534337E-001
  4 16 -0.13921445277411310
  4 17 -0.15774894011534337E-001
  4 18 -0.26655542254496223
  5 1 -0.13921445277411310
  5 3 -0.13921445277411310
  5 4 -0.57899138303274325E-001
  5 6 -0.57899138303274325E-001
  5 7 -0.15774894011534337E-001
  5 8 -0.13921445277411310
  5 9 -0.15774894011534337E-001
  5 10 -0.26655542254496223
  5 11 -0.57899138303274325E-001
  5 12 -0.26655542254496223
  5 13 -0.26655542254496223
  5 14 -0.57899138303274325E-001
  5 15 -0.26655542254496223
  5 16 -0.15774894011534337E-001
  5 17 -0.13921445277411310
  5 18 -0.15774894011534337E-001
  6 1 -0.57899138303274325E-001
  6 2 -0.13921445277411310
  6 4 -0.13921445277411310
  6 5 -0.57899138303274325E-001
  6 7 -0.26655542254496223
  6 8 -0.15774894011534337E-001
  6 9 -0.13921445277411310
  6 10 -0.15774894011534337E-001
  6 11 -0.26655542254496223
  6 12 -0.57899138303274325E-001
  6 13 -0.15774894011534337E-001
  6 14 -0.26655542254496223
  6 15 -0.57899138303274325E-001
  6 16 -0.26655542254496223
  6 17 -0.15774894011534337E-001
  6 18 -0.13921445277411310
  7 1 -0.57899138303274325E-001
  7 2 -0.26655542254496223
  7 3 -0.15774894011534337E-001
  7 4 -0.13921445277411310
  7 5 -0.15774894011534337E-001
  7 6 -0.26655542254496223
  7 8 -0.57899138303274325E-001
  7 9 -0.13921445277411310
  7 11 -0.13921445277411310
  7 12 -0.57899138303274325E-001
  7 13 -0.57899138303274325E-001
  7 14 -0.26655542254496223
  7 15 -0.15774894011534337E-001
  7 16 -0.13921445277411310
  7 17 -0.15774894011534337E-001
  7 18 -0.26655542254496223
  8 1 -0.26655542254496223
  8 2 -0.57899138303274325E-001
  8 3 -0.26655542254496223
  8 4 -0.15774894011534337E-001
  8 5 -0.13921445277411310
  8 6 -0.15774894011534337E-001
  8 7 -0.57899138303274325E-001
  8 9 -0.57899138303274325E-001
  8 10 -0.13921445277411310
  8 12 -0.13921445277411310
  8 13 -0.26655542254496223
  8 14 -0.57899138303274325E-001
  8 15 -0.26655542254496223
  8 16 -0.15774894011534337E-001
  8 17 -0.13921445277411310
  8 18 -0.15774894011534337E-001
  9 1 -0.15774894011534337E-001
  9 2 -0.26655542254496223
  9 3 -0.57899138303274325E-001
  9 4 -0.26655542254496223
  9 5 -0.15774894011534337E-001
  9 6 -0.13921445277411310
  9 7 -0.13921445277411310
  9 8 -0.57899138303274325E-001
  9 10 -0.57899138303274325E-001
  9 11 -0.13921445277411310
  9 13 -0.15774894011534337E-001
  9 14 -0.26655542254496223
  9 15 -0.57899138303274325E-001
  9 16 -0.26655542254496223
  9 17 -0.15774894011534337E-001
  9 18 -0.13921445277411310
  10 1 -0.13921445277411310
  10 2 -0.15774894011534337E-001
  10 3 -0.26655542254496223
  10 4 -0.57899138303274325E-001
  10 5 -0.26655542254496223
  10 6 -0.15774894011534337E-001
  10 8 -0.13921445277411310
  10 9 -0.57899138303274325E-001
  10 11 -0.57899138303274325E-001
  10 12 -0.13921445277411310
  10 13 -0.13921445277411310
  10 14 -0.15774894011534337E-001
  10 15 -0.26655542254496223
  10 16 -0.57899138303274325E-001
  10 17 -0.26655542254496223
  10 18 -0.15774894011534337E-001
  11 1 -0.15774894011534337E-001
  11 2 -0.13921445277411310
  11 3 -0.15774894011534337E-001
  11 4 -0.26655542254496223
  11 5 -0.57899138303274325E-001
  11 6 -0.26655542254496223
  11 7 -0.13921445277411310
  11 9 -0.13921445277411310
  11 10 -0.57899138303274325E-001
  11 12 -0.57899138303274325E-001
  11 13 -0.15774894011534337E-001
  11 14 -0.13921445277411310
  11 15 -0.15774894011534337E-001
  11 16 -0.26655542254496223
  11 17 -0.57899138303274325E-001
  11 18 -0.26655542254496223
  12 1 -0.26655542254496223
  12 2 -0.15774894011534337E-001
  12 3 -0.13921445277411310
  12 4 -0.15774894011534337E-001
  12 5 -0.26655542254496223
  12 6 -0.57899138303274325E-001
  12 7 -0.57899138303274325E-001
  12 8 -0.13921445277411310
  12 10 -0.13921445277411310
  12 11 -0.57899138303274325E-001
  12 13 -0.26655542254496223
  12 14 -0.15774894011534337E-001
  12 15 -0.13921445277411310
  12 16 -0.15774894011534337E-001
  12 17 -0.26655542254496223
  12 18 -0.57899138303274325E-001
  13 1 -0.13921445277411310
  13 2 -0.15774894011534337E-001
  13 3 -0.26655542254496223
  13 4 -0.57899138303274325E-001
  13 5 -0.26655542254496223
  13 6 -0.15774894011534337E-001
  13 7 -0.57899138303274325E-001
  13 8 -0.26655542254496223
  13 9 -0.15774894011534337E-001
  13 10 -0.13921445277411310
  13 11 -0.15774894011534337E-001
  13 12 -0.26655542254496223
  13 14 -0.57899138303274325E-001
  13 15 -0.13921445277411310
  13 17 -0.13921445277411310
  13 18 -0.57899138303274325E-001
  14 1 -0.15774894011534337E-001
  14 2 -0.13921445277411310
  14 3 -0.15774894011534337E-001
  14 4 -0.26655542254496223
  14 5 -0.57899138303274325E-001
  14 6 -0.26655542254496223
  14 7 -0.26655542254496223
  14 8 -0.57899138303274325E-001
  14 9 -0.26655542254496223
  14 10 -0.15774894011534337E-001
  14 11 -0.13921445277411310
  14 12 -0.15774894011534337E-001
  14 13 -0.57899138303274325E-001
  14 15 -0.57899138303274325E-001
  14 16 -0.13921445277411310
  14 18 -0.13921445277411310
  15 1 -0.26655542254496223
  15 2 -0.15774894011534337E-001
  15 3 -0.13921445277411310
  15 4 -0.15774894011534337E-001
  15 5 -0.26655542254496223
  15 6 -0.57899138303274325E-001
  15 7 -0.15774894011534337E-001
  15 8 -0.26655542254496223
  15 9 -0.57899138303274325E-001
  15 10 -0.26655542254496223
  15 11 -0.15774894011534337E-001
  15 12 -0.13921445277411310
  15 13 -0.13921445277411310
  15 14 -0.57899138303274325E-001
  15 16 -0.57899138303274325E-001
  15 17 -0.13921445277411310
  16 1 -0.57899138303274325E-001
  16 2 -0.26655542254496223
  16 3 -0.15774894011534337E-001
  16 4 -0.13921445277411310
  16 5 -0.15774894011534337E-001
  16 6 -0.26655542254496223
  16 7 -0.13921445277411310
  16 8 -0.15774894011534337E-001
  16 9 -0.26655542254496223
  16 10 -0.57899138303274325E-001
  16 11 -0.26655542254496223
  16 12 -0.15774894011534337E-001
  16 14 -0.13921445277411310
  16 15 -0.57899138303274325E-001
  16 17 -0.57899138303274325E-001
  16 18 -0.13921445277411310
  17 1 -0.26655542254496223
  17 2 -0.57899138303274325E-001
  17 3 -0.26655542254496223
  17 4 -0.15774894011534337E-001
  17 5 -0.13921445277411310
  17 6 -0.15774894011534337E-001
  17 7 -0.15774894011534337E-001
  17 8 -0.13921445277411310
  17 9 -0.15774894011534337E-001
  17 10 -0.26655542254496223
  17 11 -0.57899138303274325E-001
  17 12 -0.26655542254496223
  17 13 -0.13921445277411310
  17 15 -0.13921445277411310
  17 16 -0.57899138303274325E-001
  17 18 -0.57899138303274325E-001
  18 1 -0.15774894011534337E-001
  18 2 -0.26655542254496223
  18 3 -0.57899138303274325E-001
  18 4 -0.26655542254496223
  18 5 -0.15774894011534337E-001
  18 6 -0.13921445277411310
  18 7 -0.26655542254496223
  18 8 -0.15774894011534337E-001
  18 9 -0.13921445277411310
  18 10 -0.15774894011534337E-001
  18 11 -0.26655542254496223
  18 12 -0.57899138303274325E-001
  18 13 -0.57899138303274325E-001
  18 14 -0.13921445277411310
  18 16 -0.13921445277411310
  18 17 -0.57899138303274325E-001
TERM-dd
  1 2 -0.54609369097250261E-001
  1 3 -0.10526352642764909
  1 5 -0.10526352642764909
  1 6 -0.54609369097250261E-001
  1 7 -0.54609369097250261E-001
  1 8 -0.24645186621001902
  1 9 -0.28870803546592192E-001
  1 10 -0.10526352642764909
  1 11 -0.28870803546592192E-001
  1 12 -0.24645186621001902
  1 13 -0.10526352642764909
  1 14 -0.28870803546592192E-001
  1 15 -0.24645186621001902
  1 16 -0.54609369097250261E-001
  1 17 -0.24645186621001902
  1 18 -0.28870803546592192E-001
  2 1 -0.54609369097250261E-001
  2 3 -0.54609369097250261E-001
  2 4 -0.10526352642764909
  2 6 -0.10526352642764909
  2 7 -0.24645186621001902
  2 8 -0.54609369097250261E-001
  2 9 -0.24645186621001902
  2 10 -0.28870803546592192E-001
  2 11 -0.10526352642764909
  2 12 -0.28870803546592192E-001
  2 13 -0.28870803546592192E-001
  2 14 -0.10526352642764909
  2 15 -0.28870803546592192E-001
  2 16 -0.24645186621001902
  2 17 -0.54609369097250261E-001
  2 18 -0.24645186621001902
  3 1 -0.10526352642764909
  3 2 -0.54609369097250261E-001
  3 4 -0.54609369097250261E-001
  3 5 -0.10526352642764909
  3 7 -0.28870803546592192E-001
  3 8 -0.24645186621001902
  3 9 -0.54609369097250261E-001
  3 10 -0.24645186621001902
  3 11 -0.28870803546592192E-001
  3 12 -0.10526352642764909
  3 13 -0.24645186621001902
  3 14 -0.28870803546592192E-001
  3 15 -0.10526352642764909
  3 16 -0.28870803546592192E-001
  3 17 -0.24645186621001902
  3 18 -0.54609369097250261E-001
  4 2 -0.10526352642764909
  4 3 -0.54609369097250261E-001
  4 5 -0.54609369097250261E-001
  4 6 -0.10526352642764909
  4 7 -0.10526352642764909
  4 8 -0.28870803546592192E-001
  4 9 -0.24645186621001902
  4 10 -0.54609369097250261E-001
  4 11 -0.24645186621001902
  4 12 -0.28870803546592192E-001
  4 13 -0.54609369097250261E-001
  4 14 -0.24645186621001902
  4 15 -0.28870803546592192E-001
  4 16 -0.10526352642764909
  4 17 -0.28870803546592192E-001
  4 18 -0.24645186621001902
  5 1 -0.10526352642764909
  5 3 -0.10526352642764909
  5 4 -0.54609369097250261E-001
  5 6 -0.54609369097250261E-001
  5 7 -0.28870803546592192E-001
  5 8 -0.10526352642764909
  5 9 -0.28870803546592192E-001
  5 10 -0.24645186621001902
  5 11 -0.54609369097250261E-001
  5 12 -0.24645186621001902
  5 13 -0.24645186621001902
  5 14 -0.54609369097250261E-001
  5 15 -0.24645186621001902
  5 16 -0.28870803546592192E-001
  5 17 -0.10526352642764909
  5 18 -0.28870803546592192E-001
  6 1 -0.54609369097250261E-001
  6 2 -0.10526352642764909
  6 4 -0.10526352642764909
  6 5 -0.54609369097250261E-001
  6 7 -0.24645186621001902
  6 8 -0.28870803546592192E-001
  6 9 -0.10526352642764909
  6 10 -0.28870803546592192E-001
  6 11 -0.24645186621001902
  6 12 -0.54609369097250261E-001
  6 13 -0.28870803546592192E-001
  6 14 -0.24645186621001902
  6 15 -0.54609369097250261E-001
  6 16 -0.24645186621001902
  6 17 -0.28870803546592192E-001
  6 18 -0.10526352642764909
  7 1 -0.54609369097250261E-001
  7 2 -0.24645186621001902
  7 3 -0.28870803546592192E-001
  7 4 -0.10526352642764909
  7 5 -0.28870803546592192E-001
  7 6 -0.24645186621001902
  7 8 -0.54609369097250261E-001
  7 9 -0.10526352642764909
  7 11 -0.10526352642764909
  7 12 -0.54609369097250261E-001
  7 13 -0.54609369097250261E-001
  7 14 -0.24645186621001902
  7 15 -0.28870803546592192E-001
  7 16 -0.10526352642764909
  7 17 -0.28870803546592192E-001
  7 18 -0.24645186621001902
  8 1 -0.24645186621001902
  8 2 -0.54609369097250261E-001
  8 3 -0.24645186621001902
  8 4 -0.28870803546592192E-001
  8 5 -0.10526352642764909
  8 6 -0.28870803546592192E-001
  8 7 -0.54609369097250261E-001
  8 9 -0.54609369097250261E-001
  8 10 -0.10526352642764909
  8 12 -0.10526352642764909
  8 13 -0.24645186621001902
  8 14 -0.54609369097250261E-001
  8 15 -0.24645186621001902
  8 16 -0.28870803546592192E-001
  8 17 -0.10526352642764909
  8 18 -0.28870803546592192E-001
  9 1 -0.28870803546592192E-001
  9 2 -0.24645186621001902
  9 3 -0.54609369097250261E-001
  9 4 -0.24645186621001902
  9 5 -0.28870803546592192E-001
  9 6 -0.10526352642764909
  9 7 -0.10526352642764909
  9 8 -0.54609369097250261E-001
  9 10 -0.54609369097250261E-001
  9 11 -0.10526352642764909
  9 13 -0.28870803546592192E-001
  9 14 -0.24645186621001902
  9 15 -0.54609369097250261E-001
  9 16 -0.24645186621001902
  9 17 -0.28870803546592192E-001
  9 18 -0.10526352642764909
  10 1 -0.10526352642764909
  10 2 -0.28870803546592192E-001
  10 3 -0.24645186621001902
  10 4 -0.54609369097250261E-001
  10 5 -0.24645186621001902
  10 6 -0.28870803546592192E-001
  10 8 -0.10526352642764909
  10 9 -0.54609369097250261E-001
  10 11 -0.54609369097250261E-001
  10 12 -0.10526352642764909
  10 13 -0.10526352642764909
  10 14 -0.28870803546592192E-001
  10 15 -0.24645186621001902
  10 16 -0.54609369097250261E-001
  10 17 -0.24645186621001902
  10 18 -0.28870803546592192E-001
  11 1 -0.28870803546592192E-001
  11 2 -0.10526352642764909
  11 3 -0.28870803546592192E-001
  11 4 -0.24645186621001902
  11 5 -0.54609369097250261E-001
  11 6 -0.24645186621001902
  11 7 -0.10526352642764909
  11 9 -0.10526352642764909
  11 10 -0.54609369097250261E-001
  11 12 -0.54609369097250261E-001
  11 13 -0.28870803546592192E-001
  11 14 -0.10526352642764909
  11 15 -0.28870803546592192E-001
  11 16 -0.24645186621001902
  11 17 -0.54609369097250261E-001
  11 18 -0.24645186621001902
  12 1 -0.24645186621001902
  12 2 -0.28870803546592192E-001
  12 3 -0.10526352642764909
  12 4 -0.28870803546592192E-001
  12 5 -0.24645186621001902
  12 6 -0.54609369097250261E-001
  12 7 -0.54609369097250261E-001
  12 8 -0.10526352642764909
  12 10 -0.10526352642764909
  12 11 -0.54609369097250261E-001
  12 13 -0.24645186621001902
  12 14 -0.28870803546592192E-001
  12 15 -0.10526352642764909
  12 16 -0.28870803546592192E-001
  12 17 -0.24645186621001902
  12 18 -0.54609369097250261E-001
  13 1 -0.10526352642764909
  13 2 -0.28870803546592192E-001
  13 3 -0.24645186621001902
  13 4 -0.54609369097250261E-001
  13 5 -0.24645186621001902
  13 6 -0.28870803546592192E-001
  13 7 -0.54609369097250261E-001
  13 8 -0.24645186621001902
  13 9 -0.28870803546592192E-001
  13 10 -0.10526352642764909
  13 11 -0.28870803546592192E-001
  13 12 -0.24645186621001902
  13 14 -0.54609369097250261E-001
  13 15 -0.10526352642764909
  13 17 -0.10526352642764909
  13 18 -0.54609369097250261E-001
  14 1 -0.28870803546592192E-001
  14 2 -0.10526352642764909
  14 3 -0.28870803546592192E-001
  14 4 -0.24645186621001902
  14 5 -0.54609369097250261E-001
  14 6 -0.24645186621001902
  14 7 -0.24645186621001902
  14 8 -0.54609369097250261E-001
  14 9 -0.24645186621001902
  14 10 -0.28870803546592192E-001
  14 11 -0.10526352642764909
  14 12 -0.28870803546592192E-001
  14 13 -0.54609369097250261E-001
  14 15 -0.54609369097250261E-001
  14 16 -0.10526352642764909
  14 18 -0.10526352642764909
  15 1 -0.24645186621001902
  15 2 -0.28870803546592192E-001
  15 3 -0.10526352642764909
  15 4 -0.28870803546592192E-001
  15 5 -0.24645186621001902
  15 6 -0.54609369097250261E-001
  15 7 -0.28870803546592192E-001
  15 8 -0.24645186621001902
  15 9 -0.54609369097250261E-001
  15 10 -0.24645186621001902
  15 11 -0.28870803546592192E-001
  15 12 -0.10526352642764909
  15 13 -0.10526352642764909
  15 14 -0.54609369097250261E-001
  15 16 -0.54609369097250261E-001
  15 17 -0.10526352642764909
  16 1 -0.54609369097250261E-001
  16 2 -0.24645186621001902
  16 3 -0.28870803546592192E-001
  16 4 -0.10526352642764909
  16 5 -0.28870803546592192E-001
  16 6 -0.24645186621001902
  16 7 -0.10526352642764909
  16 8 -0.28870803546592192E-001
  16 9 -0.24645186621001902
  16 10 -0.54609369097250261E-001
  16 11 -0.24645186621001902
  16 12 -0.28870803546592192E-001
  16 14 -0.10526352642764909
  16 15 -0.54609369097250261E-001
  16 17 -0.54609369097250261E-001
  16 18 -0.10526352642764909
  17 1 -0.24645186621001902
  17 2 -0.54609369097250261E-001
  17 3 -0.24645186621001902
  17 4 -0.28870803546592192E-001
  17 5 -0.10526352642764909
  17 6 -0.28870803546592192E-001
  17 7 -0.28870803546592192E-001
  17 8 -0.10526352642764909
  17 9 -0.28870803546592192E-001
  17 10 -0.24645186621001902
  17 11 -0.54609369097250261E-001
  17 12 -0.24645186621001902
  17 13 -0.10526352642764909
  17 15 -0.10526352642764909
  17 16 -0.54609369097250261E-001
  17 18 -0.54609369097250261E-001
  18 1 -0.28870803546592192E-001
  18 2 -0.24645186621001902
  18 3 -0.54609369097250261E-001
  18 4 -0.24645186621001902
  18 5 -0.28870803546592192E-001
  18 6 -0.10526352642764909
  18 7 -0.24645186621001902
  18 8 -0.28870803546592192E-001
  18 9 -0.10526352642764909
  18 10 -0.28870803546592192E-001
  18 11 -0.24645186621001902
  18 12 -0.54609369097250261E-001
  18 13 -0.54609369097250261E-001
  18 14 -0.10526352642764909
  18 16 -0.10526352642764909
  18 17 -0.54609369097250261E-001
TERM-20
  1 2 0.50886982468475339
  1 3 0.12149151635490635
  1 4 0.21886738831847670E-001
  1 5 0.12149151635490635
  1 6 0.50886982468475339
  1 7 0.50886982468475339
  1 8 0.30818645118365867
  1 9 0.46527252651559388E-001
  1 10 0.12149151635490635
  1 11 0.46527252651559388E-001
  1 12 0.30818645118365867
  1 13 0.12149151635490635
  1 14 0.46527252651559388E-001
  1 15 0.30818645118365867
  1 16 0.50886982468475339
  1 17 0.30818645118365867
  1 18 0.46527252651559388E-001
  2 1 0.50886982468475339
  2 3 0.50886982468475339
  2 4 0.12149151635490635
  2 5 0.21886738831847670E-001
  2 6 0.12149151635490635
  2 7 0.30818645118365867
  2 8 0.50886982468475339
  2 9 0.30818645118365867
  2 10 0.46527252651559388E-001
  2 11 0.12149151635490635
  2 12 0.46527252651559388E-001
  2 13 0.46527252651559388E-001
  2 14 0.12149151635490635
  2 15 0.46527252651559388E-001
  2 16 0.30818645118365867
  2 17 0.50886982468475339
  2 18 0.30818645118365867
  3 1 0.12149151635490635
  3 2 0.50886982468475339
  3 4 0.50886982468475339
  3 5 0.12149151635490635
  3 6 0.21886738831847670E-001
  3 7 0.46527252651559388E-001
  3 8 0.30818645118365867
  3 9 0.50886982468475339
  3 10 0.30818645118365867
  3 11 0.46527252651559388E-001
  3 12 0.12149151635490635
  3 13 0.30818645118365867
  3 14 0.46527252651559388E-001
  3 15 0.12149151635490635
  3 16 0.46527252651559388E-001
  3 17 0.30818645118365867
  3 18 0.50886982468475339
  4 1 0.21886738831847670E-001
  4 2 0.12149151635490635
  4 3 0.50886982468475339
  4 5 0.50886982468475339
  4 6 0.12149151635490635
  4 7 0.12149151635490635
  4 8 0.46527252651559388E-001
  4 9 0.30818645118365867
  4 10 0.50886982468475339
  4 11 0.30818645118365867
  4 12 0.46527252651559388E-001
  4 13 0.50886982468475339
  4 14 0.30818645118365867
  4 15 0.46527252651559388E-001
  4 16 0.12149151635490635
  4 17 0.46527252651559388E-001
  4 18 0.30818645118365867
  5 1 0.12149151635490635
  5 2 0.21886738831847670E-001
  5 3 0.12149151635490635
  5 4 0.50886982468475339
  5 6 0.50886982468475339
  5 7 0.46527252651559388E-001
  5 8 0.12149151635490635
  5 9 0.46527252651559388E-001
  5 10 0.30818645118365867
  5 11 0.50886982468475339
  5 12 0.30818645118365867
  5 13 0.30818645118365867
  5 14 0.50886982468475339
  5 15 0.30818645118365867
  5 16 0.46527252651559388E-001
  5 17 0.12149151635490635
  5 18 0.46527252651559388E-001
  6 1 0.50886982468475339
  6 2 0.12149151635490635
  6 3 0.21886738831847670E-001
  6 4 0.12149151635490635
  6 5 0.50886982468475339
  6 7 0.30818645118365867
  6 8 0.46527252651559388E-001
  6 9 0.12149151635490635
  6 10 0.46527252651559388E-001
  6 11 0.30818645118365867
  6 12 0.50886982468475339
  6 13 0.46527252651559388E-001
  6 14 0.30818645118365867
  6 15 0.50886982468475339
  6 16 0.30818645118365867
  6 17 0.46527252651559388E-001
  6 18 0.12149151635490635
  7 1 0.50886982468475339
  7 2 0.30818645118365867
  7 3 0.46527252651559388E-001
  7 4 0.12149151635490635
  7 5 0.46527252651559388E-001
  7 6 0.30818645118365867
  7 8 0.50886982468475339
  7 9 0.12149151635490635
  7 10 0.21886738831847670E-001
  7 11 0.12149151635490635
  7 12 0.50886982468475339
  7 13 0.50886982468475339
  7 14 0.30818645118365867
  7 15 0.46527252651559388E-001
  7 16 0.12149151635490635
  7 17 0.46527252651559388E-001
  7 18 0.30818645118365867
  8 1 0.30818645118365867
  8 2 0.50886982468475339
  8 3 0.30818645118365867
  8 4 0.46527252651559388E-001
  8 5 0.12149151635490635
  8 6 0.46527252651559388E-001
  8 7 0.50886982468475339
  8 9 0.50886982468475339
  8 10 0.12149151635490635
  8 11 0.21886738831847670E-001
  8 12 0.12149151635490635
  8 13 0.30818645118365867
  8 14 0.50886982468475339
  8 15 0.30818645118365867
  8 16 0.46527252651559388E-001
  8 17 0.12149151635490635
  8 18 0.46527252651559388E-001
  9 1 0.46527252651559388E-001
  9 2 0.30818645118365867
  9 3 0.50886982468475339
  9 4 0.30818645118365867
  9 5 0.46527252651559388E-001
  9 6 0.12149151635490635
  9 7 0.12149151635490635
  9 8 0.50886982468475339
  9 10 0.50886982468475339
  9 11 0.12149151635490635
  9 12 0.21886738831847670E-001
  9 13 0.46527252651559388E-001
  9 14 0.30818645118365867
  9 15 0.50886982468475339
  9 16 0.30818645118365867
  9 17 0.46527252651559388E-001
  9 18 0.12149151635490635
  10 1 0.12149151635490635
  10 2 0.46527252651559388E-001
  10 3 0.30818645118365867
  10 4 0.50886982468475339
  10 5 0.30818645118365867
  10 6 0.46527252651559388E-001
  10 7 0.21886738831847670E-001
  10 8 0.12149151635490635
  10 9 0.50886982468475339
  10 11 0.50886982468475339
  10 12 0.12149151635490635
  10 13 0.12149151635490635
  10 14 0.46527252651559388E-001
  10 15 0.30818645118365867
  10 16 0.50886982468475339
  10 17 0.30818645118365867
  10 18 0.46527252651559388E-001
  11 1 0.46527252651559388E-001
  11 2 0.12149151635490635
  11 3 0.46527252651559388E-001
  11 4 0.30818645118365867
  11 5 0.50886982468475339
  11 6 0.30818645118365867
  11 7 0.12149151635490635
  11 8 0.21886738831847670E-001
  11 9 0.12149151635490635
  11 10 0.50886982468475339
  11 12 0.50886982468475339
  11 13 0.46527252651559388E-001
  11 14 0.12149151635490635
  11 15 0.46527252651559388E-001
  11 16 0.30818645118365867
  11 17 0.50886982468475339
  11 18 0.30818645118365867
  12 1 0.30818645118365867
  12 2 0.46527252651559388E-001
  12 3 0.12149151635490635
  12 4 0.46527252651559388E-001
  12 5 0.30818645118365867
  12 6 0.50886982468475339
  12 7 0.50886982468475339
  12 8 0.12149151635490635
  12 9 0.21886738831847670E-001
  12 10 0.12149151635490635
  12 11 0.50886982468475339
  12 13 0.30818645118365867
  12 14 0.46527252651559388E-001
  12 15 0.12149151635490635
  12 16 0.46527252651559388E-001
  12 17 0.30818645118365867
  12 18 0.50886982468475339
  13 1 0.12149151635490635
  13 2 0.46527252651559388E-001
  13 3 0.30818645118365867
  13 4 0.50886982468475339
  13 5 0.30818645118365867
  13 6 0.46527252651559388E-001
  13 7 0.50886982468475339
  13 8 0.30818645118365867
  13 9 0.46527252651559388E-001
  13 10 0.12149151635490635
  13 11 0.46527252651559388E-001
  13 12 0.30818645118365867
  13 14 0.50886982468475339
  13 15 0.12149151635490635
  13 16 0.21886738831847670E-001
  13 17 0.12149151635490635
  13 18 0.50886982468475339
  14 1 0.46527252651559388E-001
  14 2 0.12149151635490635
  14 3 0.46527252651559388E-001
  14 4 0.30818645118365867
  14 5 0.50886982468475339
  14 6 0.30818645118365867
  14 7 0.30818645118365867
  14 8 0.50886982468475339
  14 9 0.30818645118365867
  14 10 0.46527252651559388E-001
  14 11 0.12149151635490635
  14 12 0.46527252651559388E-001
  14 13 0.50886982468475339
  14 15 0.50886982468475339
  14 16 0.12149151635490635
  14 17 0.21886738831847670E-001
  14 18 0.12149151635490635
  15 1 0.30818645118365867
  15 2 0.46527252651559388E-001
  15 3 0.12149151635490635
  15 4 0.46527252651559388E-001
  15 5 0.30818645118365867
  15 6 0.50886982468475339
  15 7 0.46527252651559388E-001
  15 8 0.30818645118365867
  15 9 0.50886982468475339
  15 10 0.30818645118365867
  15 11 0.46527252651559388E-001
  15 12 0.12149151635490635
  15 13 0.12149151635490635
  15 14 0.50886982468475339
  15 16 0.50886982468475339
  15 17 0.12149151635490635
  15 18 0.21886738831847670E-001
  16 1 0.50886982468475339
  16 2 0.30818645118365867
  16 3 0.46527252651559388E-001
  16 4 0.12149151635490635
  16 5 0.46527252651559388E-001
  16 6 0.30818645118365867
  16 7 0.12149151635490635
  16 8 0.46527252651559388E-001
  16 9 0.30818645118365867
  16 10 0.50886982468475339
  16 11 0.30818645118365867
  16 12 0.46527252651559388E-001
  16 13 0.21886738831847670E-001
  16 14 0.12149151635490635
  16 15 0.50886982468475339
  16 17 0.50886982468475339
  16 18 0.12149151635490635
  17 1 0.30818645118365867
  17 2 0.50886982468475339
  17 3 0.30818645118365867
  17 4 0.46527252651559388E-001
  17 5 0.12149151635490635
  17 6 0.46527252651559388E-001
  17 7 0.46527252651559388E-001
  17 8 0.12149151635490635
  17 9 0.46527252651559388E-001
  17 10 0.30818645118365867
  17 11 0.50886982468475339
  17 12 0.30818645118365867
  17 13 0.12149151635490635
  17 14 0.21886738831847670E-001
  17 15 0.12149151635490635
  17 16 0.50886982468475339
  17 18 0.50886982468475339
  18 1 0.46527252651559388E-001
  18 2 0.30818645118365867
  18 3 0.50886982468475339
  18 4 0.30818645118365867
  18 5 0.46527252651559388E-001
  18 6 0.12149151635490635
  18 7 0.30818645118365867
  18 8 0.46527252651559388E-001
  18 9 0.12149151635490635
  18 10 0.46527252651559388E-001
  18 11 0.30818645118365867
  18 12 0.50886982468475339
  18 13 0.50886982468475339
  18 14 0.12149151635490635
  18 15 0.21886738831847670E-001
  18 16 0.12149151635490635
  18 17 0.50886982468475339
