# of blocks mean (X_5)     std.err. (X_5)  std.err.err. (X_5)  mean (X_6)     std.err. (X_6)  std.err.err. (X_6)  cov(X_5,X_6)   mean (X_5/X_6)   std.err. (X_5/X_6) 
# from 50000 to 0
2049        -34460135.3068 2.69082823e+02  4.20441911e+00       89892.0710470  7.01925595e-01  1.09675874e-02       -3.87007e+05   -383.350109808335 3.169621045037e-08 
1024        -34460140.5158 3.76345850e+02  8.32021055e+00       89892.0846349  9.81730407e-01  2.17039824e-02       -3.78337e+05   -383.350109809169 4.399437297766e-08 
512         -34460140.5158 5.19291986e+02  1.62437453e+01       89892.0846349  1.35461768e+00  4.23732028e-02       -3.60162e+05   -383.350109809170 6.015212698968e-08 
256         -34460140.5158 7.08995963e+02  3.13948689e+01       89892.0846349  1.84947688e+00  8.18962126e-02       -3.35686e+05   -383.350109809170 7.885268060423e-08 
128         -34460140.5158 9.46567058e+02  5.93928996e+01       89892.0846349  2.46920144e+00  1.54931477e-01       -2.99170e+05   -383.350109809170 9.922432832028e-08 
64          -34460140.5158 1.22095199e+03  1.08771049e+02       89892.0846349  3.18495721e+00  2.83738540e-01       -2.48876e+05   -383.350109809170 1.083840157326e-07 
32          -34460140.5158 1.42227463e+03  1.80629058e+02       89892.0846349  3.71012629e+00  4.71186510e-01       -1.68858e+05   -383.350109809170 1.232935104661e-07 
16          -34460140.5158 1.78447928e+03  3.25799851e+02       89892.0846349  4.65496771e+00  8.49876940e-01       -1.32907e+05   -383.350109809170 1.288047453653e-07 
8           -34460140.5158 1.89247727e+03  5.05785827e+02       89892.0846349  4.93668152e+00  1.31938363e+00       -7.47405e+04   -383.350109809170 1.223262042401e-07 
4           -34460140.5158 2.29272716e+03  9.36001943e+02       89892.0846349  5.98076460e+00  2.44163692e+00       -5.48490e+04   -383.350109809170 1.660805427362e-07 
2           -34460140.5158 2.10059790e+03  1.48534702e+03       89892.0846349  5.47960781e+00  3.87466784e+00       -2.30209e+04   -383.350109809170 1.151875778306e-07 
