4.612711100632109207e-01 1.893934378060830315e-01 -3.508773332729299144e-01 3.541594281740945149e-01 3.513462127102691679e-01 3.311725234717282085e-01 2.016685246054412961e-01 4.785662857564296768e-01
2.878501768555347673e-01 4.487828399728570061e-01 4.048303894903267919e-01 -1.976475398767515712e-01 -2.304183150539408365e-01 -4.330443307805756925e-01 4.473947246368953357e-01 2.683319063948517158e-01
-1.815814058164262057e-01 -3.467908917262976232e-01 -4.528255728538549407e-01 3.968496853425020898e-01 -3.983240118465279367e-01 -4.461518462647161010e-01 3.214267770631629717e-01 1.522988408964605911e-01
-4.140042829036411076e-01 -3.774389368159913327e-01 8.914332577080281983e-02 -4.219203887367996009e-01 4.059572310606674450e-01 6.120319827828734488e-02 3.947817207533370065e-01 4.192579680584064827e-01
-4.140043066357012025e-01 3.774390285965204539e-01 8.914311080969238021e-02 4.219202023553755843e-01 4.059574364029107096e-01 -6.120341923793157918e-02 3.947816363864908862e-01 -4.192579436260505665e-01
1.815813591937982530e-01 -3.467907991667972256e-01 4.528254645598509542e-01 3.968496203328525929e-01 3.983240868905794096e-01 -4.461519537163031179e-01 -3.214268698271179336e-01 1.522988918064308861e-01
-2.878500268456665734e-01 4.487827732940345427e-01 -4.048305474942247573e-01 -1.976478224468939948e-01 2.304181023751645796e-01 -4.330442462735492604e-01 -4.473947695742874764e-01 2.683319764056504297e-01
-4.612709525103851904e-01 1.893936597478089179e-01 3.508771195694261880e-01 3.541597410715708882e-01 -3.513458791101570777e-01 3.311726472843873892e-01 -2.016683752576988453e-01 4.785664970807670948e-01
