# No.Blocks      Mean       Error        Error_in_Error
        2257   964.03673195406941        5.4328042251402954E-002   8.0879695908565473E-004
        1128   964.03547776112180        7.6111251595324392E-002   1.6031416886588803E-003
         564   964.03547776112123       0.10567573926978290        3.1492424686424491E-003
         282   964.03547776112055       0.14462997061762967        6.1008470914161268E-003
         141   964.03547776112077       0.19379211372644436        1.1581293929461537E-002
          70   964.01080977157437       0.25397846247180333        2.1620082485118833E-002
          35   964.01080977157403       0.30364766292446899        3.6822687859103920E-002
          17   964.02244509343052       0.32130399156799283        5.6799057815008248E-002
           8   964.07304777921490       0.32232295374296249        8.6144432914225078E-002
           4   964.07304777921479       0.23988820026194263        9.7933947659390910E-002
           2   964.07304777921490       0.29776506324975982       0.21055169542434637     
