# No.Blocks      Mean       Error        Error_in_Error
        2270   73.843303905590616        2.1672236180370029E-002   3.2171512499758599E-004
        1135   73.843303905590687        3.0086616272032473E-002   6.3175955910497745E-004
         567   73.842684781664161        4.1122951541459118E-002   1.2222528667231954E-003
         283   73.840783099928203        5.5296506848884971E-002   2.3284029735528202E-003
         141   73.840211663989209        7.1114394869914971E-002   4.2498979642012699E-003
          70   73.838887958349943        9.1532668518653951E-002   7.7917781854279890E-003
          35   73.838887958349957       0.11119525112895741        1.3484404866816848E-002
          17   73.843322129506106       0.12840853870538546        2.2699637120208328E-002
           8   73.798810964960836       0.16184067994296739        4.3253741113508659E-002
           4   73.798810964960836        9.6196554346792848E-002   3.9272078860592273E-002
           2   73.798810964960836       0.14818494568457330       0.10478257996332199     
