# Block_length   Mean       Error        Error_in_Error
        2270  -1.6744063751147229        1.1049366504943699E-003   1.6402314448298010E-005
        1135  -1.6744063751147262        1.5115180583472462E-003   3.1738895909285961E-005
         567  -1.6744173725148899        2.0082710079761270E-003   5.9689660023094939E-005
         283  -1.6743778902882762        2.5797517377742145E-003   1.0862714409206227E-004
         141  -1.6744334156491025        2.9650480165878891E-003   1.7719551087380225E-004
          70  -1.6749260504408370        3.2585523600964098E-003   2.7738639773514025E-004
          35  -1.6749260504408372        3.2074936815054194E-003   3.8896574242200280E-004
          17  -1.6753080139605077        2.8878641320833746E-003   5.1050707773538941E-004
           8  -1.6752024506924699        3.2655686236654283E-003   8.7275992591106881E-004
           4  -1.6752024506924699        3.8054335254265326E-003   1.5535617312292535E-003
           2  -1.6752024506924699        3.7152768542098227E-003   2.6270974575971894E-003
