# No.Blocks      Mean       Error        Error_in_Error
        2270  -1.6775236330396475        6.2958724948615952E-005   9.3459548419275245E-007
        1135  -1.6775236330396495        8.1941628690472112E-005   1.7206124725284480E-006
         567  -1.6775231344797168        9.4323842594884637E-005   2.8034852239561450E-006
         283  -1.6775225145759702        9.6054355865203705E-005   4.0446180159344180E-006
         141  -1.6775288510638307        9.4890044345632792E-005   5.6707647871454807E-006
          70  -1.6775208540178579        8.9365956896476914E-005   7.6073354435630803E-006
          35  -1.6775208540178566        8.3145844406119765E-005   1.0082914671105974E-005
          17  -1.6775458060661763        7.3240317939053499E-005   1.2947181367740867E-005
           8  -1.6775439067382811        5.2358728415392988E-005   1.3993458781253274E-005
           4  -1.6775439067382811        7.3279278331308197E-005   2.9916140105182175E-005
           2  -1.6775439067382811        1.0081396540683667E-004   7.1286238577480222E-005
