# No.Blocks      Mean       Error        Error_in_Error
        2257  -1.1883260917146652        1.2528754983065477E-005   1.8651912551056307E-007
        1128  -1.1883259596631206        1.6313794044184298E-005   3.4361967231180615E-007
         564  -1.1883259596631208        1.9134590109244649E-005   5.7022987687136716E-007
         282  -1.1883259596631215        2.1014133621385677E-005   8.8642772611497179E-007
         141  -1.1883259596631197        2.2610294474754858E-005   1.3512235410851186E-006
          70  -1.1883236696428570        2.2176118142586957E-005   1.8877565395754718E-006
          35  -1.1883236696428572        2.1983181372746960E-005   2.6658523172631281E-006
          17  -1.1883243832720589        2.5066283679501676E-005   4.4311347922303292E-006
           8  -1.1883222436523437        3.2952966806537367E-005   8.8070508334140744E-006
           4  -1.1883222436523437        2.9972981629256908E-005   1.2236418510248905E-005
           2  -1.1883222436523437        1.8079588580647295E-005   1.2784199686438569E-005
