# Block_length   Mean       Error        Error_in_Error
        2278  -4.6567064991321807        8.7881552252339176E-005   1.3022705102381323E-006
        1139  -4.6567064991321994        1.1464298648043642E-004   2.4030420042040541E-006
         569  -4.6567047654884606        1.4245933712311125E-004   4.2267032084040782E-006
         284  -4.6567050984091001        1.6602036044155802E-004   6.9783562515648445E-006
         142  -4.6567050984090965        1.8523634938754074E-004   1.1030664083456971E-005
          71  -4.6567050984090992        1.8991051588414275E-004   1.6050368051717078E-005
          35  -4.6567146760156701        1.9004909793020067E-004   2.3046838377046239E-005
          17  -4.6567143080216091        1.6680635162191973E-004   2.9487475594211773E-005
           8  -4.6566659000767450        1.9344537120505437E-004   5.1700450150472768E-005
           4  -4.6566659000767450        2.7923655597402087E-004   1.1399784661141083E-004
           2  -4.6566659000767450        2.7564317104294495E-004   1.9490915543222975E-004
