# No.Blocks      Mean       Error        Error_in_Error
        2278  -29798.270211242459       0.64549021701580112        9.5651800943754427E-003
        1139  -29798.270211242467       0.86371808151927820        1.8104472793331803E-002
         569  -29798.297824034289        1.1126699727439699        3.3012407881889957E-002
         284  -29798.281244248992        1.3630792088298642        5.7294492633416183E-002
         142  -29798.281244248992        1.5534004755490785        9.2503652169344280E-002
          71  -29798.281244248985        1.6641461820935062       0.14064602262865433     
          35  -29798.135904443352        1.5135148682771011       0.18354063728968495     
          17  -29798.208128474587        1.5220339870226127       0.26906013835502174     
           8  -29798.486276006592        1.8004187186501530       0.48118214270881571     
           4  -29798.486276006592        2.4316120428440020       0.99270145956240552     
           2  -29798.486276006595        1.9911974694642920        1.4079892333396942     
