# No.Blocks      Mean       Error        Error_in_Error
        2278   138761.79855558963        1.5930222996874279        2.3606159766931638E-002
        1139   138761.79855559021        2.1351259048293927        4.4754567122558146E-002
         569   138761.87548062491        2.7026208068295841        8.0185520064960589E-002
         284   138761.80819392254        3.3234327112276096       0.13969429638248679     
         142   138761.80819392245        3.6890594029710062       0.21968029057275595     
          71   138761.80819392248        3.8460876043228622       0.32505373028520745     
          35   138761.41678413082        3.3770635906645445       0.40952911437463413     
          17   138761.74214527343        3.9681969601635796       0.70148474490387780     
           8   138761.59491538478        4.2323122353236995        1.1311330241737609     
           4   138761.59491538478        5.0343883490171377        2.0552804370174362     
           2   138761.59491538478        2.9089047899205225        2.0569063027788306     
