# No.Blocks      Mean       Error        Error_in_Error
        2278   140762.45090761431        1.6422501222828974        2.4335640983481358E-002
        1139   140762.45090761458        2.1931484307994733        4.5970782535089447E-002
         569   140762.45013663755        2.8267820417975065        8.3869326972926275E-002
         284   140762.52692486928        3.3730715691412838       0.14178077320690233     
         142   140762.52692486922        4.0513563257186691       0.24125475836222121     
          71   140762.52692486931        4.4211758324163464       0.37365755656695659     
          35   140762.90881086385        4.6167102991305669       0.55985835900565395     
          17   140764.10271612866        5.2842560142100261       0.93413331529342658     
           8   140762.60455183010        5.7909255923548137        1.5476899656351895     
           4   140762.60455183007        6.4101430276246072        2.6169299326565971     
           2   140762.60455183007        9.1828407749322540        6.4932489825109272     
