# No.Blocks      Mean       Error        Error_in_Error
        2278  -4.6569190390693578        2.3112792160881360E-005   3.4249631315061021E-007
        1139  -4.6569190390693604        2.9903750560376344E-005   6.2681521901985362E-007
         569  -4.6569181414762699        3.4767148176417995E-005   1.0315253440870187E-006
         284  -4.6569186232394379        3.5706882605237783E-005   1.5008722230781268E-006
         142  -4.6569186232394353        3.8742707596897616E-005   2.3070946636444499E-006
          71  -4.6569186232394353        3.8353094247682429E-005   3.2414280785432598E-006
          35  -4.6569290883928574        4.0676088664327265E-005   4.9327002941179559E-006
          17  -4.6569304921875005        4.6402300567583674E-005   8.2028453484986993E-006
           8  -4.6569211435546878        6.4695841208434117E-005   1.7290690867935104E-005
           4  -4.6569211435546878        5.8932486140784987E-005   2.4059086719760775E-005
           2  -4.6569211435546878        8.8239252526408469E-005   6.2394573828255623E-005
