# Block_length   Mean       Error        Error_in_Error
        2278  -4.6572379715907726        8.3892809064590825E-005   1.2431634224229001E-006
        1139  -4.6572379715907832        1.0707405540734134E-004   2.2443889556926514E-006
         569  -4.6572368582342545        1.3037946958320806E-004   3.8682990776598681E-006
         284  -4.6572362120474535        1.4849604426912122E-004   6.2417543011108709E-006
         142  -4.6572362120474509        1.6166982451916919E-004   9.6272979498825069E-006
          71  -4.6572362120474535        1.6200617959544165E-004   1.3692021197739970E-005
          35  -4.6572394394297705        1.3067178034135459E-004   1.5846280959850421E-005
          17  -4.6572207676882504        1.1932860598500825E-004   2.1094516620384240E-005
           8  -4.6571879645265879        1.4456511210676035E-004   3.8636651398861630E-005
           4  -4.6571879645265870        1.9267880801495527E-004   7.8660793980720359E-005
           2  -4.6571879645265870        2.9168865909593063E-004   2.0625502884194367E-004
