# No.Blocks      Mean       Error        Error_in_Error
        2270  -1.6773800101321605        6.1574139746308984E-005   9.1404190597762301E-007
        1135  -1.6773800101321577        7.9979305913477615E-005   1.6794075672906299E-006
         567  -1.6773807310405646        9.1863456636226578E-005   2.7303578418375847E-006
         283  -1.6773829726148406        9.7838695667655691E-005   4.1197522755579378E-006
         141  -1.6773758816489357        8.9371863664390922E-005   5.3409904160606494E-006
          70  -1.6773872406249999        8.1953307033442310E-005   6.9763287829494655E-006
          35  -1.6773872406250003        8.4465413867176111E-005   1.0242935973114053E-005
          17  -1.6773905004595584        8.8365516566217398E-005   1.5620963996756131E-005
           8  -1.6773881889648437        9.1383056013441053E-005   2.4423149039904899E-005
           4  -1.6773881889648437        6.5327494044228223E-005   2.6669837763844366E-005
           2  -1.6773881889648437        6.3867673924395161E-005   4.5161265330551052E-005
