   2   3   5   6   7   8   9  10  11  14   -1.00000000000E+00  -1.65600018294E+03   1.74772880346E-01
   1   4   5   6   7   8   9  10  12  13   -1.00000000000E+00  -1.65600018294E+03   1.74772880346E-01
   3   4   5   6   7   8   9  10  11  12    9.86832756889E-01  -1.65605308246E+03   1.65945979672E-01
   1   2   5   6   7   8   9  10  13  14    9.56892692844E-01  -1.65603642841E+03   1.97118760666E-01
   2   3   5   6   7   8   9  10  11  12   -7.10963908197E-01  -1.65602318054E+03   3.96687660116E-01
   1   4   5   6   7   8   9  10  11  12    7.10963908197E-01  -1.65602318054E+03   3.96687660116E-01
   1   3   4   5   6   7   8   9  10  12    7.06266325226E-01  -1.65601709730E+03   3.64539827130E-01
   2   3   4   5   6   7   8   9  10  11   -7.06266325226E-01  -1.65601709730E+03   3.64539827130E-01
   1   2   5   6   7   8   9  10  12  13   -6.98120940359E-01  -1.65603947244E+03   4.14809409907E-01
   1   2   5   6   7   8   9  10  11  14    6.98120940359E-01  -1.65603947244E+03   4.14809409907E-01
   1   2   4   5   6   7   8   9  10  13    6.92735952771E-01  -1.65602957827E+03   4.05070427962E-01
   1   2   3   5   6   7   8   9  10  14   -6.92735952771E-01  -1.65602957827E+03   4.05070427962E-01
   4   5   6   7   8   9  10  11  12  13    6.68195332068E-01  -1.65603300930E+03   3.71571416025E-01
   3   5   6   7   8   9  10  11  12  14   -6.68195332068E-01  -1.65603300930E+03   3.71571416025E-01
   2   5   6   7   8   9  10  11  13  14   -6.55447677497E-01  -1.65602793383E+03   3.65625947751E-01
   1   5   6   7   8   9  10  12  13  14    6.55447677497E-01  -1.65602793383E+03   3.65625947751E-01
   3   4   5   6   7   8   9  10  12  13   -6.51332689091E-01  -1.65602134716E+03   3.55755347358E-01
   3   4   5   6   7   8   9  10  11  14    6.51332689091E-01  -1.65602134716E+03   3.55755347358E-01
   2   3   5   6   7   8   9  10  13  14   -6.41829416290E-01  -1.65601371944E+03   3.58510427500E-01
   1   4   5   6   7   8   9  10  13  14    6.41829416290E-01  -1.65601371944E+03   3.58510427500E-01
   1   2   3   5   6   7   8   9  10  12   -5.04739294520E-01  -1.65602265839E+03   5.95738803832E-01
   1   2   4   5   6   7   8   9  10  11    5.04739294520E-01  -1.65602265839E+03   5.95738803832E-01
   1   3   5   6   7   8   9  10  12  14    5.03580717085E-01  -1.65600083342E+03   4.71275573504E-01
   2   4   5   6   7   8   9  10  11  13    5.03580717085E-01  -1.65600083342E+03   4.71275573504E-01
   1   4   5   6   7   8   9  10  11  14    4.93015241221E-01  -1.65601044690E+03   5.01368152748E-01
   2   3   5   6   7   8   9  10  12  13    4.93015241221E-01  -1.65601044690E+03   5.01368152748E-01
   1   5   6   7   8   9  10  11  12  14   -4.77080703735E-01  -1.65602520946E+03   6.21526486738E-01
   2   5   6   7   8   9  10  11  12  13    4.77080703735E-01  -1.65602520946E+03   6.21526486738E-01
   1   2   5   6   7   8   9  10  11  12    4.60533510535E-01  -1.65606128928E+03   8.94991189587E-01
   1   3   4   5   6   7   8   9  10  14    4.62562593948E-01  -1.65602556866E+03   5.80551928307E-01
   2   3   4   5   6   7   8   9  10  13   -4.62562593948E-01  -1.65602556866E+03   5.80551928307E-01
   1   2   3   4   5   6   7   8   9  10    4.54448022053E-01  -1.65604243914E+03   8.50792178914E-01
   3   5   6   7   8   9  10  12  13  14    4.41673080238E-01  -1.65602269756E+03   4.77313681575E-01
   4   5   6   7   8   9  10  11  13  14   -4.41673080238E-01  -1.65602269756E+03   4.77313681575E-01
   5   6   7   8   9  10  11  12  13  14    4.07126865260E-01  -1.65604880540E+03   8.44578364419E-01
   3   4   5   6   7   8   9  10  13  14    3.84044071553E-01  -1.65604705021E+03   8.87350799070E-01
   2   3   5   7   8   9  10  11  12  14    3.48341478331E-01  -1.65600429088E+03   9.22695116763E-01
   1   4   6   7   8   9  10  11  12  13    3.48341478331E-01  -1.65600429088E+03   9.22695116763E-01
   1   2   5   7   8   9  10  12  13  14    3.41992687157E-01  -1.65602776886E+03   8.78729327947E-01
   1   2   6   7   8   9  10  11  13  14   -3.41992687157E-01  -1.65602776886E+03   8.78729327947E-01
   2   3   4   5   6   7   9  10  11  14   -3.33886435191E-01  -1.65600652746E+03   4.57981526827E-01
   1   3   4   5   6   8   9  10  12  13   -3.33886435191E-01  -1.65600652746E+03   4.57981526827E-01
   1   2   4   5   6   7   9  10  12  13   -3.38155310311E-01  -1.65598684355E+03   4.20895899715E-01
   1   2   3   5   6   8   9  10  11  14   -3.38155310311E-01  -1.65598684355E+03   4.20895899715E-01
   1   2   4   5   6   7   9  10  13  14    3.30520346759E-01  -1.65603372549E+03   4.10365769497E-01
   1   2   3   5   6   8   9  10  13  14   -3.30520346759E-01  -1.65603372549E+03   4.10365769497E-01
   2   3   4   5   6   7   9  10  11  12   -3.34787797030E-01  -1.65600604653E+03   4.77385097303E-01
   1   3   4   5   6   8   9  10  11  12    3.34787797030E-01  -1.65600604653E+03   4.77385097303E-01
   2   3   6   7   8   9  10  11  13  14    3.20063058948E-01  -1.65600341819E+03   7.58058052595E-01
   1   4   5   7   8   9  10  12  13  14    3.20063058948E-01  -1.65600341819E+03   7.58058052595E-01
   3   4   5   7   8   9  10  11  12  14   -3.17869818117E-01  -1.65602208356E+03   8.12323767993E-01
   3   4   6   7   8   9  10  11  12  13    3.17869818117E-01  -1.65602208356E+03   8.12323767993E-01
   1   2   3   5   7   8   9  10  12  14   -2.52188157581E-01  -1.65602368196E+03   1.08506632870E+00
   1   2   4   6   7   8   9  10  11  13   -2.52188157581E-01  -1.65602368196E+03   1.08506632870E+00
   1   2   6   7   8   9  10  11  12  13    2.50243101136E-01  -1.65601839911E+03   1.25231213450E+00
   1   2   5   7   8   9  10  11  12  14   -2.50243101136E-01  -1.65601839911E+03   1.25231213450E+00
   1   2   4   5   6   7   9  10  11  14    2.49762011806E-01  -1.65602499479E+03   7.11882653594E-01
   1   2   3   5   6   8   9  10  12  13    2.49762011806E-01  -1.65602499479E+03   7.11882653594E-01
   1   2   4   5   6   7   9  10  11  12    2.44346242304E-01  -1.65602113479E+03   7.81747292800E-01
   1   2   3   5   6   8   9  10  11  12   -2.44346242304E-01  -1.65602113479E+03   7.81747292800E-01
   1   2   3   4   5   6   7   9  10  14   -2.36898897967E-01  -1.65601804920E+03   7.21909841946E-01
   1   2   3   4   5   6   8   9  10  13    2.36898897967E-01  -1.65601804920E+03   7.21909841946E-01
   2   3   6   7   8   9  10  11  12  13   -2.39730674673E-01  -1.65602803234E+03   1.01380733571E+00
   1   4   5   7   8   9  10  11  12  14   -2.39730674673E-01  -1.65602803234E+03   1.01380733571E+00
   1   2   3   4   5   6   7   9  10  12   -2.40006053430E-01  -1.65601786717E+03   7.56965576800E-01
   1   2   3   4   5   6   8   9  10  11    2.40006053430E-01  -1.65601786717E+03   7.56965576800E-01
   2   3   5   7   8   9  10  12  13  14   -2.34475964149E-01  -1.65598889473E+03   1.02232057958E+00
   1   4   6   7   8   9  10  11  13  14   -2.34475964149E-01  -1.65598889473E+03   1.02232057958E+00
   2   5   7   8   9  10  11  12  13  14    2.31143776988E-01  -1.65604573157E+03   1.24359719327E+00
   1   6   7   8   9  10  11  12  13  14   -2.31143776988E-01  -1.65604573157E+03   1.24359719327E+00
   2   3   4   6   7   8   9  10  11  13    2.34259178864E-01  -1.65599330572E+03   9.73458748380E-01
   1   3   4   5   7   8   9  10  12  14    2.34259178864E-01  -1.65599330572E+03   9.73458748380E-01
   2   4   5   6   7   9  10  11  13  14   -2.29173715091E-01  -1.65599730033E+03   6.65825193223E-01
   1   3   5   6   8   9  10  12  13  14   -2.29173715091E-01  -1.65599730033E+03   6.65825193223E-01
   2   4   5   6   7   9  10  11  12  13    2.33365358142E-01  -1.65602170736E+03   6.71935064079E-01
   1   3   5   6   8   9  10  11  12  14    2.33365358142E-01  -1.65602170736E+03   6.71935064079E-01
   2   3   4   5   6   7   9  10  12  13    2.26648215046E-01  -1.65602582619E+03   6.23030930348E-01
   1   3   4   5   6   8   9  10  11  14    2.26648215046E-01  -1.65602582619E+03   6.23030930348E-01
   1   3   4   5   6   8   9  10  13  14    2.17993774107E-01  -1.65602160148E+03   6.32819742210E-01
   2   3   4   5   6   7   9  10  13  14   -2.17993774107E-01  -1.65602160148E+03   6.32819742210E-01
   4   5   7   8   9  10  11  12  13  14    2.15639958954E-01  -1.65599206335E+03   1.09226592196E+00
   3   6   7   8   9  10  11  12  13  14   -2.15639958954E-01  -1.65599206335E+03   1.09226592196E+00
   3   4   5   7   8   9  10  12  13  14    2.06801958917E-01  -1.65606492085E+03   1.04390598308E+00
   3   4   6   7   8   9  10  11  13  14   -2.06801958917E-01  -1.65606492085E+03   1.04390598308E+00
   1   2   4   5   7   8   9  10  12  13    1.55368832830E-01  -1.65608986810E+03   2.46301274306E+00
   1   2   3   6   7   8   9  10  11  14    1.55368832830E-01  -1.65608986810E+03   2.46301274306E+00
   2   3   4   5   7   8   9  10  11  12    1.57872434765E-01  -1.65601743535E+03   2.51169703939E+00
   1   3   4   6   7   8   9  10  11  12   -1.57872434765E-01  -1.65601743535E+03   2.51169703939E+00
   2   3   5   6   8   9  10  11  13  14    1.57140138716E-01  -1.65604932528E+03   1.54420882468E+00
   1   4   5   6   7   9  10  12  13  14    1.57140138716E-01  -1.65604932528E+03   1.54420882468E+00
   3   4   5   6   8   9  10  11  12  13    1.57381644844E-01  -1.65602501442E+03   1.64091612249E+00
   3   4   5   6   7   9  10  11  12  14   -1.57381644844E-01  -1.65602501442E+03   1.64091612249E+00
   1   3   4   6   7   8   9  10  12  13   -1.23779567340E-01  -1.65597596026E+03   3.34397987923E+00
   2   3   4   5   7   8   9  10  11  14   -1.23779567340E-01  -1.65597596026E+03   3.34397987923E+00
   1   2   4   5   7   8   9  10  13  14    1.21489199856E-01  -1.65605438171E+03   3.29891846456E+00
   1   2   3   6   7   8   9  10  13  14   -1.21489199856E-01  -1.65605438171E+03   3.29891846456E+00
   1   4   5   6   8   9  10  11  12  13   -1.17793090157E-01  -1.65606473506E+03   2.63587332992E+00
   2   3   5   6   7   9  10  11  12  14   -1.17793090157E-01  -1.65606473506E+03   2.63587332992E+00
   1   2   5   6   8   9  10  11  13  14    1.16245049130E-01  -1.65614552740E+03   2.56043669225E+00
   1   2   5   6   7   9  10  12  13  14   -1.16245049130E-01  -1.65614552740E+03   2.56043669225E+00
   1   2   4   5   7   8   9  10  11  12   -1.13014625159E-01  -1.65604451743E+03   3.03820470705E+00
   1   2   3   6   7   8   9  10  11  12    1.13014625159E-01  -1.65604451743E+03   3.03820470705E+00
   1   4   5   6   7   9  10  11  12  14   -1.21814648606E-01  -1.65593920220E+03   1.94339633501E+00
   2   3   5   6   8   9  10  11  12  13   -1.21814648606E-01  -1.65593920220E+03   1.94339633501E+00
   1   2   3   4   5   7   8   9  10  12    1.09741490546E-01  -1.65606036401E+03   2.71160505791E+00
   1   2   3   4   6   7   8   9  10  11   -1.09741490546E-01  -1.65606036401E+03   2.71160505791E+00
   1   3   4   5   6   7   9  10  12  14    1.13141787308E-01  -1.65606177703E+03   1.94722063784E+00
   2   3   4   5   6   8   9  10  11  13    1.13141787308E-01  -1.65606177703E+03   1.94722063784E+00
   2   3   4   5   7   8   9  10  12  13   -1.07103487345E-01  -1.65605686424E+03   2.78415534583E+00
   1   3   4   6   7   8   9  10  11  14   -1.07103487345E-01  -1.65605686424E+03   2.78415534583E+00
   2   4   5   7   8   9  10  11  12  13   -1.11400931027E-01  -1.65589183716E+03   3.12299386136E+00
   1   3   6   7   8   9  10  11  12  14   -1.11400931027E-01  -1.65589183716E+03   3.12299386136E+00
   4   5   6   7   9  10  11  12  13  14    1.02956600478E-01  -1.65606179561E+03   2.23199213123E+00
   3   5   6   8   9  10  11  12  13  14   -1.02956600478E-01  -1.65606179561E+03   2.23199213123E+00
   3   4   5   6   8   9  10  11  13  14   -1.04839048604E-01  -1.65601102276E+03   1.97195671104E+00
   3   4   5   6   7   9  10  12  13  14    1.04839048604E-01  -1.65601102276E+03   1.97195671104E+00
   1   2   4   5   7   8   9  10  11  14    9.63701464132E-02  -1.65598834771E+03   3.48928920427E+00
   1   2   3   6   7   8   9  10  12  13    9.63701464132E-02  -1.65598834771E+03   3.48928920427E+00
   1   2   3   4   6   7   8   9  10  13    8.48807574223E-02  -1.65615796554E+03   3.60670144302E+00
   1   2   3   4   5   7   8   9  10  14   -8.48807574223E-02  -1.65615796554E+03   3.60670144302E+00
   1   2   5   6   7   9  10  11  12  14    8.58848094711E-02  -1.65604969299E+03   3.22287161997E+00
   1   2   5   6   8   9  10  11  12  13   -8.58848094711E-02  -1.65604969299E+03   3.22287161997E+00
   2   4   5   7   8   9  10  11  13  14   -8.12591917964E-02  -1.65613724204E+03   4.30523094189E+00
   1   3   6   7   8   9  10  12  13  14   -8.12591917964E-02  -1.65613724204E+03   4.30523094189E+00
   1   2   3   5   6   7   9  10  12  14    8.77138652837E-02  -1.65594187505E+03   2.92844302337E+00
   1   2   4   5   6   8   9  10  11  13    8.77138652837E-02  -1.65594187505E+03   2.92844302337E+00
   2   3   4   5   7   8   9  10  13  14   -8.03976855686E-02  -1.65604175446E+03   4.01595462077E+00
   1   3   4   6   7   8   9  10  13  14    8.03976855686E-02  -1.65604175446E+03   4.01595462077E+00
   2   3   5   6   7   9  10  12  13  14    7.79791347615E-02  -1.65609227146E+03   3.11814976960E+00
   1   4   5   6   8   9  10  11  13  14    7.79791347615E-02  -1.65609227146E+03   3.11814976960E+00
   2   5   6   7   9  10  11  12  13  14   -8.18259428888E-02  -1.65591787638E+03   3.07447445770E+00
   1   5   6   8   9  10  11  12  13  14    8.18259428888E-02  -1.65591787638E+03   3.07447445770E+00
   1   2   4   7   9  10  11  12  13  14   -5.39776405445E-02  -1.65673275036E+03   8.15354409040E-01
   1   2   3   8   9  10  11  12  13  14    5.39776405445E-02  -1.65673275036E+03   8.15354409040E-01
   1   2   3   4   6   9  10  11  12  13   -5.97416970413E-02  -1.65653909850E+03   6.95330650915E-01
   1   2   3   4   5   9  10  11  12  14    5.97416970413E-02  -1.65653909850E+03   6.95330650915E-01
   1   2   3   4   6   9  10  11  13  14    6.64861812549E-02  -1.65599782246E+03   5.70255164171E-01
   1   2   3   4   5   9  10  12  13  14   -6.64861812549E-02  -1.65599782246E+03   5.70255164171E-01
   2   3   4   7   9  10  11  12  13  14    5.84771752735E-02  -1.65621056438E+03   6.99811790999E-01
   1   3   4   8   9  10  11  12  13  14   -5.84771752735E-02  -1.65621056438E+03   6.99811790999E-01
   1   2   3   4   5   6   9  10  11  12   -5.16556653786E-02  -1.65575796749E+03   3.09527471314E+00
   3   4   7   8   9  10  11  12  13  14   -4.41014183517E-02  -1.65621566546E+03   5.00167571285E+00
   1   2   3   4   5   6   9  10  11  14   -4.61800814888E-02  -1.65594728931E+03   3.11852659215E+00
   1   2   3   4   5   6   9  10  12  13    4.61800814888E-02  -1.65594728931E+03   3.11852659215E+00
   1   4   7   8   9  10  11  12  13  14   -4.49004748247E-02  -1.65577432822E+03   5.68181222313E+00
   2   3   7   8   9  10  11  12  13  14    4.49004748247E-02  -1.65577432822E+03   5.68181222313E+00
   1   2   3   4   5   6   9  10  13  14   -4.09828229681E-02  -1.65615321846E+03   3.80815417158E+00
   1   2   7   8   9  10  11  12  13  14   -4.28489491237E-02  -1.65589692798E+03   7.22790118856E+00
   1   2   3   4   7   9  10  11  12  14    1.71611078014E-02  -1.65772691351E+03   4.64067718416E+00
   1   2   3   4   8   9  10  11  12  13   -1.71611078014E-02  -1.65772691351E+03   4.64067718416E+00
   2   3   4   5   9  10  11  12  13  14   -2.81446072093E-02  -1.65688188618E+03   2.50409579276E+00
   1   3   4   6   9  10  11  12  13  14    2.81446072093E-02  -1.65688188618E+03   2.50409579276E+00
   1   2   3   4   7   9  10  12  13  14    3.03916429561E-02  -1.65569590628E+03   2.58353528259E+00
   1   2   3   4   8   9  10  11  13  14   -3.03916429561E-02  -1.65569590628E+03   2.58353528259E+00
   1   2   3   4   9  10  11  12  13  14   -8.78841589851E-03  -1.64249281462E+03   1.22397379252E+01
   2   3   4   7   8   9  10  11  13  14    2.34359738360E-02  -1.65659418652E+03   8.05335609936E+00
   1   3   4   7   8   9  10  12  13  14   -2.34359738360E-02  -1.65659418652E+03   8.05335609936E+00
   1   2   3   6   9  10  11  12  13  14    1.66031955692E-02  -1.65758780010E+03   5.22918452766E+00
   1   2   4   5   9  10  11  12  13  14   -1.66031955692E-02  -1.65758780010E+03   5.22918452766E+00
   1   2   4   5   6   9  10  11  12  13   -2.33150652474E-02  -1.65627027984E+03   6.11479599905E+00
   1   2   3   5   6   9  10  11  12  14    2.33150652474E-02  -1.65627027984E+03   6.11479599905E+00
   2   3   4   6   7   9  10  11  13  14    2.49183777823E-02  -1.65639804089E+03   7.21818698163E+00
   1   3   4   5   8   9  10  12  13  14    2.49183777823E-02  -1.65639804089E+03   7.21818698163E+00
   2   3   4   6   7   9  10  11  12  13   -2.45982548912E-02  -1.65589615461E+03   7.43633029721E+00
   1   3   4   5   8   9  10  11  12  14   -2.45982548912E-02  -1.65589615461E+03   7.43633029721E+00
   1   2   3   5   8   9  10  11  12  14    2.18549175975E-02  -1.65622637856E+03   1.06312693654E+01
   1   2   4   6   7   9  10  11  12  13    2.18549175975E-02  -1.65622637856E+03   1.06312693654E+01
   1   3   4   5   6   9  10  12  13  14   -2.08441433528E-02  -1.65550760007E+03   7.22256619499E+00
   2   3   4   5   6   9  10  11  13  14    2.08441433528E-02  -1.65550760007E+03   7.22256619499E+00
   2   3   5   6   7   8  10  11  13  14    1.84245494633E-02  -1.65709704176E+03   8.57608786368E+01
   1   4   5   6   7   8   9  12  13  14    1.84245494633E-02  -1.65709704176E+03   8.57608786368E+01
   3   4   5   6   7   8  10  11  12  13    1.95494798185E-02  -1.65563641387E+03   8.16133594581E+01
   3   4   5   6   7   8   9  11  12  14   -1.95494798185E-02  -1.65563641387E+03   8.16133594581E+01
   1   3   4   5   6   7   8  10  12  13   -1.88656683014E-02  -1.65596937274E+03   9.24741672527E+01
   2   3   4   5   6   7   8   9  11  14   -1.88656683014E-02  -1.65596937274E+03   9.24741672527E+01
   1   2   3   4   5   8   9  10  13  14    1.55680853926E-02  -1.65673182245E+03   9.85276974997E+00
   1   2   3   4   6   7   9  10  13  14   -1.55680853926E-02  -1.65673182245E+03   9.85276974997E+00
   1   2   3   7   8   9  10  11  12  14    2.25370572395E-02  -1.65570604454E+03   1.14934432018E+01
   1   2   4   7   8   9  10  11  12  13   -2.25370572395E-02  -1.65570604454E+03   1.14934432018E+01
   1   2   3   4   7   8   9  10  13  14   -2.10495155395E-02  -1.65495445205E+03   7.70520842142E+00
   1   2   4   7   8   9  10  11  13  14   -1.63699437877E-02  -1.65605389335E+03   1.33096188713E+01
   1   2   3   7   8   9  10  12  13  14    1.63699437877E-02  -1.65605389335E+03   1.33096188713E+01
   1   3   4   5   6   7   8   9  12  14    1.72845988736E-02  -1.65619163432E+03   6.64274643546E+01
   2   3   4   5   6   7   8  10  11  13    1.72845988736E-02  -1.65619163432E+03   6.64274643546E+01
   1   3   4   6   7   9  10  12  13  14   -1.39315775415E-02  -1.65603596574E+03   8.26918938548E+00
   2   3   4   5   8   9  10  11  13  14   -1.39315775415E-02  -1.65603596574E+03   8.26918938549E+00
   1   2   3   5   6   7   8  10  13  14   -1.61928155686E-02  -1.65598033434E+03   1.06521537730E+02
   1   2   4   5   6   7   8   9  13  14    1.61928155686E-02  -1.65598033434E+03   1.06521537730E+02
   3   4   5   6   7   8   9  12  13  14    1.69537990230E-02  -1.65578775399E+03   5.78734783788E+01
   3   4   5   6   7   8  10  11  13  14   -1.69537990230E-02  -1.65578775399E+03   5.78734783788E+01
   1   2   4   5   8   9  10  11  12  13   -1.82332063702E-02  -1.65555930821E+03   6.83919734424E+00
   1   2   3   6   7   9  10  11  12  14   -1.82332063702E-02  -1.65555930821E+03   6.83919734424E+00
   1   2   5   6   9  10  11  12  13  14   -1.21867281038E-02  -1.65503610395E+03   1.27167606529E+01
   2   3   4   5   6   7   8   9  13  14   -1.60415030988E-02  -1.65614852405E+03   6.56520029280E+01
   1   3   4   5   6   7   8  10  13  14    1.60415030988E-02  -1.65614852405E+03   6.56520029280E+01
   1   2   4   6   7   9  10  11  13  14   -2.08153499621E-02  -1.65601740572E+03   1.06076311662E+01
   1   2   3   5   8   9  10  12  13  14   -2.08153499621E-02  -1.65601740572E+03   1.06076311662E+01
   1   2   5   8   9  10  11  12  13  14   -1.87030242170E-02  -1.65520836747E+03   8.27528270602E+00
   1   2   6   7   9  10  11  12  13  14    1.87030242170E-02  -1.65520836747E+03   8.27528270602E+00
   1   2   4   5   6   9  10  11  13  14    1.66086187378E-02  -1.65649103665E+03   8.34792319984E+00
   1   2   3   5   6   9  10  12  13  14   -1.66086187378E-02  -1.65649103665E+03   8.34792319984E+00
   2   3   4   5   7   9  10  11  12  14   -9.63756870650E-03  -1.65305426276E+03   2.61475094186E+01
   1   3   4   6   8   9  10  11  12  13   -9.63756870650E-03  -1.65305426276E+03   2.61475094186E+01
   3   4   6   7   9  10  11  12  13  14   -8.89176935610E-03  -1.65579385553E+03   1.83970494460E+01
   3   4   5   8   9  10  11  12  13  14    8.89176935610E-03  -1.65579385553E+03   1.83970494460E+01
   1   2   3   5   6   7   8   9  12  14   -1.34363380158E-02  -1.65566861573E+03   1.26629465127E+02
   1   2   4   5   6   7   8  10  11  13   -1.34363380158E-02  -1.65566861573E+03   1.26629465127E+02
   1   3   4   5   6   9  10  11  12  14    1.33210038083E-02  -1.65643233135E+03   1.17712168810E+01
   2   3   4   5   6   9  10  11  12  13   -1.33210038083E-02  -1.65643233135E+03   1.17712168810E+01
   1   2   5   6   7   8   9  12  13  14    1.23500092812E-02  -1.65672079318E+03   1.88228284341E+02
   1   2   5   6   7   8  10  11  13  14   -1.23500092812E-02  -1.65672079318E+03   1.88228284341E+02
   1   2   3   4   5   6   7   8  10  13    1.24274391662E-02  -1.65584506929E+03   1.00314507814E+02
   1   2   3   4   5   6   7   8   9  14   -1.24274391662E-02  -1.65584506929E+03   1.00314507814E+02
   3   4   5   6   9  10  11  12  13  14   -1.08535373215E-02  -1.65646922290E+03   1.40539734269E+01
   1   4   5   6   7   8   9  11  12  14   -1.32287946716E-02  -1.65469116954E+03   9.14583559924E+01
   2   3   5   6   7   8  10  11  12  13   -1.32287946716E-02  -1.65469116954E+03   9.14583559924E+01
   1   2   5   7   8  10  11  12  13  14    1.21185643137E-02  -1.65669136537E+03   5.76922559735E+01
   1   2   6   7   8   9  11  12  13  14   -1.21185643137E-02  -1.65669136537E+03   5.76922559735E+01
   1   2   3   4   5   8   9  10  11  12   -1.14346687839E-02  -1.65655094341E+03   1.82452137656E+01
   1   2   3   4   6   7   9  10  11  12    1.14346687839E-02  -1.65655094341E+03   1.82452137656E+01
   2   3   6   7   8   9  11  12  13  14    1.22222563727E-02  -1.65615747552E+03   5.36059079233E+01
   1   4   5   7   8  10  11  12  13  14    1.22222563727E-02  -1.65615747552E+03   5.36059079233E+01
   1   2   3   4   7   8   9  10  11  12   -1.63872147902E-02  -1.65528493442E+03   1.28863674023E+01
   2   3   5   6   7   8   9  11  12  14    1.07396038272E-02  -1.65574172307E+03   2.25427291672E+02
   1   4   5   6   7   8  10  11  12  13    1.07396038272E-02  -1.65574172307E+03   2.25427291672E+02
   1   3   4   7   8   9  10  11  12  14   -1.34902539059E-02  -1.65613664919E+03   1.77902662575E+01
   2   3   4   7   8   9  10  11  12  13    1.34902539059E-02  -1.65613664919E+03   1.77902662575E+01
   1   2   4   5   7   9  10  12  13  14   -1.02775873270E-02  -1.65374854812E+03   2.50418842434E+01
   1   2   3   6   8   9  10  11  13  14   -1.02775873270E-02  -1.65374854812E+03   2.50418842434E+01
   1   3   5   6   7   8  10  12  13  14   -8.71794809328E-03  -1.65985551994E+03   1.39536616592E+02
   2   4   5   6   7   8   9  11  13  14   -8.71794809328E-03  -1.65985551994E+03   1.39536616592E+02
   1   2   5   6   7   8  10  11  12  13    8.70514111264E-03  -1.65964477235E+03   1.93042880127E+02
   1   2   5   6   7   8   9  11  12  14   -8.70514111264E-03  -1.65964477235E+03   1.93042880127E+02
   2   3   4   5   8   9  10  11  12  13    8.06174927563E-03  -1.65700776153E+03   1.73325759120E+01
   1   3   4   6   7   9  10  11  12  14    8.06174927563E-03  -1.65700776153E+03   1.73325759120E+01
   1   2   3   5   6   8   9  11  12  14   -7.84897583036E-03  -1.66152766617E+03   9.01154603170E+01
   1   2   4   5   6   7  10  11  12  13   -7.84897583036E-03  -1.66152766617E+03   9.01154603170E+01
   1   4   6   7   8   9  11  12  13  14   -1.02117413765E-02  -1.65561124165E+03   4.80658529195E+01
   2   3   5   7   8  10  11  12  13  14   -1.02117413765E-02  -1.65561124165E+03   4.80658529195E+01
   1   2   4   5   6   7   8   9  11  14    1.04897391262E-02  -1.65400003939E+03   1.27175031420E+02
   1   2   3   5   6   7   8  10  12  13    1.04897391262E-02  -1.65400003939E+03   1.27175031420E+02
   1   3   4   5   6   8  10  11  12  13    7.00298124468E-63   9.99999998429E+11   1.00000000000E+05
   2   3   4   5   6   7   9  11  12  14    7.00298124468E-63   9.99999998429E+11   1.00000000000E+05
   1   2   4   5   6   7  10  11  13  14    1.04280073003E-02  -1.65338148708E+03   6.72051355910E+01
   1   2   3   5   6   8   9  12  13  14    1.04280073003E-02  -1.65338148708E+03   6.72051355910E+01
   3   4   5   7   8  10  11  12  13  14    8.26177385625E-03  -1.65671160349E+03   5.55359564989E+01
   3   4   6   7   8   9  11  12  13  14   -8.26177385625E-03  -1.65671160349E+03   5.55359564989E+01
   2   3   5   6   7   8   9  12  13  14   -8.52592991022E-03  -1.65656907658E+03   1.88629766743E+02
   1   4   5   6   7   8  10  11  13  14   -8.52592991022E-03  -1.65656907658E+03   1.88629766743E+02
   4   5   6   7   8   9  11  12  13  14    8.52073748912E-03  -1.65625051291E+03   1.31012542697E+02
   3   5   6   7   8  10  11  12  13  14   -8.52073748912E-03  -1.65625051291E+03   1.31012542697E+02
   1   2   4   5   6   7   9  12  13  14    4.81477780654E-63   9.99999998429E+11   1.00000000000E+05
   1   2   3   5   6   8  10  11  13  14    4.81477780654E-63   9.99999998429E+11   1.00000000000E+05
   1   2   3   4   6   7   9  10  12  13    8.28290660770E-03  -1.65618314024E+03   2.19605595689E+01
   1   2   3   4   5   8   9  10  11  14    8.28290660770E-03  -1.65618314024E+03   2.19605595689E+01
   2   4   5   7   9  10  11  12  13  14   -6.46206590379E-03  -1.65509935991E+03   3.19161184513E+01
   1   3   6   8   9  10  11  12  13  14   -6.46206590379E-03  -1.65509935991E+03   3.19161184513E+01
   1   2   3   4   5   7   9  10  12  14    6.76681335913E-03  -1.65468318627E+03   2.79774110440E+01
   1   2   3   4   6   8   9  10  11  13    6.76681335913E-03  -1.65468318627E+03   2.79774110440E+01
   1   2   4   6   7   8   9  11  12  13   -6.66143708240E-03  -1.65905743860E+03   1.45664876829E+02
   1   2   3   5   7   8  10  11  12  14   -6.66143708240E-03  -1.65905743860E+03   1.45664876829E+02
   1   3   4   6   8   9  10  11  13  14    7.68220795669E-03  -1.65360427253E+03   2.56906895944E+01
   2   3   4   5   7   9  10  12  13  14    7.68220795669E-03  -1.65360427253E+03   2.56906895944E+01
   1   3   4   5   7   8  10  11  12  14    8.34043837076E-03  -1.65419755641E+03   1.06393151670E+02
   2   3   4   6   7   8   9  11  12  13    8.34043837076E-03  -1.65419755641E+03   1.06393151670E+02
   1   2   4   6   7   9  11  12  13  14    9.47172892239E-63   9.99999998429E+11   1.00000000000E+05
   1   2   3   5   8  10  11  12  13  14    9.47172892239E-63   9.99999998429E+11   1.00000000000E+05
   1   2   4   5   7  10  11  12  13  14   -4.35410054333E-03  -1.66451361945E+03   1.16001011053E+01
   1   2   3   6   8   9  11  12  13  14   -4.35410054333E-03  -1.66451361945E+03   1.16001011053E+01
   2   3   4   5   6   7  10  11  12  13    6.88213561084E-03  -1.65635793498E+03   7.17448592380E+01
   1   3   4   5   6   8   9  11  12  14    6.88213561084E-03  -1.65635793498E+03   7.17448592380E+01
   2   3   6   7   9  10  11  12  13  14   -6.75867365000E-03  -1.65613430808E+03   2.39691522746E+01
   1   4   5   8   9  10  11  12  13  14   -6.75867365001E-03  -1.65613430808E+03   2.39691522746E+01
   1   3   4   6   8   9  11  12  13  14    5.51773602330E-03  -1.65897608014E+03   7.19845640363E+00
   2   3   4   5   7  10  11  12  13  14    5.51773602330E-03  -1.65897608014E+03   7.19845640363E+00
   1   2   3   4   5   6   9  12  13  14   -5.50395679025E-03  -1.65958985620E+03   2.25022540090E+01
   1   2   3   4   5   6  10  11  13  14    5.50395679025E-03  -1.65958985620E+03   2.25022540090E+01
   2   4   5   6   7   9  11  12  13  14    1.07584193822E-63   9.99999998429E+11   1.00000000000E+05
   1   3   5   6   8  10  11  12  13  14    1.07584193822E-63   9.99999998429E+11   1.00000000000E+05
   1   2   3   4   5   6   9  11  12  14    3.17220858260E-03  -1.66931877037E+03   4.20741827055E+01
   1   2   3   4   5   6  10  11  12  13   -3.17220858260E-03  -1.66931877037E+03   4.20741827055E+01
   1   3   4   5   8  10  11  12  13  14   -3.33816410177E-63   9.99999998429E+11   1.00000000000E+05
   2   3   4   6   7   9  11  12  13  14   -3.33816410177E-63   9.99999998429E+11   1.00000000000E+05
   2   3   4   5   6   7  10  11  13  14   -6.64498837717E-03  -1.65601195395E+03   7.40098428272E+01
   1   3   4   5   6   8   9  12  13  14   -6.64498837717E-03  -1.65601195395E+03   7.40098428272E+01
   1   2   3   4   5   6   7  10  11  12   -6.65425300532E-03  -1.65440520581E+03   1.40856269540E+02
   1   2   3   4   5   6   8   9  11  12    6.65425300532E-03  -1.65440520581E+03   1.40856269540E+02
   1   2   4   5   6   7   9  11  12  14   -5.75912396629E-63   9.99999998429E+11   1.00000000000E+05
   1   2   3   5   6   8  10  11  12  13   -5.75912396629E-63   9.99999998429E+11   1.00000000000E+05
   1   2   4   5   7   9  10  11  12  14    7.21912846753E-03  -1.65553260700E+03   2.79966438773E+01
   1   2   3   6   8   9  10  11  12  13    7.21912846753E-03  -1.65553260700E+03   2.79966438773E+01
   1   2   3   4   5   6   7   9  12  14   -7.13652104238E-63   9.99999998429E+11   1.00000000000E+05
   1   2   3   4   5   6   8  10  11  13   -7.13652104238E-63   9.99999998429E+11   1.00000000000E+05
   1   2   3   5   6   7   8  10  11  12    4.74135695828E-03  -1.65870322280E+03   4.26451530737E+02
   1   2   4   5   6   7   8   9  11  12   -4.74135695828E-03  -1.65870322280E+03   4.26451530737E+02
   1   2   4   5   7   8  10  11  12  13    6.44690266741E-03  -1.65130118197E+03   5.82449597557E+01
   1   2   3   6   7   8   9  11  12  14    6.44690266741E-03  -1.65130118197E+03   5.82449597557E+01
   1   2   3   4   5   6   7  10  11  14   -6.15090341854E-03  -1.65442811984E+03   1.51975043560E+02
   1   2   3   4   5   6   8   9  12  13   -6.15090341854E-03  -1.65442811984E+03   1.51975043560E+02
   2   3   4   5   6   7   9  12  13  14   -4.57837334221E-63   9.99999998429E+11   1.00000000000E+05
   1   3   4   5   6   8  10  11  13  14   -4.57837334221E-63   9.99999998429E+11   1.00000000000E+05
   1   2   4   5   8   9  10  11  13  14    5.25564097574E-03  -1.65701726027E+03   2.44630931576E+01
   1   2   3   6   7   9  10  12  13  14    5.25564097574E-03  -1.65701726027E+03   2.44630931576E+01
   1   2   3   4   5   6   7   8   9  12    5.04008030667E-03  -1.65549340995E+03   3.98729616707E+02
   1   2   3   4   5   6   7   8  10  11   -5.04008030667E-03  -1.65549340995E+03   3.98729616707E+02
   1   2   3   6   7   8   9  12  13  14    3.89675678406E-03  -1.66093169869E+03   7.27505875007E+01
   1   2   4   5   7   8  10  11  13  14    3.89675678406E-03  -1.66093169869E+03   7.27505875007E+01
   1   2   3   4   6   9  11  12  13  14   -4.41495061562E-04  -1.54590280505E+03   3.99832281500E+02
   1   2   3   4   5  10  11  12  13  14    4.41495061562E-04  -1.54590280505E+03   3.99832281500E+02
   1   2   5   6   8   9  11  12  13  14    4.98933468003E-03  -1.65217248492E+03   5.63946747843E+01
   1   2   5   6   7  10  11  12  13  14   -4.98933468003E-03  -1.65217248492E+03   5.63946747843E+01
   1   3   4   6   7   8   9  12  13  14   -4.91675014382E-03  -1.65169999742E+03   4.26238056566E+01
   2   3   4   5   7   8  10  11  13  14   -4.91675014382E-03  -1.65169999742E+03   4.26238056566E+01
   1   4   5   6   7  10  11  12  13  14    3.84217899966E-03  -1.65679958579E+03   9.00790222218E+01
   2   3   5   6   8   9  11  12  13  14    3.84217899966E-03  -1.65679958579E+03   9.00790222218E+01
   2   3   4   5   7   8   9  11  12  14   -2.56226905917E-03  -1.66642865331E+03   3.48070218922E+02
   1   3   4   6   7   8  10  11  12  13   -2.56226905917E-03  -1.66642865331E+03   3.48070218922E+02
   3   4   5   6   8   9  11  12  13  14   -3.33416287309E-03  -1.65725835019E+03   7.31478788614E+01
   3   4   5   6   7  10  11  12  13  14    3.33416287309E-03  -1.65725835019E+03   7.31478788614E+01
   1   3   4   6   7   8   9  11  12  14   -2.86211251627E-03  -1.66145050689E+03   9.59457970682E+01
   2   3   4   5   7   8  10  11  12  13   -2.86211251627E-03  -1.66145050689E+03   9.59457970682E+01
   1   2   3   5   6   7  10  11  12  14    4.09452858662E-03  -1.65536925068E+03   8.81145747005E+01
   1   2   4   5   6   8   9  11  12  13    4.09452858662E-03  -1.65536925068E+03   8.81145747005E+01
   1   2   3   5   6   7   8  10  11  14    3.50462193170E-03  -1.65995562749E+03   8.30134366661E+02
   1   2   4   5   6   7   8   9  12  13    3.50462193170E-03  -1.65995562749E+03   8.30134366661E+02
   1   2   3   4   5   7   8  10  11  12    3.33609396980E-03  -1.65615663336E+03   1.41882595926E+02
   1   2   3   4   6   7   8   9  11  12   -3.33609396980E-03  -1.65615663336E+03   1.41882595926E+02
   1   2   3   4   5   8  10  11  12  13   -1.48199566530E-62   9.99999998429E+11   1.00000000000E+05
   1   2   3   4   6   7   9  11  12  14   -1.48199566530E-62   9.99999998429E+11   1.00000000000E+05
   2   5   6   7   8   9  11  12  13  14    4.83105424739E-03  -1.64897881519E+03   3.34577042891E+02
   1   5   6   7   8  10  11  12  13  14   -4.83105424739E-03  -1.64897881519E+03   3.34577042891E+02
   1   2   3   4   6   8   9  11  12  13    1.44964710365E-03  -1.66275511911E+03   4.46806194266E+01
   1   2   3   4   5   7  10  11  12  14    1.44964710365E-03  -1.66275511911E+03   4.46806194266E+01
   1   2   4   5   7   8   9  12  13  14   -2.44624864946E-03  -1.65783206007E+03   3.67117206891E+02
   1   2   3   6   7   8  10  11  13  14   -2.44624864946E-03  -1.65783206007E+03   3.67117206891E+02
   1   2   3   4   5   7  10  12  13  14    2.27562692106E-03  -1.66768037732E+03   2.03999050224E+01
   1   2   3   4   6   8   9  11  13  14    2.27562692106E-03  -1.66768037732E+03   2.03999050224E+01
   1   2   5   6   7   8  11  12  13  14   -2.54041729153E-03  -1.65874195663E+03   3.07421122595E+01
   1   3   4   6   7   8  10  11  13  14    1.59167336688E-03  -1.67713891660E+03   3.70643395094E+02
   2   3   4   5   7   8   9  12  13  14    1.59167336688E-03  -1.67713891660E+03   3.70643395094E+02
   1   2   3   4   6   7   9  12  13  14    2.81766931654E-63   9.99999998429E+11   1.00000000000E+05
   1   2   3   4   5   8  10  11  13  14    2.81766931654E-63   9.99999998429E+11   1.00000000000E+05
   2   3   5   6   7  10  11  12  13  14    1.16469752295E-03  -1.67763788384E+03   1.73544016133E+02
   1   4   5   6   8   9  11  12  13  14    1.16469752295E-03  -1.67763788384E+03   1.73544016133E+02
   3   4   5   6   7   8  11  12  13  14   -2.64713108661E-03  -1.65608044163E+03   2.77625127506E+01
   1   4   5   6   7   8  11  12  13  14   -2.35571342817E-03  -1.65661746732E+03   3.35060311326E+01
   2   3   5   6   7   8  11  12  13  14    2.35571342817E-03  -1.65661746732E+03   3.35060311326E+01
   1   3   4   5   6  10  11  12  13  14    4.10948271315E-03  -1.64725926126E+03   1.66813323460E+01
   2   3   4   5   6   9  11  12  13  14   -4.10948271315E-03  -1.64725926126E+03   1.66813323460E+01
   1   3   6   7   8  10  11  12  13  14   -1.18123874099E-03  -1.66764046266E+03   5.19177721156E+02
   2   4   5   7   8   9  11  12  13  14   -1.18123874099E-03  -1.66764046266E+03   5.19177721156E+02
   1   2   3   4   6   7   8  10  11  13    2.11331966644E-03  -1.65214547271E+03   3.11574182078E+02
   1   2   3   4   5   7   8   9  12  14    2.11331966644E-03  -1.65214547271E+03   3.11574182078E+02
   1   2   4   5   6   9  11  12  13  14    1.24080296419E-03  -1.60322517147E+03   8.20837002981E+01
   1   2   3   5   6  10  11  12  13  14   -1.24080296419E-03  -1.60322517147E+03   8.20837002981E+01
   1   2   3   6   7   8  10  11  12  13    2.38525913295E-03  -1.65201628995E+03   2.82032985598E+02
   1   2   4   5   7   8   9  11  12  14    2.38525913295E-03  -1.65201628995E+03   2.82032985598E+02
   1   2   3   4   5   7   8  10  11  14   -2.21338332163E-03  -1.65409494072E+03   1.70879694270E+02
   1   2   3   4   6   7   8   9  12  13   -2.21338332163E-03  -1.65409494072E+03   1.70879694270E+02
   1   2   3   4   5   6   7   8  11  12   -9.09097533401E-04  -1.70700376452E+03   6.84268465317E+01
   1   2   3   5   6   7   8  11  12  14    1.83009034450E-03  -1.65638176073E+03   4.81451212405E+01
   1   2   4   5   6   7   8  11  12  13   -1.83009034450E-03  -1.65638176073E+03   4.81451212405E+01
   1   3   4   5   6   7  10  11  12  14    2.10135831224E-03  -1.65609474724E+03   2.25440083726E+02
   2   3   4   5   6   8   9  11  12  13    2.10135831224E-03  -1.65609474724E+03   2.25440083726E+02
   1   2   3   4   7   8   9  10  12  13    1.31083510869E-03  -1.65982842185E+03   1.50508742079E+02
   1   2   3   4   7   8   9  10  11  14   -1.31083510869E-03  -1.65982842185E+03   1.50508742079E+02
   2   3   5   6   9  10  11  12  13  14   -5.43818656684E-03  -1.65156275626E+03   2.96271270236E+01
   1   4   5   6   9  10  11  12  13  14    5.43818656684E-03  -1.65156275626E+03   2.96271270236E+01
   2   3   4   5   6   7   8   9  12  13    9.40131653851E-04  -1.67035926106E+03   2.12470257913E+03
   1   3   4   5   6   7   8  10  11  14    9.40131653851E-04  -1.67035926106E+03   2.12470257913E+03
   2   3   4   5   6   7   8  11  13  14    1.42372294365E-03  -1.65981336549E+03   6.77312129720E+01
   1   3   4   5   6   7   8  12  13  14   -1.42372294365E-03  -1.65981336549E+03   6.77312129720E+01
   1   3   5   6   7   8  10  11  12  14    1.02126904176E-03  -1.65944981823E+03   2.00614399803E+03
   2   4   5   6   7   8   9  11  12  13    1.02126904176E-03  -1.65944981823E+03   2.00614399803E+03
   1   2   3   4   5   6   7   8  13  14   -5.79647754143E-04  -1.72295292468E+03   1.81602080594E+02
   1   2   4   6   7   8   9  11  13  14   -2.14081877008E-03  -1.64985617957E+03   3.13708463529E+02
   1   2   3   5   7   8  10  12  13  14   -2.14081877008E-03  -1.64985617957E+03   3.13708463529E+02
   2   3   5   8   9  10  11  12  13  14    1.65242346527E-03  -1.65731117925E+03   1.20369106701E+02
   1   4   6   7   9  10  11  12  13  14    1.65242346527E-03  -1.65731117925E+03   1.20369106701E+02
   1   3   4   5   7   8  10  12  13  14    4.57241348035E-04  -1.66897156171E+03   1.38436009551E+03
   2   3   4   6   7   8   9  11  13  14    4.57241348035E-04  -1.66897156171E+03   1.38436009551E+03
   2   3   4   5   6   8   9  11  13  14    1.17657958832E-03  -1.65343377778E+03   2.74594018937E+02
   1   3   4   5   6   7  10  12  13  14    1.17657958832E-03  -1.65343377778E+03   2.74594018937E+02
   1   2   3   4   6   7   8   9  13  14   -1.65530763953E-03  -1.65339377123E+03   1.64349792511E+02
   1   2   3   4   5   7   8  10  13  14    1.65530763953E-03  -1.65339377123E+03   1.64349792511E+02
   2   3   4   5   6   7   8   9  11  12    3.18340697669E-04  -1.67330349194E+03   9.30151520404E+03
   1   3   4   5   6   7   8  10  11  12   -3.18340697669E-04  -1.67330349194E+03   9.30151520404E+03
   2   3   4   7   8   9  11  12  13  14    4.89367302519E-04  -1.68298424053E+03   3.07478652933E+02
   1   3   4   7   8  10  11  12  13  14   -4.89367302519E-04  -1.68298424053E+03   3.07478652933E+02
   1   3   4   5   6   7   8  11  12  14   -8.83682426136E-04  -1.65379596532E+03   1.29866023114E+02
   2   3   4   5   6   7   8  11  12  13    8.83682426118E-04  -1.65379596532E+03   1.29866023116E+02
   1   2   3   4   8   9  11  12  13  14   -1.35179319095E-03  -1.64406329267E+03   1.21826956444E+02
   1   2   3   4   7  10  11  12  13  14    1.35179319095E-03  -1.64406329267E+03   1.21826956444E+02
   1   2   3   4   5   6  11  12  13  14   -5.26058703289E-05  -1.39533445424E+03   7.66968933547E+02
   1   3   4   5   6   8  11  12  13  14   -9.19287292134E-05  -1.75464238126E+03   3.92239807907E+02
   2   3   4   5   6   7  11  12  13  14    9.19287292134E-05  -1.75464238126E+03   3.92239807907E+02
   1   2   3   5   6   8  11  12  13  14    5.09200145214E-10  -2.10450900085E+07   9.33200191894E+07
   1   2   4   5   6   7  11  12  13  14   -5.09200145214E-10  -2.10450900085E+07   9.33200191894E+07
   1   2   3   4   5   6   7   8  11  14   -5.03288568793E-04  -1.66487063169E+03   2.09076075088E+02
   1   2   3   4   5   6   7   8  12  13    5.03288568793E-04  -1.66487063169E+03   2.09076075088E+02
   1   2   3   4   5   6   8   9  13  14   -1.88989826481E-04  -1.69694984061E+03   3.44478803345E+03
   1   2   3   4   5   6   7  10  13  14    1.88989826481E-04  -1.69694984061E+03   3.44478803345E+03
   1   2   4   5   6   7   8  11  13  14   -7.05223263329E-04  -1.65487374980E+03   1.46290546907E+02
   1   2   3   5   6   7   8  12  13  14    7.05223263329E-04  -1.65487374980E+03   1.46290546907E+02
   1   2   3   4   6   7  10  11  13  14   -1.10058426288E-03  -1.64585770387E+03   9.09966406506E+01
   1   2   3   4   5   8   9  12  13  14   -1.10058426288E-03  -1.64585770387E+03   9.09966406506E+01
   1   2   3   4   5   8   9  10  12  13    3.05611414649E-03  -1.65595377945E+03   7.27030445845E+01
   1   2   3   4   6   7   9  10  11  14    3.05611414649E-03  -1.65595377945E+03   7.27030445845E+01
   1   2   4   5   6   8   9  11  13  14   -1.36089976200E-03  -1.64598437727E+03   1.79087861059E+02
   1   2   3   5   6   7  10  12  13  14   -1.36089976200E-03  -1.64598437727E+03   1.79087861059E+02
   1   2   3   4   5   6   7  12  13  14   -4.08904300414E-05  -1.41513327104E+03   7.35341965605E+02
   1   2   3   4   5   6   8  11  13  14    4.08904300414E-05  -1.41513327104E+03   7.35341965605E+02
   1   2   3   4   5   6   7  11  12  14   -3.92439854078E-05  -1.48359900298E+03   1.09079052221E+03
   1   2   3   4   5   6   8  11  12  13    3.92439854078E-05  -1.48359900298E+03   1.09079052221E+03
   2   3   4   5   8   9  11  12  13  14   -1.01289115704E-03  -1.64138687580E+03   4.81141578244E+01
   1   3   4   6   7  10  11  12  13  14   -1.01289115704E-03  -1.64138687580E+03   4.81141578244E+01
   1   2   3   4   5   6   8   9  11  14   -9.70622443523E-04  -1.63645941804E+03   6.85951052081E+02
   1   2   3   4   5   6   7  10  12  13   -9.70622443523E-04  -1.63645941804E+03   6.85951052081E+02
   2   3   4   5   7   8  11  12  13  14   -2.60720734375E-04  -1.66470925018E+03   1.74567461376E+02
   1   3   4   6   7   8  11  12  13  14    2.60720734375E-04  -1.66470925018E+03   1.74567461376E+02
   1   2   3   4   5   7   8  10  12  13    3.26865139901E-04  -1.62236554430E+03   1.04692140552E+03
   1   2   3   4   6   7   8   9  11  14    3.26865139901E-04  -1.62236554430E+03   1.04692140552E+03
   1   2   4   7   8   9  11  12  13  14   -2.96739385614E-04  -1.63262567361E+03   5.22317899028E+02
   1   2   3   7   8  10  11  12  13  14    2.96739385614E-04  -1.63262567361E+03   5.22317899028E+02
   1   2   3   4   5   7   8  12  13  14   -2.58099957713E-04  -1.66069642433E+03   1.02926786131E+02
   1   2   3   4   6   7   8  11  13  14    2.58099957713E-04  -1.66069642433E+03   1.02926786131E+02
   1   2   3   4   7   8   9  12  13  14    4.22150300380E-04  -1.67966618510E+03   2.05807717457E+02
   1   2   3   4   7   8  10  11  13  14   -4.22150300380E-04  -1.67966618510E+03   2.05807717457E+02
   1   2   3   4   7   8  11  12  13  14   -2.34239051515E-05  -1.46638356122E+03   4.92641438504E+02
   1   2   3   4   6   7  10  11  12  13    4.54029037856E-05  -1.57817509911E+03   2.24121041860E+03
   1   2   3   4   5   8   9  11  12  14    4.54029037856E-05  -1.57817509911E+03   2.24121041860E+03
   1   2   3   4   5   7   8  11  12  14    1.82593959471E-04  -1.65274481108E+03   2.77595483271E+02
   1   2   3   4   6   7   8  11  12  13   -1.82593959471E-04  -1.65274481108E+03   2.77595483271E+02
   1   2   3   4   7   8  10  11  12  13    9.62577080725E-05  -1.57356554300E+03   7.63204215086E+02
   1   2   3   4   7   8   9  11  12  14   -9.62577080725E-05  -1.57356554300E+03   7.63204215086E+02
   1   2   3   4   6   7  11  12  13  14   -1.21430517847E-09   7.47748860456E+05   8.84689406368E+06
   1   2   3   4   5   8  11  12  13  14    1.21430517847E-09   7.47748860456E+05   8.84689406368E+06
   1   2   3   6   7   8  11  12  13  14    9.42654043364E-08   5.73428167500E+03   6.57770650648E+05
   1   2   4   5   7   8  11  12  13  14   -9.42654043364E-08   5.73428167500E+03   6.57770650648E+05
   1   2   4   5   8   9  11  12  13  14    1.27572503587E-03  -1.62884499163E+03   4.53050130362E+01
   1   2   3   6   7  10  11  12  13  14    1.27572503587E-03  -1.62884499163E+03   4.53050130362E+01
