5.031778465232150666e-01 5.558590686381607027e-01 2.752704807856571484e-09 -2.520110523338679465e-01 -1.379919297448198301e-08 5.312352664862503086e-09 1.761331269375943087e-08 -1.336800698664872833e-01 -1.451147716164564727e-01 1.526807530709066718e-01 -4.729463793252258741e-11 6.241493144296518178e-03 -2.256953481822542573e-01 9.809714019825416242e-09 -6.795359457774765107e-09 -3.102103184004389308e-02 5.315333372881911322e-09 -1.495713823396490341e-08 -1.822508616779323631e-01 8.434404543712636926e-09 -1.439589102959770717e-08 -2.492151318995516618e-01 -2.217175220024335813e-01 -1.644396762680300217e-08 3.563852352575830676e-03 -5.401113174763327862e-09 8.232611474695908371e-09 -3.400713744241039560e-01 -2.331227900607621417e-10
5.031778454264500544e-01 -5.558590712549087431e-01 1.525451323093097999e-09 -2.520110606915926810e-01 2.153126057741899801e-08 5.586545203409657952e-09 2.474248245046620220e-08 1.336800698801165754e-01 -1.451147712322413130e-01 -1.526807519966340287e-01 -3.900208278627241565e-10 6.241494909388796246e-03 -2.256953438402521661e-01 -1.486486970059958113e-08 -5.741911928771316456e-09 3.102105276367675760e-02 4.713245330983007082e-09 -1.123476146722030083e-08 1.822508604437443613e-01 2.084249345508937257e-08 1.918901811184597558e-08 -2.492151275480351535e-01 -2.217175216639275248e-01 -2.400381564706972198e-08 -3.563853043754914261e-03 7.074437647972394100e-09 -2.234822610994234397e-08 3.400713712215479023e-01 -5.014601632570429482e-09
2.390861009371088031e-01 -2.956520580817741800e-09 -5.615731306403666245e-01 5.092108955457442798e-01 -5.905307991303093695e-09 2.784107510070957215e-08 -1.139583185389902997e-01 7.016627002510988920e-09 1.171411477577220285e-02 -1.133978347475032150e-09 1.571907284269136451e-01 -1.494156904089294913e-01 -2.205535050001456998e-01 -7.020731950229536222e-09 -1.499538313054806884e-08 5.943292739570872618e-09 3.161154307132544444e-02 -7.538476188011351094e-09 -5.704336203914139869e-09 1.614397532571353877e-01 1.954427739819016713e-09 -1.211773001694779611e-01 3.126532297617687362e-01 7.184299953199009200e-03 -1.477441332775229158e-09 2.093613108277033417e-09 3.411634326715325127e-09 3.307805558662988733e-09 3.461596454938468126e-01
-2.390860932908136227e-01 3.302398838439003781e-09 -5.615731077768528756e-01 -5.092108808048374513e-01 5.231128881195284963e-09 -2.139917218595531084e-08 -1.139583202560831843e-01 6.620837600390672151e-09 -1.171411734335398892e-02 7.867605342714266425e-10 1.571907255912477486e-01 1.494156902792470043e-01 2.205535157485320197e-01 5.231998367969531438e-09 1.774500594423085743e-08 -1.700292713997233682e-08 3.161155698971918060e-02 2.092346825234964890e-08 -6.504561788495122343e-09 1.614397707186318032e-01 -1.754050087685379844e-10 1.211773013099756713e-01 -3.126532593824809525e-01 7.184297287640196462e-03 -7.299275292605767775e-09 -7.051061432326183060e-09 -3.912531176639307256e-09 -1.086142698336948174e-09 3.461596668817523703e-01
9.937145317363679786e-02 7.705076068262932398e-02 -6.512101617750014337e-02 3.513289736171503613e-02 -3.384326580704010157e-01 2.155671335406677675e-09 3.332342732416812559e-01 3.292421821827299921e-01 -1.242694061623192577e-02 -5.824679655675691833e-04 -3.395213796178730807e-03 -1.102467524765607387e-02 4.141349709767270793e-01 -1.327128130308119838e-02 -2.116407513857823560e-09 -1.313036019631065934e-03 1.706376422418446909e-03 -6.430192724792619970e-10 3.230942264818518761e-01 -3.305153674267783392e-01 -7.260476279724598081e-02 -2.529009907828444481e-01 5.611003397739086629e-02 4.789637439620998693e-03 6.833829026582742550e-03 1.579298517171349309e-02 -3.602309522754980065e-01 -1.767034868764886246e-01 1.594878821880828523e-01
-1.448199159627067362e-08 -2.006047113738075767e-03 -1.113830876512682082e-02 -1.371202891092032421e-08 2.214988371440365048e-09 9.885674065553075041e-01 -2.343445376366814874e-03 5.204163964462444301e-04 2.218772232625391429e-09 -1.029011361327997068e-03 5.843935454180605206e-03 7.457548505574512109e-09 1.706312127854261656e-08 2.852989066236751194e-09 2.468208773799394212e-02 -2.594790490403150671e-02 -1.444815182487363681e-01 1.866427996144681342e-02 -7.900126892697591999e-04 -4.063760212839375059e-03 6.688841771519053563e-10 7.539179909207560794e-09 -2.689610272137407844e-08 2.783813184500943277e-04 -6.479443778740570929e-05 -1.404191788492973496e-09 -2.498802681771814297e-09 -1.155870873514611586e-03 -6.411228344028142498e-03
-2.609107193479677234e-01 -2.944902353253164851e-01 1.485974131278166264e-02 1.297046308042277829e-01 -2.661328538284363221e-01 -5.694005416748996697e-09 3.371158747229543451e-01 -5.730098992364211774e-02 -8.490624805758345550e-02 9.223952920275643730e-02 2.493038613923822741e-02 1.151384887304445284e-02 -1.163693917638316394e-01 2.958871299636010588e-01 1.028443906689285970e-09 3.726598929243459674e-02 -1.405267857447981342e-02 3.260240734032968758e-09 -7.808045053293535820e-02 3.234137531222185391e-01 -1.268803451053349685e-01 -3.175870527411441824e-01 -2.082241332833692782e-01 -1.738533156803625523e-01 -1.588640459092963142e-02 -8.630038986907626053e-02 2.609171049223550920e-01 -3.791388583714924154e-01 -2.217310852241866082e-02
-1.245881889841785606e-01 -6.833489257933061077e-03 -2.914416810164829341e-01 -2.634689931962120868e-01 2.293659265309464512e-01 8.838867066006433295e-09 6.272013795031303185e-02 3.365214970841976516e-01 8.354028843326088971e-03 2.610081303574649653e-02 -9.673550328815797017e-02 -8.967913364481644445e-02 -1.094457094312363821e-01 3.285864363097240060e-01 -3.868938675839473005e-09 1.480307206168956363e-02 3.629967791506478331e-02 -4.403631434171603953e-10 -3.179599014507179522e-01 -6.260444903947011419e-02 -5.020952540118260587e-02 -1.877915650785528245e-01 3.312185090731897263e-01 1.223880642714808738e-02 -1.829062332923667156e-01 -1.895358801597113452e-01 -2.257817069653209052e-01 3.539793090680463938e-02 -3.826008373729011258e-01
-3.147958790019740605e-02 -3.280005347619547457e-02 -1.791791837477101773e-02 1.604270270627752154e-02 8.481549358280945916e-02 2.926146787679955088e-09 -1.208106514444066693e-01 1.283560343424882885e-02 -4.816173119051400109e-01 4.782341609777854829e-01 -6.918540168167692378e-03 -2.364862718051327292e-03 3.893682442393430615e-02 -1.554439083189972926e-01 -1.418336266167574992e-10 -2.365118602843435322e-02 5.587998291185222038e-03 -7.148033337340635802e-10 6.338042549842960727e-02 -1.242568445961780982e-01 -4.629083425666915552e-01 9.494339493948469877e-02 7.912351632063190088e-02 -4.685751942784939228e-01 5.047309307440687315e-03 -6.392010217442195552e-02 1.654069166435412352e-02 1.242963178906788813e-01 1.466563379581752036e-03
3.147958696717431670e-02 -3.280005225121890300e-02 1.791791789462224976e-02 -1.604270148096947207e-02 8.481549268524490870e-02 -1.664464268107504908e-09 1.208106507885237518e-01 1.283560490842710657e-02 4.816173101895974695e-01 4.782341591151514359e-01 6.918540610801628826e-03 2.364862308375915642e-03 -3.893682654761039530e-02 -1.554439087761209648e-01 2.230418523090475665e-09 -2.365118852880166225e-02 -5.587999051374307330e-03 6.771156680525050733e-10 6.338042555245412824e-02 1.242568452279749908e-01 -4.629083430362501694e-01 -9.494339998024414751e-02 -7.912351762342786921e-02 4.685751947459017575e-01 5.047308987515699771e-03 -6.392010218357030427e-02 1.654069152157672945e-02 1.242963230058671958e-01 -1.466563144098245210e-03
1.904424201790380286e-02 -1.575855479075144103e-02 3.356735728233273958e-02 2.943573623999928141e-02 6.952880406576769645e-02 3.023702434029269639e-09 1.484774937308953185e-02 1.259764314480045777e-01 3.704945075508519429e-03 7.598030392541317568e-03 4.766572736526474841e-01 4.801207670095117841e-01 -4.080242130355289654e-02 1.736168914622752413e-01 1.642672214822114931e-09 6.162892008836058297e-03 2.397431209420824993e-02 2.737173853016521267e-09 -1.325180962421908804e-01 -5.980761679816364029e-02 -1.087418360092801128e-01 -5.003556966003244039e-02 1.186287653431557926e-01 3.584610697504033491e-03 4.649869434810635638e-01 4.497701528229683943e-01 -3.008222285016618966e-02 3.462512864424055828e-03 -1.314764432726532317e-01
1.904424398594200402e-02 -1.575855569367581172e-02 -3.356736099238992466e-02 2.943574049084552932e-02 -6.952880701322636248e-02 -6.224465639955865911e-10 -1.484774957230389041e-02 1.259764365158265453e-01 3.704945064838976489e-03 7.598030433521745820e-03 -4.766572725335148086e-01 4.801207655713712330e-01 -4.080242246586376909e-02 -1.736168962762415779e-01 -7.107400697079718152e-10 6.162895439332922304e-03 -2.397431174090027678e-02 -8.787515060549004099e-10 -1.325181017095578562e-01 5.980761807212350151e-02 1.087418370781626648e-01 -5.003557268417668791e-02 1.186287699127244744e-01 -3.584610868959063786e-03 4.649869397802152138e-01 -4.497701493529060457e-01 3.008222800854767204e-02 3.462514339336506680e-03 1.314764485238863745e-01
-9.937145339130652733e-02 7.705075973736150163e-02 6.512101784530642534e-02 -3.513289854390746342e-02 -3.384326564546888960e-01 -3.307538477745773378e-09 -3.332342703113142512e-01 3.292421823209000786e-01 1.242694181519730066e-02 -5.824667591829346333e-04 3.395214041777389405e-03 1.102467480653604275e-02 -4.141349685066111341e-01 -1.327128583831510035e-02 2.716860620245122500e-09 -1.313041796120362811e-03 -1.706374998581007031e-03 1.812434150983460668e-09 3.230942225905300003e-01 3.305153716561245458e-01 -7.260476113658834163e-02 2.529009941011408635e-01 -5.611003046846896325e-02 -4.789639345119001135e-03 6.833829925174762787e-03 1.579298524906598555e-02 -3.602309547117040767e-01 -1.767034916473421147e-01 -1.594878817295744267e-01
-1.245881791341415107e-01 -6.833494665950878497e-03 2.914416703303562284e-01 -2.634689865283374455e-01 -2.293659121315022864e-01 3.538524539607114705e-09 -6.272012571982968354e-02 3.365214808329199947e-01 8.354025901233163784e-03 2.610080992500707006e-02 9.673550208104116088e-02 -8.967913251433168309e-02 -1.094456946503799821e-01 -3.285864292580852331e-01 -4.831915704103065102e-09 1.480306725299698062e-02 -3.629968150253530534e-02 -2.987051268739059120e-09 -3.179599100000570222e-01 6.260443320446913706e-02 5.020952604277566234e-02 -1.877915828256140618e-01 3.312185115953291681e-01 -1.223880664727379323e-02 -1.829062460231800635e-01 1.895358915560137469e-01 2.257817250646294849e-01 3.539794554829650552e-02 3.826008498570260263e-01
1.352437637962033774e-08 2.457484925336461765e-03 -6.757274308798516885e-03 7.994672078126630943e-09 2.367953227176221689e-09 -3.322648001101967397e-02 -1.421694963979282722e-03 -6.375240179456175297e-04 -3.646433329072763969e-09 1.260578941164303222e-03 3.545336317284130453e-03 -6.988401919365863337e-09 -3.350178938804252872e-09 6.519333743587775324e-09 9.793097189933536173e-01 3.178720060170207862e-02 -8.765251814189777002e-02 -1.762458978990196490e-01 9.677920101805408517e-04 -2.465363076946149035e-03 -6.708245185161850529e-10 -3.380780328091427566e-09 1.206799532378713966e-08 1.688873566095504264e-04 7.937503096611070268e-05 -6.293057785464620875e-10 -6.420120525122084947e-10 1.415983166659920238e-03 -3.889491945093227765e-03
-1.724679890913841275e-08 7.250941882572568831e-02 -2.488629268355596266e-02 -8.375811317978098375e-09 -8.672630279400218856e-10 -2.064242242989656681e-02 -5.235945126100143877e-03 -1.881059025237118848e-02 5.828937299983761103e-09 3.719405235613345434e-02 1.305708748359126793e-02 8.501843469691646121e-09 2.224172040493014712e-09 3.458832764554600411e-09 -6.558390843475679632e-02 9.378980493144367658e-01 -3.228143245645203607e-01 -2.728170366159425597e-02 2.855530570543692720e-02 -9.079661702463191070e-03 -1.840513533951388531e-09 1.065038383646268322e-08 -9.481972534392142920e-09 6.219871806635725959e-04 2.341998368951255481e-03 -1.658934330529859055e-09 -3.339424050870579141e-09 4.177939871463082905e-02 -1.432457151006000066e-02
5.041033975588202280e-09 -2.539277504711428754e-02 -7.067105262821522793e-02 -6.341494962902669369e-09 1.280715064238047477e-09 -1.395578071914768403e-01 -1.486880968397901771e-02 6.587462367228297776e-03 -3.006119955219888453e-09 -1.302534514433749055e-02 3.707895621123784985e-02 1.249441280632178257e-09 -1.659804619309204824e-09 -1.030139526088594683e-10 -9.719547209440640434e-02 -3.284515921255654058e-01 -9.167146807260282415e-01 -1.128929584420415022e-01 -1.000005807241216224e-02 -2.578404233830415906e-02 8.864574092572717352e-10 -3.035212179424502839e-09 -7.759316934951967831e-09 1.766295227354289666e-03 -8.201666472143372393e-04 -7.660984685656097568e-10 -1.903785489767581757e-09 -1.463113211620508530e-02 -4.067835279637143503e-02
2.912074066310318020e-08 -4.276317380003230562e-04 -9.864243242575156112e-03 4.662703871670193990e-09 2.714430877679689617e-09 -4.156913002114479699e-02 -2.075385720891856963e-03 1.109372504792449014e-04 -6.540090930325309984e-09 -2.193549891033278073e-04 5.175469498363123588e-03 -7.772274992753649706e-09 -5.697792508320819057e-09 2.604467346851086141e-09 1.630799190237983975e-01 -5.531357921787229646e-03 -1.279548939327078694e-01 9.772921347820373583e-01 -1.684095794756362645e-04 -3.598928309958163672e-03 -2.532569317223432558e-11 -7.919163776756862286e-09 1.255239516074599092e-08 2.465406027654098043e-04 -1.381246866674525341e-05 -2.746062777597001344e-10 -1.032168837847172258e-09 -2.464019127936180223e-04 -5.677878159522889608e-03
-9.937145211837343506e-02 7.705076291991015680e-02 -6.512100731155340272e-02 -3.513288787577389244e-02 3.384326488523695664e-01 5.194432281076868434e-09 3.332342707405950843e-01 3.292421663387810615e-01 1.242694045757494585e-02 -5.824693047461098130e-04 -3.395206022294716859e-03 1.102468272572442592e-02 -4.141349640091049888e-01 1.327126517969844099e-02 1.794549026591638261e-09 -1.313042320477441835e-03 1.706375262160322523e-03 4.941781854786037701e-09 3.230942398938594362e-01 -3.305153610550014553e-01 7.260476788373650125e-02 2.529010025819145580e-01 -5.611004849361402730e-02 4.789634077609704332e-03 6.833833329112838639e-03 -1.579297932340780961e-02 3.602309602385943554e-01 -1.767034917029112195e-01 1.594879010834471256e-01
9.937145137153054197e-02 7.705075720358497970e-02 6.512101778182441403e-02 3.513290213405833445e-02 3.384326491029221451e-01 -6.228939756616479293e-09 -3.332342619332450129e-01 3.292421756463088101e-01 -1.242694637226791562e-02 -5.824618168746072827e-04 3.395213002792878999e-03 -1.102467712647250617e-02 4.141349616219715535e-01 1.327128725925278384e-02 -4.468842277906922723e-09 -1.313030252745159190e-03 -1.706377256698018985e-03 -5.866264607915375017e-09 3.230942246739303414e-01 3.305153743435388924e-01 7.260476549972186278e-02 -2.529010072943318477e-01 5.611003208068213177e-02 -4.789636207038684701e-03 6.833829247714431898e-03 -1.579298491398015147e-02 3.602309602998350901e-01 -1.767035023696016394e-01 -1.594878900771576902e-01
3.147958970066939977e-02 -3.280005622713905861e-02 -1.791791859655759642e-02 -1.604270333028040216e-02 -8.481550028317656753e-02 -1.449683804436139509e-09 -1.208106610835435607e-01 1.283559567276899155e-02 4.816172888683385445e-01 4.782341385905699016e-01 -6.918541365550697625e-03 2.364861781604212128e-03 -3.893680943886236590e-02 1.554439208587698462e-01 3.659309296996497307e-09 -2.365118637097867946e-02 5.587999718386322395e-03 3.051348973745306285e-09 6.338041242151840060e-02 -1.242568565520490997e-01 4.629083705977738994e-01 -9.494336891471227835e-02 -7.912349678998059632e-02 -4.685752219320935552e-01 5.047308133995280499e-03 6.392010516502197315e-02 -1.654068919706604829e-02 1.242962849045074897e-01 1.466563872507716838e-03
-2.609106919659232582e-01 2.944902037011650764e-01 -1.485973816597094613e-02 1.297046119642663864e-01 -2.661328454939242416e-01 -3.200127109429166113e-10 -3.371158669199426638e-01 5.730099520689088677e-02 -8.490626814463393679e-02 -9.223954937606190785e-02 -2.493038787841773962e-02 1.151385121320663320e-02 -1.163694011946326545e-01 2.958871342620915668e-01 5.116278128881827774e-09 -3.726599129046887643e-02 1.405267851709079627e-02 8.064881790707944472e-09 7.808045761192160261e-02 -3.234137627330569975e-01 -1.268803138543725950e-01 -3.175870770169776369e-01 -2.082241519729862711e-01 1.738532847930466252e-01 1.588640421423097651e-02 -8.630038501941730833e-02 2.609171069428609102e-01 3.791388883474298699e-01 2.217310937535252324e-02
1.245881767893993464e-01 -6.833493817033246126e-03 -2.914416606974851720e-01 2.634689771560682070e-01 -2.293659113924447490e-01 -2.024362656529616356e-09 6.272012860466721906e-02 3.365214794740262749e-01 -8.354027352896196620e-03 2.610081070694034167e-02 -9.673550226175364752e-02 8.967913268408776728e-02 1.094456994837852137e-01 -3.285864278541097971e-01 6.473419123922408134e-09 1.480307310124421086e-02 3.629967685615365092e-02 5.151394507154013927e-09 -3.179599078282487890e-01 -6.260443905734414116e-02 5.020952418712792964e-02 1.877915840430849359e-01 -3.312185205094073104e-01 1.223880550939824598e-02 -1.829062477940974207e-01 1.895358932618265158e-01 2.257817225684989881e-01 3.539794383242796799e-02 -3.826008582127053970e-01
-3.147959053747543395e-02 -3.280005744395504685e-02 1.791791944512897278e-02 1.604270520039057651e-02 -8.481550270944733516e-02 8.831643319344276578e-10 1.208106644496284854e-01 1.283559536448850534e-02 -4.816172882840056846e-01 4.782341383415493752e-01 6.918541623631046383e-03 -2.364861442874006785e-03 3.893680744899945256e-02 1.554439232157283912e-01 -3.550470935213037649e-09 -2.365118075041146989e-02 -5.587999561279055095e-03 -3.340193489283197394e-09 6.338040894518066903e-02 1.242568562399255228e-01 4.629083698837694882e-01 9.494337170273911553e-02 7.912349463404680372e-02 4.685752215825268463e-01 5.047306907081436540e-03 6.392010416390786487e-02 -1.654069118911884184e-02 1.242962867120678272e-01 -1.466561399170613136e-03
-1.904424033427379315e-02 -1.575855489835521067e-02 -3.356735456434976894e-02 -2.943573420555327391e-02 6.952880446412543214e-02 -3.167541371826719304e-09 -1.484775043080056173e-02 1.259764315140589341e-01 -3.704944804554161520e-03 7.598030683551908193e-03 -4.766572647500316728e-01 -4.801207581293892579e-01 4.080242325598691655e-02 1.736168911705573692e-01 -5.904855731663014797e-09 6.162898216527988235e-03 -2.397431220353410386e-02 -3.182627106666363644e-09 -1.325180932858434635e-01 5.980761549467736998e-02 -1.087418369483135333e-01 5.003557742443352080e-02 -1.186287730014848885e-01 -3.584610009883494857e-03 4.649869505812911918e-01 4.497701595783216155e-01 -3.008221837478086691e-02 3.462510639245852673e-03 1.314764542346342491e-01
1.904424363809702203e-02 1.575855641241513325e-02 -3.356736102652137232e-02 2.943574078288938023e-02 6.952880655799409393e-02 -4.865336342923536393e-10 -1.484775074159079208e-02 -1.259764361691420864e-01 3.704945411591983005e-03 -7.598030173969348884e-03 -4.766572645940168051e-01 4.801207577330068310e-01 -4.080242466510595328e-02 1.736168966940354608e-01 -1.238170054280889514e-09 -6.162896283781043108e-03 -2.397431199899782359e-02 -1.940840859267643852e-09 1.325181014149516834e-01 5.980761960124703763e-02 -1.087418383986960835e-01 -5.003557219115090798e-02 1.186287714031311613e-01 -3.584611013508265387e-03 -4.649869475510275407e-01 4.497701568416605511e-01 -3.008222696466184010e-02 -3.462514444993227899e-03 1.314764494301613462e-01
-2.609107220708919983e-01 2.944902384454639588e-01 1.485974153944246215e-02 1.297046326671919270e-01 2.661328457741357068e-01 -5.496885900854458925e-09 3.371158659326209950e-01 5.730098088304794862e-02 -8.490625033121376730e-02 -9.223953096271611529e-02 2.493038355467070560e-02 1.151384607654722288e-02 -1.163693777625100512e-01 -2.958871271901856170e-01 6.455744210348029025e-09 -3.726598800494691083e-02 -1.405267811225836827e-02 4.662841082618851599e-09 7.808043496582663112e-02 3.234137616774619417e-01 1.268803434888973736e-01 -3.175870586634962911e-01 -2.082241251304232654e-01 -1.738533171209968864e-01 1.588640505161099947e-02 8.630039095817332306e-02 -2.609171180998866579e-01 3.791388596142765133e-01 -2.217311779301479185e-02
2.609107021921394098e-01 2.944902146500791296e-01 1.485973915425036276e-02 -1.297046163570624577e-01 -2.661328422290553108e-01 1.633430607169001280e-09 3.371158631321061194e-01 5.730098967356149486e-02 8.490626307913913540e-02 -9.223954400749903582e-02 2.493038743994993936e-02 -1.151385121321331709e-02 1.163693925850752264e-01 2.958871329043904486e-01 -4.660580643958353714e-09 -3.726598749162310376e-02 -1.405268049350347388e-02 -5.310489823437698473e-09 7.808045029285717864e-02 3.234137652540491903e-01 -1.268803163618175411e-01 3.175870742653813528e-01 2.082241459170684206e-01 -1.738532883978262666e-01 1.588640410336749145e-02 -8.630038623070870885e-02 2.609171113391021146e-01 3.791388832745543058e-01 -2.217311204756488435e-02
1.245881891494513283e-01 -6.833492556318574579e-03 2.914416904244788165e-01 2.634690036204591634e-01 2.293659168609827881e-01 -1.488669202036680695e-08 -6.272012732872080110e-02 3.365214840000367857e-01 -8.354024699720604200e-03 2.610080887839081459e-02 9.673549550156401722e-02 8.967912640810446478e-02 1.094456933115482145e-01 3.285864275630530629e-01 -6.690241691138803671e-09 1.480306159182040796e-02 -3.629967410491816149e-02 -1.772372600283010906e-09 -3.179599077037285060e-01 6.260443181267129342e-02 -5.020952658664107338e-02 1.877915753145530664e-01 -3.312185027398509840e-01 -1.223880756341632486e-02 -1.829062439897450321e-01 -1.895358893474702877e-01 -2.257817209571372497e-01 3.539794115954012638e-02 3.826008379085881206e-01
