 # List of sign-inconsistent amplitudes in the trial wave function.
 # (Det. Index, FCI Amp., Trial Wfn. Amp., Occupation Numbers ...)

    133  7.28805345125E-02 -2.31090248504E-02    1  2  4  7  9 10 11 12 13 14
    134 -7.28805345125E-02  2.31090248504E-02    1  2  3  8  9 10 11 12 13 14
    135  7.21067553987E-02 -2.23514521831E-02    1  2  3  4  6  9 10 11 12 13
    136 -7.21067553987E-02  2.23514521831E-02    1  2  3  4  5  9 10 11 12 14
    137 -7.10346200823E-02  2.24570689879E-02    1  2  3  4  6  9 10 11 13 14
    138  7.10346200823E-02 -2.24570689879E-02    1  2  3  4  5  9 10 12 13 14
    139 -6.81808920348E-02  2.13231804355E-02    2  3  4  7  9 10 11 12 13 14
    140  6.81808920348E-02 -2.13231804355E-02    1  3  4  8  9 10 11 12 13 14
    141  4.74221877527E-02 -7.13544180326E-02    1  2  3  4  5  6  9 10 11 12
    142  4.56494719483E-02 -6.49401582832E-02    3  4  7  8  9 10 11 12 13 14
    143  4.21818583532E-02 -7.16915874289E-02    1  2  3  4  5  6  9 10 11 14
    144 -4.21818583532E-02  7.16915874289E-02    1  2  3  4  5  6  9 10 12 13
    145  4.08587114363E-02 -7.03789819768E-02    1  4  7  8  9 10 11 12 13 14
    146 -4.08587114363E-02  7.03789819768E-02    2  3  7  8  9 10 11 12 13 14
    147  3.96343240548E-02 -7.20303500441E-02    1  2  3  4  5  6  9 10 13 14
    148  3.75081766968E-02 -7.62733143101E-02    1  2  7  8  9 10 11 12 13 14
    149 -3.09344759854E-02  1.09461834451E-02    1  2  3  4  7  9 10 11 12 14
    150  3.09344759854E-02 -1.09461834451E-02    1  2  3  4  8  9 10 11 12 13
    151  3.08041003297E-02 -1.03649242128E-02    2  3  4  5  9 10 11 12 13 14
    152 -3.08041003297E-02  1.03649242128E-02    1  3  4  6  9 10 11 12 13 14
    153 -2.88223111099E-02  8.07190606348E-03    1  2  3  4  7  9 10 12 13 14
    154  2.88223111099E-02 -8.07190606348E-03    1  2  3  4  8  9 10 11 13 14
    156 -2.65921088143E-02  2.45831459803E-02    2  3  4  7  8  9 10 11 13 14
    157  2.65921088143E-02 -2.45831459803E-02    1  3  4  7  8  9 10 12 13 14
    158 -2.61624141992E-02  7.76858913615E-03    1  2  3  6  9 10 11 12 13 14
    159  2.61624141992E-02 -7.76858913615E-03    1  2  4  5  9 10 11 12 13 14
    160  2.54749733115E-02 -2.48003195588E-02    1  2  4  5  6  9 10 11 12 13
    161 -2.54749733115E-02  2.48003195588E-02    1  2  3  5  6  9 10 11 12 14
    162 -2.43504745001E-02  6.83934377924E-02    2  3  4  6  7  9 10 11 13 14
    163 -2.43504745001E-02  6.83934377924E-02    1  3  4  5  8  9 10 12 13 14
    164  2.36234044078E-02 -6.80717797714E-02    2  3  4  6  7  9 10 11 12 13
    165  2.36234044078E-02 -6.80717797714E-02    1  3  4  5  8  9 10 11 12 14
    166 -2.24327609669E-02  7.37728808846E-02    1  2  3  5  8  9 10 11 12 14
    167 -2.24327609669E-02  7.37728808846E-02    1  2  4  6  7  9 10 11 12 13
    168  1.97116157873E-02 -3.32451719158E-02    1  3  4  5  6  9 10 12 13 14
    169 -1.97116157873E-02  3.32451719158E-02    2  3  4  5  6  9 10 11 13 14
    176 -1.77988085717E-02  2.58903875474E-02    1  2  3  4  5  8  9 10 13 14
    177  1.77988085717E-02 -2.58903875474E-02    1  2  3  4  6  7  9 10 13 14
    178 -1.73953796609E-02  3.61288152922E-02    1  2  3  7  8  9 10 11 12 14
    179  1.73953796609E-02 -3.61288152922E-02    1  2  4  7  8  9 10 11 12 13
    180  1.73360934872E-02 -9.30596848336E-03    1  2  3  4  7  8  9 10 13 14
    181  1.72783354005E-02 -2.66420167985E-02    1  2  4  7  8  9 10 11 13 14
    182 -1.72783354005E-02  2.66420167985E-02    1  2  3  7  8  9 10 12 13 14
    185  1.69306684865E-02 -1.19495516051E-02    1  3  4  6  7  9 10 12 13 14
    186  1.69306684865E-02 -1.19495516051E-02    2  3  4  5  8  9 10 11 13 14
    191  1.67162143371E-02 -1.21454680065E-02    1  2  4  5  8  9 10 11 12 13
    192  1.67162143371E-02 -1.21454680065E-02    1  2  3  6  7  9 10 11 12 14
    193  1.62428718256E-02 -8.61973045507E-03    1  2  5  6  9 10 11 12 13 14
    196  1.60461189694E-02 -7.41214781881E-02    1  2  4  6  7  9 10 11 13 14
    197  1.60461189694E-02 -7.41214781881E-02    1  2  3  5  8  9 10 12 13 14
    198  1.59536488796E-02 -2.56408933204E-02    1  2  5  8  9 10 11 12 13 14
    199 -1.59536488796E-02  2.56408933204E-02    1  2  6  7  9 10 11 12 13 14
    200 -1.54804086670E-02  2.49175079405E-02    1  2  4  5  6  9 10 11 13 14
    201  1.54804086670E-02 -2.49175079405E-02    1  2  3  5  6  9 10 12 13 14
    202 -1.38910582764E-02  8.42763766692E-02    2  3  4  5  7  9 10 11 12 14
    203 -1.38910582764E-02  8.42763766692E-02    1  3  4  6  8  9 10 11 12 13
    204  1.36390487504E-02 -3.15665770877E-02    3  4  6  7  9 10 11 12 13 14
    205 -1.36390487504E-02  3.15665770877E-02    3  4  5  8  9 10 11 12 13 14
    208 -1.29778927705E-02  3.30888180820E-02    1  3  4  5  6  9 10 11 12 14
    209  1.29778927705E-02 -3.30888180820E-02    2  3  4  5  6  9 10 11 12 13
    214  1.26088556101E-02 -1.53441077967E-02    3  4  5  6  9 10 11 12 13 14
    217 -1.20667341204E-02  1.79302144227E-03    1  2  5  7  8 10 11 12 13 14
    218  1.20667341204E-02 -1.79302144227E-03    1  2  6  7  8  9 11 12 13 14
    219  1.20203344888E-02 -3.49444207475E-02    1  2  3  4  5  8  9 10 11 12
    220 -1.20203344888E-02  3.49444207475E-02    1  2  3  4  6  7  9 10 11 12
    221 -1.18927140886E-02  1.65445837658E-03    2  3  6  7  8  9 11 12 13 14
    222 -1.18927140886E-02  1.65445837658E-03    1  4  5  7  8 10 11 12 13 14
    223  1.18102221721E-02 -1.71133417530E-02    1  2  3  4  7  8  9 10 11 12
    226  1.11202329812E-02 -3.33368133179E-02    1  3  4  7  8  9 10 11 12 14
    227 -1.11202329812E-02  3.33368133179E-02    2  3  4  7  8  9 10 11 12 13
    228 -1.10867600004E-02  8.30777575467E-02    1  2  4  5  7  9 10 12 13 14
    229 -1.10867600004E-02  8.30777575467E-02    1  2  3  6  8  9 10 11 13 14
    236  9.63585428844E-03 -1.73424163458E-03    1  2  3  5  6  8  9 11 12 14
    237  9.63585428844E-03 -1.73424163458E-03    1  2  4  5  6  7 10 11 12 13
    238  9.51930700511E-03 -3.52534111700E-03    1  4  6  7  8  9 11 12 13 14
    239  9.51930700511E-03 -3.52534111700E-03    2  3  5  7  8 10 11 12 13 14
    242  8.91404025182E-03 -2.89708491196E-03    1  3  4  5  6  8 10 11 12 13
    243  8.91404025182E-03 -2.89708491196E-03    2  3  4  5  6  7  9 11 12 14
    244 -8.87764186937E-03  1.74243640684E-03    1  2  4  5  6  7 10 11 13 14
    245 -8.87764186937E-03  1.74243640684E-03    1  2  3  5  6  8  9 12 13 14
    246 -8.75840787725E-03  3.25290596297E-03    3  4  5  7  8 10 11 12 13 14
    247  8.75840787725E-03 -3.25290596297E-03    3  4  6  7  8  9 11 12 13 14
    252  8.42155602909E-03 -2.85588117834E-03    1  2  4  5  6  7  9 12 13 14
    253  8.42155602909E-03 -2.85588117834E-03    1  2  3  5  6  8 10 11 13 14
    254 -8.28235345748E-03  2.57686236606E-02    1  2  3  4  6  7  9 10 12 13
    255 -8.28235345748E-03  2.57686236606E-02    1  2  3  4  5  8  9 10 11 14
    256 -8.14505858408E-03  5.78697078625E-02    2  4  5  7  9 10 11 12 13 14
    257 -8.14505858408E-03  5.78697078625E-02    1  3  6  8  9 10 11 12 13 14
    258  7.75542543377E-03 -6.08781664786E-02    1  2  3  4  5  7  9 10 12 14
    259  7.75542543377E-03 -6.08781664786E-02    1  2  3  4  6  8  9 10 11 13
    262  7.41980192878E-03 -5.64438861873E-02    1  3  4  6  8  9 10 11 13 14
    263  7.41980192878E-03 -5.64438861873E-02    2  3  4  5  7  9 10 12 13 14
    266 -7.21893199707E-03  7.94395889695E-04    1  2  4  6  7  9 11 12 13 14
    267 -7.21893199707E-03  7.94395889695E-04    1  2  3  5  8 10 11 12 13 14
    268  7.17654585810E-03 -5.43243432406E-04    1  2  4  5  7 10 11 12 13 14
    269  7.17654585810E-03 -5.43243432406E-04    1  2  3  6  8  9 11 12 13 14
    270 -7.04429319203E-03  3.40977146010E-03    2  3  4  5  6  7 10 11 12 13
    271 -7.04429319203E-03  3.40977146010E-03    1  3  4  5  6  8  9 11 12 14
    272  6.89892143965E-03 -2.36593884137E-02    2  3  6  7  9 10 11 12 13 14
    273  6.89892143965E-03 -2.36593884137E-02    1  4  5  8  9 10 11 12 13 14
    274 -6.87516973624E-03  1.06809565332E-03    1  3  4  6  8  9 11 12 13 14
    275 -6.87516973624E-03  1.06809565332E-03    2  3  4  5  7 10 11 12 13 14
    276  6.67319013540E-03 -7.71984253513E-04    1  2  3  4  5  6  9 12 13 14
    277 -6.67319013540E-03  7.71984253513E-04    1  2  3  4  5  6 10 11 13 14
    278  6.66335286511E-03 -1.98932920629E-03    2  4  5  6  7  9 11 12 13 14
    279  6.66335286511E-03 -1.98932920629E-03    1  3  5  6  8 10 11 12 13 14
    280 -6.61836343131E-03  7.68353569997E-04    1  2  3  4  5  6  9 11 12 14
    281  6.61836343131E-03 -7.68353569997E-04    1  2  3  4  5  6 10 11 12 13
    282  6.55877500263E-03 -7.33005698112E-04    1  3  4  5  8 10 11 12 13 14
    283  6.55877500263E-03 -7.33005698112E-04    2  3  4  6  7  9 11 12 13 14
    284  6.53427459715E-03 -3.42588357504E-03    2  3  4  5  6  7 10 11 13 14
    285  6.53427459715E-03 -3.42588357504E-03    1  3  4  5  6  8  9 12 13 14
    288 -6.06587295736E-03  2.11850408227E-03    1  2  4  5  6  7  9 11 12 14
    289 -6.06587295736E-03  2.11850408227E-03    1  2  3  5  6  8 10 11 12 13
    290  5.71654298005E-03 -6.16274128782E-02    1  2  4  5  7  9 10 11 12 14
    291  5.71654298005E-03 -6.16274128782E-02    1  2  3  6  8  9 10 11 12 13
    292 -5.64864792618E-03  2.09274798637E-03    1  2  3  4  5  6  7  9 12 14
    293 -5.64864792618E-03  2.09274798637E-03    1  2  3  4  5  6  8 10 11 13
    294 -5.48360835906E-03  3.04831419220E-03    1  2  3  5  6  7  8 10 11 12
    295  5.48360835906E-03 -3.04831419220E-03    1  2  4  5  6  7  8  9 11 12
    296 -5.38382438260E-03  8.49310680791E-04    1  2  4  5  7  8 10 11 12 13
    297 -5.38382438260E-03  8.49310680791E-04    1  2  3  6  7  8  9 11 12 14
    300 -5.32691315364E-03  1.94031515721E-03    2  3  4  5  6  7  9 12 13 14
    301 -5.32691315364E-03  1.94031515721E-03    1  3  4  5  6  8 10 11 13 14
    304 -4.94869959889E-03  3.01125376201E-03    1  2  3  4  5  6  7  8  9 12
    305  4.94869959889E-03 -3.01125376201E-03    1  2  3  4  5  6  7  8 10 11
    306 -4.53112316862E-03  6.26296468394E-04    1  2  3  6  7  8  9 12 13 14
    307 -4.53112316862E-03  6.26296468394E-04    1  2  4  5  7  8 10 11 13 14
    310 -4.44878353873E-03  6.02762210327E-04    1  2  5  6  8  9 11 12 13 14
    311  4.44878353873E-03 -6.02762210327E-04    1  2  5  6  7 10 11 12 13 14
    312  4.12979164545E-03 -1.23139000985E-03    1  3  4  6  7  8  9 12 13 14
    313  4.12979164545E-03 -1.23139000985E-03    2  3  4  5  7  8 10 11 13 14
    314 -3.99281372993E-03  8.04210973045E-04    1  4  5  6  7 10 11 12 13 14
    315 -3.99281372993E-03  8.04210973045E-04    2  3  5  6  8  9 11 12 13 14
    318  3.63944047132E-03 -1.58119582018E-03    3  4  5  6  8  9 11 12 13 14
    319 -3.63944047132E-03  1.58119582018E-03    3  4  5  6  7 10 11 12 13 14
    320  3.62373886092E-03 -1.66986840955E-03    1  3  4  6  7  8  9 11 12 14
    321  3.62373886092E-03 -1.66986840955E-03    2  3  4  5  7  8 10 11 12 13
    324 -3.54504237981E-03  4.10932563220E-03    1  2  3  5  6  7  8 10 11 14
    325 -3.54504237981E-03  4.10932563220E-03    1  2  4  5  6  7  8  9 12 13
    328  3.42373699838E-03 -3.76286026473E-04    1  2  3  4  5  8 10 11 12 13
    329  3.42373699838E-03 -3.76286026473E-04    1  2  3  4  6  7  9 11 12 14
    336 -3.22844859664E-03  1.00349947144E-03    1  2  3  4  5  7 10 12 13 14
    337 -3.22844859664E-03  1.00349947144E-03    1  2  3  4  6  8  9 11 13 14
    338  2.94148963333E-03 -4.21500746563E-05    1  2  5  6  7  8 11 12 13 14
    341  2.69789135632E-03 -2.77479860805E-04    1  2  3  4  6  7  9 12 13 14
    342  2.69789135632E-03 -2.77479860805E-04    1  2  3  4  5  8 10 11 13 14
    343 -2.67053963240E-03  1.18511823324E-03    2  3  5  6  7 10 11 12 13 14
    344 -2.67053963240E-03  1.18511823324E-03    1  4  5  6  8  9 11 12 13 14
    345  2.65921837428E-03 -1.62940736266E-04    3  4  5  6  7  8 11 12 13 14
    346  2.45114292625E-03 -8.28731814170E-05    1  4  5  6  7  8 11 12 13 14
    347 -2.45114292625E-03  8.28731814170E-05    2  3  5  6  7  8 11 12 13 14
    348 -2.44393465625E-03  3.56304657810E-04    1  3  4  5  6 10 11 12 13 14
    349  2.44393465625E-03 -3.56304657810E-04    2  3  4  5  6  9 11 12 13 14
    354  2.15773428571E-03 -2.67053037436E-04    1  2  4  5  6  9 11 12 13 14
    355 -2.15773428571E-03  2.67053037436E-04    1  2  3  5  6 10 11 12 13 14
    360  1.94074249586E-03 -1.71301909580E-05    1  2  3  4  5  6  7  8 11 12
    371 -1.43113935777E-03  1.53086422748E-04    2  3  4  5  6  7  8 11 13 14
    372  1.43113935777E-03 -1.53086422748E-04    1  3  4  5  6  7  8 12 13 14
    375  1.37798012759E-03 -1.43828077415E-04    1  2  3  4  5  6  7  8 13 14
    376  1.27712519251E-03 -3.31213589022E-03    1  2  4  6  7  8  9 11 13 14
    377  1.27712519251E-03 -3.31213589022E-03    1  2  3  5  7  8 10 12 13 14
    378  1.24614127149E-03 -3.42103194488E-02    2  3  5  8  9 10 11 12 13 14
    379  1.24614127149E-03 -3.42103194488E-02    1  4  6  7  9 10 11 12 13 14
    380 -1.21780990048E-03  3.05617704214E-03    1  3  4  5  7  8 10 12 13 14
    381 -1.21780990048E-03  3.05617704214E-03    2  3  4  6  7  8  9 11 13 14
    382 -1.20736082601E-03  1.48556841783E-03    2  3  4  5  6  8  9 11 13 14
    383 -1.20736082601E-03  1.48556841783E-03    1  3  4  5  6  7 10 12 13 14
    384  1.17910214347E-03 -1.15691812824E-03    1  2  3  4  6  7  8  9 13 14
    385 -1.17910214347E-03  1.15691812824E-03    1  2  3  4  5  7  8 10 13 14
    386 -1.15070653615E-03  4.16861365860E-03    2  3  4  5  6  7  8  9 11 12
    387  1.15070653615E-03 -4.16861365860E-03    1  3  4  5  6  7  8 10 11 12
    388 -9.10799089354E-04  6.89361873787E-04    2  3  4  7  8  9 11 12 13 14
    389  9.10799089354E-04 -6.89361873787E-04    1  3  4  7  8 10 11 12 13 14
    392  7.89608596460E-04 -2.26352814787E-04    1  2  3  4  8  9 11 12 13 14
    393 -7.89608596460E-04  2.26352814787E-04    1  2  3  4  7 10 11 12 13 14
    395  7.59725834280E-04 -3.67168585559E-05    1  3  4  5  6  8 11 12 13 14
    396 -7.59725834280E-04  3.67168585559E-05    2  3  4  5  6  7 11 12 13 14
    397 -7.56483230392E-04  1.86745374416E-05    1  2  3  5  6  8 11 12 13 14
    398  7.56483230392E-04 -1.86745374416E-05    1  2  4  5  6  7 11 12 13 14
    399  7.19531558476E-04 -4.96367044760E-05    1  2  3  4  5  6  7  8 11 14
    400 -7.19531558476E-04  4.96367044760E-05    1  2  3  4  5  6  7  8 12 13
    401  6.41966126593E-04 -3.21869333152E-03    1  2  3  4  5  6  8  9 13 14
    402 -6.41966126593E-04  3.21869333152E-03    1  2  3  4  5  6  7 10 13 14
    403  5.67532622225E-04 -7.78611854566E-05    1  2  4  5  6  7  8 11 13 14
    404 -5.67532622225E-04  7.78611854566E-05    1  2  3  5  6  7  8 12 13 14
    405  5.30557361759E-04 -7.26019610634E-04    1  2  3  4  6  7 10 11 13 14
    406  5.30557361759E-04 -7.26019610634E-04    1  2  3  4  5  8  9 12 13 14
    411 -3.99510592019E-04  3.44963000638E-05    1  2  3  4  5  6  7 12 13 14
    412  3.99510592019E-04 -3.44963000638E-05    1  2  3  4  5  6  8 11 13 14
    415  3.16394531981E-04 -3.35089955207E-04    2  3  4  5  8  9 11 12 13 14
    416  3.16394531981E-04 -3.35089955207E-04    1  3  4  6  7 10 11 12 13 14
    417  2.95767595391E-04 -3.20355564345E-03    1  2  3  4  5  6  8  9 11 14
    418  2.95767595391E-04 -3.20355564345E-03    1  2  3  4  5  6  7 10 12 13
    419  2.52077107355E-04 -3.45307034841E-05    2  3  4  5  7  8 11 12 13 14
    420 -2.52077107355E-04  3.45307034841E-05    1  3  4  6  7  8 11 12 13 14
    423  2.23766127259E-04 -7.47096837663E-04    1  2  4  7  8  9 11 12 13 14
    424 -2.23766127259E-04  7.47096837663E-04    1  2  3  7  8 10 11 12 13 14
    425  2.03780251465E-04 -3.24423590593E-05    1  2  3  4  5  7  8 12 13 14
    426 -2.03780251465E-04  3.24423590593E-05    1  2  3  4  6  7  8 11 13 14
    427 -1.70310795247E-04  2.60958458134E-04    1  2  3  4  7  8  9 12 13 14
    428  1.70310795247E-04 -2.60958458134E-04    1  2  3  4  7  8 10 11 13 14
    430 -1.27367958651E-04  7.22605101308E-04    1  2  3  4  6  7 10 11 12 13
    431 -1.27367958651E-04  7.22605101308E-04    1  2  3  4  5  8  9 11 12 14
    432 -1.18171455781E-04  1.11962268986E-05    1  2  3  4  5  7  8 11 12 14
    433  1.18171455781E-04 -1.11962268986E-05    1  2  3  4  6  7  8 11 12 13
    434  1.04089002990E-04 -3.53881615051E-04    1  2  3  4  7  8 10 11 12 13
    435 -1.04089002990E-04  3.53881615051E-04    1  2  3  4  7  8  9 11 12 14
    436 -7.38147409791E-05  7.78110486493E-06    1  2  3  4  6  7 11 12 13 14
    437  7.38147409791E-05 -7.78110486493E-06    1  2  3  4  5  8 11 12 13 14
    438  4.67256534617E-05 -1.75626385388E-05    1  2  3  6  7  8 11 12 13 14
    439 -4.67256534617E-05  1.75626385388E-05    1  2  4  5  7  8 11 12 13 14
    440  4.23866327730E-05 -2.51152457288E-04    1  2  4  5  8  9 11 12 13 14
    441  4.23866327730E-05 -2.51152457288E-04    1  2  3  6  7 10 11 12 13 14
