 # List of spurious nodes in the trial wave function.
 # (Det. Index, FCI Amp., Trial Wfn. Amp., Occupation Numbers ...)

    135  7.21067553987E-02  3.63370654979E-18    1  2  3  4  6  9 10 11 12 13
    136 -7.21067553987E-02 -3.63370654979E-18    1  2  3  4  5  9 10 11 12 14
    137 -7.10346200823E-02 -2.04987979555E-19    1  2  3  4  6  9 10 11 13 14
    138  7.10346200823E-02  2.04987979555E-19    1  2  3  4  5  9 10 12 13 14
    141  4.74221877527E-02 -2.14120689413E-14    1  2  3  4  5  6  9 10 11 12
    143  4.21818583532E-02 -1.08860234809E-22    1  2  3  4  5  6  9 10 11 14
    144 -4.21818583532E-02  1.08860234809E-22    1  2  3  4  5  6  9 10 12 13
    147  3.96343240548E-02 -1.22264116820E-15    1  2  3  4  5  6  9 10 13 14
    155 -2.82839266545E-02  1.65781176027E-15    1  2  3  4  9 10 11 12 13 14
    158 -2.61624141992E-02 -3.05885038828E-14    1  2  3  6  9 10 11 12 13 14
    159  2.61624141992E-02  3.05885038828E-14    1  2  4  5  9 10 11 12 13 14
    160  2.54749733115E-02 -1.49538114543E-17    1  2  4  5  6  9 10 11 12 13
    161 -2.54749733115E-02  1.49538114543E-17    1  2  3  5  6  9 10 11 12 14
    168  1.97116157873E-02 -1.29850155760E-12    1  3  4  5  6  9 10 12 13 14
    169 -1.97116157873E-02  1.29850155760E-12    2  3  4  5  6  9 10 11 13 14
    200 -1.54804086670E-02  9.01043321113E-19    1  2  4  5  6  9 10 11 13 14
    201  1.54804086670E-02 -9.01043321113E-19    1  2  3  5  6  9 10 12 13 14
    236  9.63585428844E-03 -1.18054745926E-15    1  2  3  5  6  8  9 11 12 14
    237  9.63585428844E-03 -1.18054745926E-15    1  2  4  5  6  7 10 11 12 13
    244 -8.87764186937E-03  1.39358115650E-15    1  2  4  5  6  7 10 11 13 14
    245 -8.87764186937E-03  1.39358115650E-15    1  2  3  5  6  8  9 12 13 14
    266 -7.21893199707E-03  1.04030807305E-12    1  2  4  6  7  9 11 12 13 14
    267 -7.21893199707E-03  1.04030807305E-12    1  2  3  5  8 10 11 12 13 14
    268  7.17654585810E-03  7.41271439810E-23    1  2  4  5  7 10 11 12 13 14
    269  7.17654585810E-03  7.41271439810E-23    1  2  3  6  8  9 11 12 13 14
    270 -7.04429319203E-03  1.93577604524E-15    2  3  4  5  6  7 10 11 12 13
    271 -7.04429319203E-03  1.93577604524E-15    1  3  4  5  6  8  9 11 12 14
    274 -6.87516973624E-03 -1.16880778847E-22    1  3  4  6  8  9 11 12 13 14
    275 -6.87516973624E-03 -1.16880778847E-22    2  3  4  5  7 10 11 12 13 14
    282  6.55877500263E-03  1.77152068570E-13    1  3  4  5  8 10 11 12 13 14
    283  6.55877500263E-03  1.77152068570E-13    2  3  4  6  7  9 11 12 13 14
    284  6.53427459715E-03 -2.10356942016E-15    2  3  4  5  6  7 10 11 13 14
    285  6.53427459715E-03 -2.10356942016E-15    1  3  4  5  6  8  9 12 13 14
    286  6.25720815396E-03 -3.23717261195E-16    1  2  3  4  5  6  7 10 11 12
    287 -6.25720815396E-03  3.23717261195E-16    1  2  3  4  5  6  8  9 11 12
    298  5.35288120755E-03 -1.25375688675E-16    1  2  3  4  5  6  7 10 11 14
    299  5.35288120755E-03 -1.25375688675E-16    1  2  3  4  5  6  8  9 12 13
    310 -4.44878353873E-03  3.57493379616E-16    1  2  5  6  8  9 11 12 13 14
    311  4.44878353873E-03 -3.57493379616E-16    1  2  5  6  7 10 11 12 13 14
    314 -3.99281372993E-03  5.23876632620E-16    1  4  5  6  7 10 11 12 13 14
    315 -3.99281372993E-03  5.23876632620E-16    2  3  5  6  8  9 11 12 13 14
    318  3.63944047132E-03 -8.19892172806E-16    3  4  5  6  8  9 11 12 13 14
    319 -3.63944047132E-03  8.19892172806E-16    3  4  5  6  7 10 11 12 13 14
    322 -3.56998065732E-03  3.24953809167E-17    1  2  3  5  6  7 10 11 12 14
    323 -3.56998065732E-03  3.24953809167E-17    1  2  4  5  6  8  9 11 12 13
    328  3.42373699838E-03  5.15780432084E-13    1  2  3  4  5  8 10 11 12 13
    329  3.42373699838E-03  5.15780432084E-13    1  2  3  4  6  7  9 11 12 14
    332 -3.29636948800E-03 -7.12994856059E-24    1  2  3  4  6  8  9 11 12 13
    333 -3.29636948800E-03 -7.12994856059E-24    1  2  3  4  5  7 10 11 12 14
    336 -3.22844859664E-03 -8.72516044675E-23    1  2  3  4  5  7 10 12 13 14
    337 -3.22844859664E-03 -8.72516044675E-23    1  2  3  4  6  8  9 11 13 14
    338  2.94148963333E-03 -2.55996407325E-24    1  2  5  6  7  8 11 12 13 14
    341  2.69789135632E-03 -2.22164640943E-13    1  2  3  4  6  7  9 12 13 14
    342  2.69789135632E-03 -2.22164640943E-13    1  2  3  4  5  8 10 11 13 14
    343 -2.67053963240E-03  5.45354118498E-16    2  3  5  6  7 10 11 12 13 14
    344 -2.67053963240E-03  5.45354118498E-16    1  4  5  6  8  9 11 12 13 14
    345  2.65921837428E-03 -5.18057536419E-13    3  4  5  6  7  8 11 12 13 14
    346  2.45114292625E-03 -7.81675432669E-19    1  4  5  6  7  8 11 12 13 14
    347 -2.45114292625E-03  7.81675432669E-19    2  3  5  6  7  8 11 12 13 14
    360  1.94074249586E-03 -6.20665045049E-30    1  2  3  4  5  6  7  8 11 12
    361 -1.91103236550E-03  5.27841035273E-35    1  2  3  5  6  7  8 11 12 14
    362  1.91103236550E-03 -5.27841035273E-35    1  2  4  5  6  7  8 11 12 13
    363 -1.86974790816E-03  5.11872545340E-17    1  3  4  5  6  7 10 11 12 14
    364 -1.86974790816E-03  5.11872545340E-17    2  3  4  5  6  8  9 11 12 13
    375  1.37798012759E-03 -1.05559331070E-12    1  2  3  4  5  6  7  8 13 14
    382 -1.20736082601E-03  7.04165244805E-16    2  3  4  5  6  8  9 11 13 14
    383 -1.20736082601E-03  7.04165244805E-16    1  3  4  5  6  7 10 12 13 14
    390  7.89932090202E-04 -6.19319238943E-24    1  3  4  5  6  7  8 11 12 14
    391 -7.89932090202E-04  6.19319238943E-24    2  3  4  5  6  7  8 11 12 13
    392  7.89608596460E-04 -5.13151098835E-21    1  2  3  4  8  9 11 12 13 14
    393 -7.89608596460E-04  5.13151098835E-21    1  2  3  4  7 10 11 12 13 14
    397 -7.56483230392E-04 -2.83597133043E-19    1  2  3  5  6  8 11 12 13 14
    398  7.56483230392E-04  2.83597133043E-19    1  2  4  5  6  7 11 12 13 14
    399  7.19531558476E-04  1.24099815663E-23    1  2  3  4  5  6  7  8 11 14
    400 -7.19531558476E-04 -1.24099815663E-23    1  2  3  4  5  6  7  8 12 13
    401  6.41966126593E-04 -1.74766114700E-15    1  2  3  4  5  6  8  9 13 14
    402 -6.41966126593E-04  1.74766114700E-15    1  2  3  4  5  6  7 10 13 14
    403  5.67532622225E-04 -1.70042116534E-18    1  2  4  5  6  7  8 11 13 14
    404 -5.67532622225E-04  1.70042116534E-18    1  2  3  5  6  7  8 12 13 14
    405  5.30557361759E-04  1.66151992477E-23    1  2  3  4  6  7 10 11 13 14
    406  5.30557361759E-04  1.66151992477E-23    1  2  3  4  5  8  9 12 13 14
    409  4.56084822326E-04  4.85667903694E-16    1  2  4  5  6  8  9 11 13 14
    410  4.56084822326E-04  4.85667903694E-16    1  2  3  5  6  7 10 12 13 14
    413 -3.51035847435E-04 -6.82062597230E-24    1  2  3  4  5  6  7 11 12 14
    414  3.51035847435E-04  6.82062597230E-24    1  2  3  4  5  6  8 11 12 13
    415  3.16394531981E-04  6.83155982434E-24    2  3  4  5  8  9 11 12 13 14
    416  3.16394531981E-04  6.83155982434E-24    1  3  4  6  7 10 11 12 13 14
    417  2.95767595391E-04 -1.58694411496E-15    1  2  3  4  5  6  8  9 11 14
    418  2.95767595391E-04 -1.58694411496E-15    1  2  3  4  5  6  7 10 12 13
    430 -1.27367958651E-04 -1.49298916507E-23    1  2  3  4  6  7 10 11 12 13
    431 -1.27367958651E-04 -1.49298916507E-23    1  2  3  4  5  8  9 11 12 14
    432 -1.18171455781E-04  3.74479689238E-21    1  2  3  4  5  7  8 11 12 14
    433  1.18171455781E-04 -3.74479689238E-21    1  2  3  4  6  7  8 11 12 13
    438  4.67256534617E-05  5.10204246287E-16    1  2  3  6  7  8 11 12 13 14
    439 -4.67256534617E-05 -5.10204246287E-16    1  2  4  5  7  8 11 12 13 14
    440  4.23866327730E-05  4.56189476550E-24    1  2  4  5  8  9 11 12 13 14
    441  4.23866327730E-05  4.56189476550E-24    1  2  3  6  7 10 11 12 13 14
