# Block_length   Mean       Error        Error_in_Error
        2001  -1.1911543497237536        1.2323740673396324E-004   1.9485544910594808E-006
        1000  -1.1911576864839462        1.7088849175233000E-004   3.8230948668656047E-006
         500  -1.1911576864839490        2.3221755927577356E-004   7.3507183974026129E-006
         250  -1.1911576864839479        3.0711996490971535E-004   1.3762374705056504E-005
         125  -1.1911576864839479        4.0049194027308991E-004   2.5431263638617564E-005
          62  -1.1911921624983901        5.0154157147868012E-004   4.5407440345159439E-005
          31  -1.1911921624983908        5.7918731872417986E-004   7.4772761325109192E-005
          15  -1.1911407866758223        7.6014443360874237E-004   1.4365379512991291E-004
           7  -1.1912582404241077        9.2348220926489718E-004   2.6658635105545936E-004
           3  -1.1916338575924876        4.3993598054609524E-004   2.1996799027304762E-004
