# of blocks mean (X_1)     std.err. (X_1)  std.err.err. (X_1)  
# from 50000 to 0
2049        -1.67828725915 6.30635272e-05  9.85367612e-07       
1024        -1.67828684473 8.14960647e-05  1.80170558e-06       
512         -1.67828684473 9.31686904e-05  2.91436903e-06       
256         -1.67828684473 9.25358201e-05  4.09755499e-06       
128         -1.67828684473 9.35601454e-05  5.87048563e-06       
64          -1.67828684473 8.09002891e-05  7.20717058e-06       
32          -1.67828684473 7.11949259e-05  9.04176463e-06       
16          -1.67828684473 8.70330207e-05  1.58899829e-05       
8           -1.67828684473 5.18749372e-05  1.38641601e-05       
4           -1.67828684473 2.39929207e-05  9.79506886e-06       
2           -1.67828684473 2.46552734e-05  1.74339110e-05       
