# No.Blocks      Mean       Error        Error_in_Error
        2220 -0.68344033301801832        4.3981766901128608E-006   6.6020532601441080E-008
        1110 -0.68344033301801776        5.7431310778041317E-006   1.2194611179748470E-007
         555 -0.68344033301801732        6.7954102272207716E-006   2.0414831480327886E-007
         277 -0.68344030676895318        7.0676385504769619E-006   3.0081867365679048E-007
         138 -0.68344119012681148        7.0911170442134813E-006   4.2839004727995455E-007
          69 -0.68344119012681159        7.5292828832646198E-006   6.4563068080879589E-007
          34 -0.68344081773897059        9.0860985448722668E-006   1.1184214170734727E-006
          17 -0.68344081773897047        8.9068831560950596E-006   1.5745293697277638E-006
           8 -0.68343828032226561        1.0046873985030799E-005   2.6851400185769595E-006
           4 -0.68343828032226561        1.2157032666805868E-005   4.9630878033368335E-006
           2 -0.68343828032226561        6.0497565285850236E-006   4.2778238658900576E-006
