# of blocks mean (X_5)     std.err. (X_5)  std.err.err. (X_5)  mean (X_6)     std.err. (X_6)  std.err.err. (X_6)  cov(X_5,X_6)   mean (X_5/X_6)   std.err. (X_5/X_6) 
# from 50000 to 0
2049        -59721546.8136 9.87789906e+01  1.54342173e+00       258870.717937  4.28170728e-01  6.69016762e-03       -8.66610e+04   -230.700278847426 9.621225973903e-10 
1024        -59721551.0289 1.35829545e+02  3.00290389e+00       258870.736209  5.88771337e-01  1.30164887e-02       -8.18919e+04   -230.700278847415 1.340688890850e-09 
512         -59721551.0289 1.82195072e+02  5.69916431e+00       258870.736209  7.89748988e-01  2.47037925e-02       -7.36708e+04   -230.700278847416 1.839159735474e-09 
256         -59721551.0289 2.41003811e+02  1.06718281e+01       258870.736209  1.04466348e+00  4.62584763e-02       -6.44526e+04   -230.700278847416 2.466857409001e-09 
128         -59721551.0289 3.11526967e+02  1.95469404e+01       258870.736209  1.35035559e+00  8.47288455e-02       -5.38460e+04   -230.700278847416 3.089849979561e-09 
64          -59721551.0289 4.01304286e+02  3.57510273e+01       258870.736209  1.73950743e+00  1.54967639e-01       -4.46766e+04   -230.700278847416 3.871568262401e-09 
32          -59721551.0289 5.26636530e+02  6.68829061e+01       258870.736209  2.28277713e+00  2.89912986e-01       -3.84702e+04   -230.700278847416 4.689533299363e-09 
16          -59721551.0289 6.32485391e+02  1.15475505e+02       258870.736209  2.74159364e+00  5.00544227e-01       -2.77443e+04   -230.700278847416 5.672560423977e-09 
8           -59721551.0289 7.45645979e+02  1.99282270e+02       258870.736209  3.23210333e+00  8.63815949e-01       -1.92800e+04   -230.700278847416 5.388093371250e-09 
4           -59721551.0289 6.14850054e+02  2.51011483e+02       258870.736209  2.66515260e+00  1.08804399e+00       -6.55468e+03   -230.700278847416 5.564823627958e-09 
2           -59721551.0289 2.12170133e+02  1.50026940e+02       258870.736209  9.19679742e-01  6.50311782e-01       -3.90257e+02   -230.700278847416 9.277486928989e-10 
