# of blocks mean (X_1)     std.err. (X_1)  std.err.err. (X_1)  
# from 50000 to 0
2049        -0.683530859639 4.34943624e-06  6.79599412e-08       
1024        -0.683530892139 5.59303941e-06  1.23650269e-07       
512         -0.683530892139 6.44377573e-06  2.01564929e-07       
256         -0.683530892139 6.66820602e-06  2.95273126e-07       
128         -0.683530892139 6.50363895e-06  4.08074602e-07       
64          -0.683530892139 6.65784816e-06  5.93128256e-07       
32          -0.683530892139 7.43317602e-06  9.44014299e-07       
16          -0.683530892139 6.67136967e-06  1.21801989e-06       
8           -0.683530892139 7.33811828e-06  1.96119460e-06       
4           -0.683530892139 4.30476052e-06  1.75741112e-06       
2           -0.683530892139 1.39404297e-07  9.85737237e-08       
