-3.090388786000882737e-01 -1.552427053672493507e-01 2.259325332617325988e-01 2.614020144526590372e-01 -2.401112035227989938e-01 -1.190403960881285528e-01 -1.133402306087309547e-01 1.664950604926905275e-01 -3.361831904260982329e-01 1.720423929021301923e-01 6.144006410566018456e-02 -6.146937190221874597e-02 -1.705496261329140506e-01 3.305552320795679955e-01 -1.609489181311249406e-01 -1.084935441882406565e-01 1.243478057889503829e-01 2.468206152797551567e-01 2.647471164410266087e-01 2.198956919772869778e-01 -1.639298690763986710e-01 3.173738471088897173e-01
-2.254419020913094041e-01 -3.146203524756516767e-01 -2.020476941421795181e-01 5.425235610109212930e-02 1.766653700465979915e-01 2.420719475826344502e-01 2.822624587001420493e-01 1.487456091193700702e-01 2.946307171016471216e-01 -3.975149726394517496e-02 1.536933666154441380e-01 1.524627309859812319e-01 -3.231460609655635585e-02 2.923609682289298184e-01 1.588124480713164199e-01 -2.715791271326338796e-01 2.453960524548455535e-01 1.738226239623051617e-01 -3.128021579466483404e-02 2.236726465958679411e-01 3.215083247655037280e-01 -2.219409033982055468e-01
9.219047970900984268e-02 1.834727731168061815e-01 2.632717577049616953e-01 3.150512654858433903e-01 -7.202180893120106731e-02 -1.409188955854360215e-01 3.140029798671346573e-01 -1.967845425891521227e-01 2.239359994460420888e-01 -2.196010799299923100e-01 1.748183857204548830e-01 1.785148264479503311e-01 -2.221818914071088669e-01 2.345446568216864591e-01 -1.941393150695817915e-01 -3.260946530621299799e-01 -1.325455278878259202e-01 -6.350912377542111686e-02 -3.156987847213334475e-01 -2.513407719227092052e-01 -1.650463928803591607e-01 7.757144077764872858e-02
-9.219047971231010552e-02 1.834727731147126895e-01 -2.632717576936579595e-01 3.150512654723945372e-01 7.202180897116246261e-02 -1.409188956380772739e-01 -3.140029798589375476e-01 1.967845426205992176e-01 2.239359994427959077e-01 -2.196010799237682609e-01 -1.748183856934623082e-01 -1.785148264412584340e-01 -2.221818914004880519e-01 2.345446567745227140e-01 1.941393150724235184e-01 3.260946530186214498e-01 -1.325455279004988385e-01 6.350912378708384320e-02 -3.156987847190690366e-01 2.513407719679325303e-01 -1.650463929462649970e-01 -7.757144082418640507e-02
-2.550041148364648458e-01 -9.530418240068438907e-12 2.385434218626289182e-01 -2.335838753597712170e-12 -3.260213550546258165e-01 2.131860397051956968e-11 -1.986897934676644106e-01 3.242305242955457190e-01 4.717914873546899759e-12 -4.579008964982506849e-12 3.612366367756086327e-01 3.560887691668281896e-01 -2.298052243290826802e-11 3.412990424708826995e-11 3.174582405303714716e-01 1.889768830612126305e-01 2.733613053799988091e-11 -3.331866702817296022e-01 1.968089244092779966e-11 -2.344822615401365440e-01 3.568168086302489495e-12 -2.596122919266810603e-01
2.183666901773411162e-01 2.171205600980941897e-01 1.603785819490980433e-03 -1.985866436783528532e-01 -2.800308690158844760e-01 -2.836536787911592139e-01 -1.721856306808735304e-01 -3.056414012303121115e-03 -4.697103925104937315e-03 2.902652284942749961e-01 -3.093276600563365508e-01 3.062081106400914576e-01 -2.806104462309998437e-01 7.672182895126264390e-03 1.722270127891449565e-02 -1.667381494048414958e-01 2.909600007125858201e-01 2.803667180871635689e-01 -1.868591274879448372e-01 1.632277928957723626e-02 2.243022329932639058e-01 -2.186817913476492570e-01
9.219047970579816176e-02 -1.834727730945882596e-01 2.632717576507222490e-01 -3.150512654042368355e-01 7.202180894610875350e-02 -1.409188956007099702e-01 3.140029797803328138e-01 1.967845425897722933e-01 -2.239359993851736674e-01 -2.196010799134771041e-01 -1.748183857011414155e-01 1.785148264282635511e-01 2.221818914124648603e-01 2.345446568235330653e-01 -1.941393151122154659e-01 3.260946530902031903e-01 1.325455279464296532e-01 -6.350912381613577073e-02 -3.156987847864946573e-01 2.513407720149710145e-01 -1.650463929708826938e-01 -7.757144083320272054e-02
1.223694209429793817e-01 2.147327180928578494e-01 2.456931971589575714e-01 2.000792688645114392e-01 1.561619883156395439e-01 2.773319522509807844e-01 9.745417749267756835e-02 3.299362427414451182e-01 2.051439331307059865e-03 2.938412775045649017e-01 -1.763872001220722074e-01 -1.842446087815889366e-01 3.029217321033298993e-01 1.372021364812120447e-02 3.324116269868029883e-01 -1.117070457916728987e-01 2.685002080856411233e-01 1.439433754318456549e-01 -2.105907313786273827e-01 -2.463470103689832380e-01 -2.054448624698442250e-01 1.117038548669466308e-01
-3.090388785146447881e-01 1.552427052282293052e-01 2.259325333491398469e-01 -2.614020143937390572e-01 -2.401112036214823053e-01 1.190403962486217548e-01 -1.133402307478703075e-01 1.664950604644330479e-01 3.361831905094755935e-01 -1.720423930497967657e-01 6.144006397890699328e-02 -6.146937185439946272e-02 1.705496262026355569e-01 -3.305552320878193395e-01 -1.609489181678019631e-01 -1.084935442219248092e-01 -1.243478058009326592e-01 2.468206152893980820e-01 -2.647471163662963312e-01 2.198956919478556871e-01 1.639298689791967856e-01 3.173738469866763112e-01
-1.223694209737814370e-01 -2.147327181497586390e-01 -2.456931972126187302e-01 -2.000792688620657567e-01 1.561619882159587247e-01 2.773319521245604657e-01 -9.745417740306822063e-02 3.299362426709485097e-01 -2.051439209156962536e-03 2.938412775118697806e-01 -1.763872001585044813e-01 1.842446089196441150e-01 -3.029217322071309226e-01 1.372021365241713441e-02 -3.324116269849528571e-01 -1.117070458319457810e-01 -2.685002080198939378e-01 -1.439433753779942871e-01 -2.105907314360175864e-01 -2.463470103951491130e-01 -2.054448624480184893e-01 1.117038548324775227e-01
2.550041148339833863e-01 -6.088553575779704874e-11 -2.385434219178165782e-01 6.297550598307104016e-11 -3.260213550049183562e-01 1.107057285306829314e-10 1.986897935599638010e-01 3.242305243254300917e-01 4.689320389744294762e-12 -9.685633920225676398e-11 3.612366368718424314e-01 -3.560887692696361739e-01 1.051172744768319456e-10 6.376695355016399891e-12 -3.174582405055937362e-01 1.889768830847612935e-01 -1.031204000770565010e-10 3.331866701433390809e-01 5.366744993285516019e-11 -2.344822615039981462e-01 -6.247976002673669149e-11 -2.596122917813576958e-01
2.183666900904968344e-01 -2.171205600711829387e-01 1.603785865371444574e-03 1.985866437129170659e-01 -2.800308686974345429e-01 2.836536786575272751e-01 -1.721856308084851461e-01 -3.056414196170914501e-03 4.697103982408024070e-03 -2.902652284157112850e-01 -3.093276602508225337e-01 3.062081108014158004e-01 2.806104463116390058e-01 -7.672182659184178209e-03 1.722270129367500097e-02 -1.667381493958073613e-01 -2.909600006354912116e-01 2.803667179342031468e-01 1.868591277097065573e-01 1.632277914671810548e-02 -2.243022330585813517e-01 -2.186817914728821366e-01
1.223694209822733803e-01 -2.147327181427414744e-01 2.456931971828608396e-01 -2.000792688392860896e-01 -1.561619882264377868e-01 2.773319521233084117e-01 9.745417742319820165e-02 -3.299362426399166104e-01 -2.051439259366866046e-03 2.938412774633606395e-01 1.763872001272207557e-01 -1.842446088325626619e-01 -3.029217321406588725e-01 1.372021358616074341e-02 3.324116270084069291e-01 1.117070457316825527e-01 -2.685002081140568375e-01 1.439433754599313553e-01 -2.105907313848058848e-01 2.463470104526019333e-01 -2.054448625798586392e-01 -1.117038549395036051e-01
-3.090388784216334672e-01 1.552427051855077844e-01 2.259325332796426611e-01 -2.614020143238863780e-01 2.401112036005803307e-01 -1.190403962522546266e-01 -1.133402307171016699e-01 -1.664950604420652736e-01 3.361831904487938560e-01 1.720423930638897980e-01 -6.144006395142272842e-02 -6.146937185950503840e-02 1.705496262208910097e-01 3.305552321578676955e-01 -1.609489181857872986e-01 1.084935442512536541e-01 -1.243478058251812207e-01 2.468206153265972702e-01 2.647471164422370848e-01 -2.198956919986416458e-01 -1.639298690347491261e-01 -3.173738470357165831e-01
1.223694210122079351e-01 -2.147327181853416200e-01 2.456931972161286726e-01 -2.000792688521137730e-01 1.561619882856449537e-01 -2.773319522122110192e-01 9.745417742249813664e-02 3.299362427197400360e-01 -2.051439258651606163e-03 -2.938412775098040997e-01 -1.763872001413217816e-01 -1.842446088025509188e-01 -3.029217320835372873e-01 -1.372021359883383515e-02 3.324116269358630693e-01 -1.117070457396625305e-01 -2.685002080467060459e-01 1.439433754192830095e-01 2.105907313684665105e-01 -2.463470104076897482e-01 2.054448625246344806e-01 1.117038549020278188e-01
-9.219047973032495902e-02 -1.834727731279509610e-01 -2.632717576710538188e-01 -3.150512653968471355e-01 -7.202180898645967055e-02 -1.409188956557561323e-01 -3.140029797483522289e-01 -1.967845426236332351e-01 -2.239359993518048597e-01 -2.196010799060577334e-01 1.748183856693156790e-01 -1.785148264079150504e-01 2.221818914006900292e-01 2.345446567713689312e-01 1.941393151151223073e-01 -3.260946530489820527e-01 1.325455279550990517e-01 6.350912382174053739e-02 -3.156987847926606139e-01 -2.513407720621030905e-01 -1.650463930272136615e-01 7.757144086853304255e-02
2.183666900915017528e-01 -2.171205600951408021e-01 1.603785899152492195e-03 1.985866437040545995e-01 2.800308686828623106e-01 -2.836536786673949928e-01 -1.721856308422936299e-01 3.056414230032626113e-03 4.697104034465895972e-03 2.902652284079301204e-01 3.093276602898640260e-01 3.062081107746675301e-01 2.806104463143656025e-01 7.672182592777488166e-03 1.722270126824369807e-02 1.667381493767427225e-01 -2.909600006040449771e-01 2.803667179088250583e-01 -1.868591277497451963e-01 -1.632277910985808003e-02 2.243022330559552302e-01 2.186817914870745339e-01
2.183666901745091593e-01 2.171205601707350830e-01 1.603785906916675155e-03 -1.985866437438134902e-01 2.800308686782225220e-01 2.836536786011102929e-01 -1.721856308837617089e-01 3.056414155532422797e-03 -4.697104065564016578e-03 -2.902652283873844996e-01 3.093276602027122957e-01 3.062081107283513570e-01 -2.806104462890323115e-01 -7.672182711375894436e-03 1.722270125134339053e-02 1.667381494637021622e-01 2.909600005706353687e-01 2.803667178835279050e-01 1.868591277215383151e-01 -1.632277922123778757e-02 -2.243022331540115710e-01 2.186817915234863519e-01
3.090388783589466670e-01 1.552427050939661490e-01 -2.259325333038237626e-01 -2.614020142508875488e-01 -2.401112034903504777e-01 -1.190403960757160373e-01 1.133402308005022341e-01 1.664950604725157768e-01 3.361831904635901314e-01 1.720423928978081496e-01 6.144006409390620482e-02 6.146937175039548368e-02 1.705496263063905615e-01 3.305552321424460316e-01 1.609489181820826231e-01 -1.084935442426216284e-01 -1.243478059227544480e-01 -2.468206154572489541e-01 2.647471164632738683e-01 2.198956920440372775e-01 -1.639298690509360112e-01 3.173738471339503375e-01
2.254419019590288842e-01 3.146203522800809504e-01 2.020476939651434656e-01 -5.425235620719108531e-02 1.766653699767297692e-01 2.420719476043721174e-01 -2.822624587179922151e-01 1.487456092997508084e-01 -2.946307170617131210e-01 -3.975149707803826704e-02 1.536933665756122780e-01 -1.524627308951026772e-01 3.231460604706842821e-02 2.923609685185394325e-01 -1.588124479816793444e-01 -2.715791274617331275e-01 -2.453960522415274959e-01 -1.738226237716657130e-01 -3.128021594102826930e-02 2.236726466446976869e-01 3.215083248714444286e-01 -2.219409034586798113e-01
-2.254419020363656878e-01 3.146203523550146763e-01 -2.020476939906580005e-01 -5.425235618523754216e-02 -1.766653699472331140e-01 2.420719475759762762e-01 2.822624586506560784e-01 -1.487456092931312979e-01 -2.946307169915007851e-01 -3.975149706023774904e-02 -1.536933665432313745e-01 1.524627308959523309e-01 3.231460603850658947e-02 2.923609684436326850e-01 1.588124480561957930e-01 2.715791273975859399e-01 -2.453960523815927053e-01 1.738226238905703214e-01 -3.128021594503443276e-02 -2.236726466027230964e-01 3.215083248518755266e-01 2.219409034659861890e-01
-2.254419021134406176e-01 3.146203524587938838e-01 -2.020476940522931419e-01 -5.425235620470955644e-02 1.766653699614248174e-01 -2.420719476035863016e-01 2.822624587256539752e-01 1.487456093267642832e-01 -2.946307170598858605e-01 3.975149702734259022e-02 1.536933665168811192e-01 1.524627309462846525e-01 3.231460608941274376e-02 -2.923609683714802898e-01 1.588124480209965883e-01 -2.715791273034064979e-01 -2.453960523558086360e-01 1.738226238732860640e-01 3.128021590109465039e-02 2.236726465567881461e-01 -3.215083247511462683e-01 -2.219409033876708348e-01
