# No.Blocks      Mean       Error        Error_in_Error
        2257   943.98151145893860        4.4832422358776776E-002   6.6743297511859072E-004
        1128   943.98073670411827        6.2517740697439692E-002   1.3168197118307329E-003
         564   943.98073670411702        8.5771613558960597E-002   2.5560796630367602E-003
         282   943.98073670411736       0.11510368808712063        4.8553560349820094E-003
         141   943.98073670411782       0.14841122461659031        8.8692670804050786E-003
          70   943.98247489798257       0.19094920224839890        1.6254675545712270E-002
          35   943.98247489798257       0.21912736497559474        2.6573096213460264E-002
          17   944.00479047946635       0.23159720404753525        4.0940988371464176E-002
           8   944.01257755420693       0.26796792270655984        7.1617439815247735E-002
           4   944.01257755420716       0.18421502594997430        7.5205469421833177E-002
           2   944.01257755420704        1.5271566559526120E-002   1.0798628273582632E-002
