# No.Blocks      Mean       Error        Error_in_Error
        2257  -793.03847024771414        8.3210978383995160E-002   1.2387854133981697E-003
        1128  -793.03815887850772       0.11580210130696690        2.4391554776495386E-003
         564  -793.03815887850794       0.15823550349325644        4.7155758842226028E-003
         282  -793.03815887850783       0.21209716567933304        8.9467789477282421E-003
         141  -793.03815887850772       0.27622678979352316        1.6507708091290828E-002
          70  -793.06368296049743       0.33155081464851688        2.8223479624793338E-002
          35  -793.06368296049732       0.36831613593926804        4.4664892120498678E-002
          17  -793.07354088505554       0.35409483564814259        6.2595714867484414E-002
           8  -793.15163286969096       0.36967205034928230        9.8799011276661464E-002
           4  -793.15163286969096       0.45346274949210885       0.18512539226919641     
           2  -793.15163286969084        9.8891716855053602E-002   6.9927003591388398E-002
