# No.Blocks      Mean       Error        Error_in_Error
        2257  -1.1889396668143548        1.2675813920700286E-005   1.8870843358492737E-007
        1128  -1.1889396263297873        1.6520400188172840E-005   3.4797144574370489E-007
         564  -1.1889396263297864        1.9462121565514692E-005   5.7999064106407030E-007
         282  -1.1889396263297882        1.9912849518295951E-005   8.3997286002832406E-007
         141  -1.1889396263297873        2.0698879494359621E-005   1.2369946476411823E-006
          70  -1.1889390834821434        2.3318341025414653E-005   1.9849890084343877E-006
          35  -1.1889390834821427        2.4767197703018177E-005   3.0034638876499721E-006
          17  -1.1889346980698530        2.8368741568372556E-005   5.0149323841812318E-006
           8  -1.1889392470703126        2.1899695989643320E-005   5.8529399476966139E-006
           4  -1.1889392470703126        3.1202368719747270E-005   1.2738313688259938E-005
           2  -1.1889392470703126        3.1021480399498380E-005   2.1935499152930871E-005
