# Block_length   Mean       Error        Error_in_Error
        2257  -1.1903350806727897        1.0774577832328585E-004   1.6040419321375464E-006
        1128  -1.1903345710868054        1.4856805610974865E-004   3.1293092592788365E-006
         564  -1.1903345710868034        1.9912526514113323E-004   5.9341315792569703E-006
         282  -1.1903345710868041        2.5933742295307870E-004   1.0939488930005940E-005
         141  -1.1903345710868047        3.2317209161061746E-004   1.9313226481572279E-005
          70  -1.1902984529238649        3.6320499524834831E-004   3.0918062420935673E-005
          35  -1.1902984529238652        4.0305927785726318E-004   4.8878116940902161E-005
          17  -1.1903117955820015        3.9029614270997680E-004   6.8995262295294262E-005
           8  -1.1902044179606466        4.3110168713699393E-004   1.1521677229477443E-004
           4  -1.1902044179606468        6.1144621887800890E-004   2.4962187356754014E-004
           2  -1.1902044179606468        1.3976813447149993E-004   9.8830995678590846E-005
