# No.Blocks      Mean       Error        Error_in_Error
        2257   958.82847480538214        4.6293445388587297E-002   6.8918363895066257E-004
        1128   958.82862021792880        6.4612580428310501E-002   1.3609436072236744E-003
         564   958.82862021793028        8.9145537790055893E-002   2.6566259714701601E-003
         282   958.82862021792982       0.12003536639849831        5.0633863287951305E-003
         141   958.82862021792914       0.15874613149870132        9.4868958994203771E-003
          70   958.82989867742890       0.20706333811073258        1.7626401884746800E-002
          35   958.82989867742867       0.27725411430587871        3.3621999953535597E-002
          17   958.79628267761564       0.31663813859921230        5.5974243746447223E-002
           8   958.75160071520418       0.43414724724395620       0.11603073247128010     
           4   958.75160071520406       0.14250668467793817        5.8178110399441048E-002
           2   958.75160071520418       0.14260730955618442       0.10083859563394713     
