# No.Blocks      Mean       Error        Error_in_Error
        2257  -805.55101772779255        8.6051560977070632E-002   1.2810739713528189E-003
        1128  -805.55374125553431       0.11985576761493402        2.5245384047989489E-003
         564  -805.55374125553499       0.16396842059787767        4.8864225339819052E-003
         282  -805.55374125553533       0.21946841203392833        9.2577162084529745E-003
         141  -805.55374125553499       0.27987119352161688        1.6725502871279954E-002
          70  -805.53942173220491       0.33902806818292092        2.8859985715123375E-002
          35  -805.53942173220491       0.39885084106853713        4.8367769017412382E-002
          17  -805.54212446092413       0.40261699359092629        7.1173301597271171E-002
           8  -805.45901141639979       0.48210158274614573       0.12884706773268034     
           4  -805.45901141639990       0.20852093317102330        8.5128314492999693E-002
           2  -805.45901141639990        9.6675337178449963E-002   6.8359786492377922E-002
