# No.Blocks      Mean       Error        Error_in_Error
        2257  -1.1891645635799746        1.2375189139418592E-005   1.8423294728263668E-007
        1128  -1.1891646369680851        1.6102088315880243E-005   3.3916048563889942E-007
         564  -1.1891646369680848        1.8554708467888683E-005   5.5294882537966993E-007
         282  -1.1891646369680868        1.9592254012932597E-005   8.2644935485118418E-007
         141  -1.1891646369680851        1.9972741767264522E-005   1.1935996183541267E-006
          70  -1.1891666156249996        2.1851215369566044E-005   1.8600989788359039E-006
          35  -1.1891666156249998        2.0184499626020344E-005   2.4477301164212365E-006
          17  -1.1891674581801470        2.1472393921382483E-005   3.7958188375295889E-006
           8  -1.1891715712890627        2.1555990028874040E-005   5.7610806657687123E-006
           4  -1.1891715712890625        1.9814116229764359E-005   8.0890790778535826E-006
           2  -1.1891715712890627        1.8706047226404286E-005   1.3227172842986279E-005
