# Block_length   Mean       Error        Error_in_Error
        2257  -1.1902765358176040        1.1020352831221647E-004   1.6406311526369941E-006
        1128  -1.1902726920782474        1.5224406959532619E-004   3.2067376334453129E-006
         564  -1.1902726920782483        2.0544590302869572E-004   6.1224928947487467E-006
         282  -1.1902726920782472        2.6689754684764029E-004   1.1258393508883449E-005
         141  -1.1902726920782469        3.2834947352903784E-004   1.9622634231089609E-005
          70  -1.1902954378267339        3.8473803018297854E-004   3.2751076082451705E-005
          35  -1.1902954378267336        3.8086757281242766E-004   4.6186977414066602E-005
          17  -1.1902497132837722        3.8524121687207052E-004   6.8101669210699609E-005
           8  -1.1903170578838511        4.5787630175451533E-004   1.2237258904917975E-004
           4  -1.1903170578838507        2.8513608940486162E-004   1.1640632104908597E-004
           2  -1.1903170578838509        2.7758463063620151E-004   1.9628197467602115E-004
