TERM-SELF
#mode=discrete
#policy=dx
  1 1.0124717761522433
  2 1.0124717761522433
  3 1.0124717761522433
  4 1.0124717761522433
  5 1.0124717761522433
  6 1.0124717761522433
  7 1.0124717761522433
  8 1.0124717761522433
  9 1.0124717761522433
  10 1.0124717761522433
  11 1.0124717761522433
  12 1.0124717761522433
  13 1.0124717761522433
  14 1.0124717761522433
  15 1.0124717761522433
  16 1.0124717761522433
  17 1.0124717761522433
  18 1.0124717761522433
TERM-u0
  1 1 2 0.94276704073153653E-001
  1 1 3 -0.52573192676630062E-002
  1 1 4 0.62996199152434438E-002
  1 1 5 -0.52573192676630062E-002
  1 1 6 0.94276704073153653E-001
  1 1 7 0.94276704073153653E-001
  1 1 8 -0.74812708871863712E-001
  1 1 9 0.40309410605330519E-001
  1 1 10 -0.52573192676630062E-002
  1 1 11 0.40309410605330519E-001
  1 1 12 -0.74812708871863712E-001
  1 1 13 -0.52573192676630062E-002
  1 1 14 0.40309410605330519E-001
  1 1 15 -0.74812708871863712E-001
  1 1 16 0.94276704073153653E-001
  1 1 17 -0.74812708871863712E-001
  1 1 18 0.40309410605330519E-001
  1 2 1 0.94276704073153653E-001
  1 2 3 0.94276704073153653E-001
  1 2 4 -0.52573192676630062E-002
  1 2 5 0.62996199152434438E-002
  1 2 6 -0.52573192676630062E-002
  1 2 7 -0.74812708871863712E-001
  1 2 8 0.94276704073153653E-001
  1 2 9 -0.74812708871863712E-001
  1 2 10 0.40309410605330519E-001
  1 2 11 -0.52573192676630062E-002
  1 2 12 0.40309410605330519E-001
  1 2 13 0.40309410605330519E-001
  1 2 14 -0.52573192676630062E-002
  1 2 15 0.40309410605330519E-001
  1 2 16 -0.74812708871863712E-001
  1 2 17 0.94276704073153653E-001
  1 2 18 -0.74812708871863712E-001
  1 3 1 -0.52573192676630062E-002
  1 3 2 0.94276704073153653E-001
  1 3 4 0.94276704073153653E-001
  1 3 5 -0.52573192676630062E-002
  1 3 6 0.62996199152434438E-002
  1 3 7 0.40309410605330519E-001
  1 3 8 -0.74812708871863712E-001
  1 3 9 0.94276704073153653E-001
  1 3 10 -0.74812708871863712E-001
  1 3 11 0.40309410605330519E-001
  1 3 12 -0.52573192676630062E-002
  1 3 13 -0.74812708871863712E-001
  1 3 14 0.40309410605330519E-001
  1 3 15 -0.52573192676630062E-002
  1 3 16 0.40309410605330519E-001
  1 3 17 -0.74812708871863712E-001
  1 3 18 0.94276704073153653E-001
  1 4 1 0.62996199152434438E-002
  1 4 2 -0.52573192676630062E-002
  1 4 3 0.94276704073153653E-001
  1 4 5 0.94276704073153653E-001
  1 4 6 -0.52573192676630062E-002
  1 4 7 -0.52573192676630062E-002
  1 4 8 0.40309410605330519E-001
  1 4 9 -0.74812708871863712E-001
  1 4 10 0.94276704073153653E-001
  1 4 11 -0.74812708871863712E-001
  1 4 12 0.40309410605330519E-001
  1 4 13 0.94276704073153653E-001
  1 4 14 -0.74812708871863712E-001
  1 4 15 0.40309410605330519E-001
  1 4 16 -0.52573192676630062E-002
  1 4 17 0.40309410605330519E-001
  1 4 18 -0.74812708871863712E-001
  1 5 1 -0.52573192676630062E-002
  1 5 2 0.62996199152434438E-002
  1 5 3 -0.52573192676630062E-002
  1 5 4 0.94276704073153653E-001
  1 5 6 0.94276704073153653E-001
  1 5 7 0.40309410605330519E-001
  1 5 8 -0.52573192676630062E-002
  1 5 9 0.40309410605330519E-001
  1 5 10 -0.74812708871863712E-001
  1 5 11 0.94276704073153653E-001
  1 5 12 -0.74812708871863712E-001
  1 5 13 -0.74812708871863712E-001
  1 5 14 0.94276704073153653E-001
  1 5 15 -0.74812708871863712E-001
  1 5 16 0.40309410605330519E-001
  1 5 17 -0.52573192676630062E-002
  1 5 18 0.40309410605330519E-001
  1 6 1 0.94276704073153653E-001
  1 6 2 -0.52573192676630062E-002
  1 6 3 0.62996199152434438E-002
  1 6 4 -0.52573192676630062E-002
  1 6 5 0.94276704073153653E-001
  1 6 7 -0.74812708871863712E-001
  1 6 8 0.40309410605330519E-001
  1 6 9 -0.52573192676630062E-002
  1 6 10 0.40309410605330519E-001
  1 6 11 -0.74812708871863712E-001
  1 6 12 0.94276704073153653E-001
  1 6 13 0.40309410605330519E-001
  1 6 14 -0.74812708871863712E-001
  1 6 15 0.94276704073153653E-001
  1 6 16 -0.74812708871863712E-001
  1 6 17 0.40309410605330519E-001
  1 6 18 -0.52573192676630062E-002
  1 7 1 0.94276704073153653E-001
  1 7 2 -0.74812708871863712E-001
  1 7 3 0.40309410605330519E-001
  1 7 4 -0.52573192676630062E-002
  1 7 5 0.40309410605330519E-001
  1 7 6 -0.74812708871863712E-001
  1 7 8 0.94276704073153653E-001
  1 7 9 -0.52573192676630062E-002
  1 7 10 0.62996199152434438E-002
  1 7 11 -0.52573192676630062E-002
  1 7 12 0.94276704073153653E-001
  1 7 13 0.94276704073153653E-001
  1 7 14 -0.74812708871863712E-001
  1 7 15 0.40309410605330519E-001
  1 7 16 -0.52573192676630062E-002
  1 7 17 0.40309410605330519E-001
  1 7 18 -0.74812708871863712E-001
  1 8 1 -0.74812708871863712E-001
  1 8 2 0.94276704073153653E-001
  1 8 3 -0.74812708871863712E-001
  1 8 4 0.40309410605330519E-001
  1 8 5 -0.52573192676630062E-002
  1 8 6 0.40309410605330519E-001
  1 8 7 0.94276704073153653E-001
  1 8 9 0.94276704073153653E-001
  1 8 10 -0.52573192676630062E-002
  1 8 11 0.62996199152434438E-002
  1 8 12 -0.52573192676630062E-002
  1 8 13 -0.74812708871863712E-001
  1 8 14 0.94276704073153653E-001
  1 8 15 -0.74812708871863712E-001
  1 8 16 0.40309410605330519E-001
  1 8 17 -0.52573192676630062E-002
  1 8 18 0.40309410605330519E-001
  1 9 1 0.40309410605330519E-001
  1 9 2 -0.74812708871863712E-001
  1 9 3 0.94276704073153653E-001
  1 9 4 -0.74812708871863712E-001
  1 9 5 0.40309410605330519E-001
  1 9 6 -0.52573192676630062E-002
  1 9 7 -0.52573192676630062E-002
  1 9 8 0.94276704073153653E-001
  1 9 10 0.94276704073153653E-001
  1 9 11 -0.52573192676630062E-002
  1 9 12 0.62996199152434438E-002
  1 9 13 0.40309410605330519E-001
  1 9 14 -0.74812708871863712E-001
  1 9 15 0.94276704073153653E-001
  1 9 16 -0.74812708871863712E-001
  1 9 17 0.40309410605330519E-001
  1 9 18 -0.52573192676630062E-002
  1 10 1 -0.52573192676630062E-002
  1 10 2 0.40309410605330519E-001
  1 10 3 -0.74812708871863712E-001
  1 10 4 0.94276704073153653E-001
  1 10 5 -0.74812708871863712E-001
  1 10 6 0.40309410605330519E-001
  1 10 7 0.62996199152434438E-002
  1 10 8 -0.52573192676630062E-002
  1 10 9 0.94276704073153653E-001
  1 10 11 0.94276704073153653E-001
  1 10 12 -0.52573192676630062E-002
  1 10 13 -0.52573192676630062E-002
  1 10 14 0.40309410605330519E-001
  1 10 15 -0.74812708871863712E-001
  1 10 16 0.94276704073153653E-001
  1 10 17 -0.74812708871863712E-001
  1 10 18 0.40309410605330519E-001
  1 11 1 0.40309410605330519E-001
  1 11 2 -0.52573192676630062E-002
  1 11 3 0.40309410605330519E-001
  1 11 4 -0.74812708871863712E-001
  1 11 5 0.94276704073153653E-001
  1 11 6 -0.74812708871863712E-001
  1 11 7 -0.52573192676630062E-002
  1 11 8 0.62996199152434438E-002
  1 11 9 -0.52573192676630062E-002
  1 11 10 0.94276704073153653E-001
  1 11 12 0.94276704073153653E-001
  1 11 13 0.40309410605330519E-001
  1 11 14 -0.52573192676630062E-002
  1 11 15 0.40309410605330519E-001
  1 11 16 -0.74812708871863712E-001
  1 11 17 0.94276704073153653E-001
  1 11 18 -0.74812708871863712E-001
  1 12 1 -0.74812708871863712E-001
  1 12 2 0.40309410605330519E-001
  1 12 3 -0.52573192676630062E-002
  1 12 4 0.40309410605330519E-001
  1 12 5 -0.74812708871863712E-001
  1 12 6 0.94276704073153653E-001
  1 12 7 0.94276704073153653E-001
  1 12 8 -0.52573192676630062E-002
  1 12 9 0.62996199152434438E-002
  1 12 10 -0.52573192676630062E-002
  1 12 11 0.94276704073153653E-001
  1 12 13 -0.74812708871863712E-001
  1 12 14 0.40309410605330519E-001
  1 12 15 -0.52573192676630062E-002
  1 12 16 0.40309410605330519E-001
  1 12 17 -0.74812708871863712E-001
  1 12 18 0.94276704073153653E-001
  1 13 1 -0.52573192676630062E-002
  1 13 2 0.40309410605330519E-001
  1 13 3 -0.74812708871863712E-001
  1 13 4 0.94276704073153653E-001
  1 13 5 -0.74812708871863712E-001
  1 13 6 0.40309410605330519E-001
  1 13 7 0.94276704073153653E-001
  1 13 8 -0.74812708871863712E-001
  1 13 9 0.40309410605330519E-001
  1 13 10 -0.52573192676630062E-002
  1 13 11 0.40309410605330519E-001
  1 13 12 -0.74812708871863712E-001
  1 13 14 0.94276704073153653E-001
  1 13 15 -0.52573192676630062E-002
  1 13 16 0.62996199152434438E-002
  1 13 17 -0.52573192676630062E-002
  1 13 18 0.94276704073153653E-001
  1 14 1 0.40309410605330519E-001
  1 14 2 -0.52573192676630062E-002
  1 14 3 0.40309410605330519E-001
  1 14 4 -0.74812708871863712E-001
  1 14 5 0.94276704073153653E-001
  1 14 6 -0.74812708871863712E-001
  1 14 7 -0.74812708871863712E-001
  1 14 8 0.94276704073153653E-001
  1 14 9 -0.74812708871863712E-001
  1 14 10 0.40309410605330519E-001
  1 14 11 -0.52573192676630062E-002
  1 14 12 0.40309410605330519E-001
  1 14 13 0.94276704073153653E-001
  1 14 15 0.94276704073153653E-001
  1 14 16 -0.52573192676630062E-002
  1 14 17 0.62996199152434438E-002
  1 14 18 -0.52573192676630062E-002
  1 15 1 -0.74812708871863712E-001
  1 15 2 0.40309410605330519E-001
  1 15 3 -0.52573192676630062E-002
  1 15 4 0.40309410605330519E-001
  1 15 5 -0.74812708871863712E-001
  1 15 6 0.94276704073153653E-001
  1 15 7 0.40309410605330519E-001
  1 15 8 -0.74812708871863712E-001
  1 15 9 0.94276704073153653E-001
  1 15 10 -0.74812708871863712E-001
  1 15 11 0.40309410605330519E-001
  1 15 12 -0.52573192676630062E-002
  1 15 13 -0.52573192676630062E-002
  1 15 14 0.94276704073153653E-001
  1 15 16 0.94276704073153653E-001
  1 15 17 -0.52573192676630062E-002
  1 15 18 0.62996199152434438E-002
  1 16 1 0.94276704073153653E-001
  1 16 2 -0.74812708871863712E-001
  1 16 3 0.40309410605330519E-001
  1 16 4 -0.52573192676630062E-002
  1 16 5 0.40309410605330519E-001
  1 16 6 -0.74812708871863712E-001
  1 16 7 -0.52573192676630062E-002
  1 16 8 0.40309410605330519E-001
  1 16 9 -0.74812708871863712E-001
  1 16 10 0.94276704073153653E-001
  1 16 11 -0.74812708871863712E-001
  1 16 12 0.40309410605330519E-001
  1 16 13 0.62996199152434438E-002
  1 16 14 -0.52573192676630062E-002
  1 16 15 0.94276704073153653E-001
  1 16 17 0.94276704073153653E-001
  1 16 18 -0.52573192676630062E-002
  1 17 1 -0.74812708871863712E-001
  1 17 2 0.94276704073153653E-001
  1 17 3 -0.74812708871863712E-001
  1 17 4 0.40309410605330519E-001
  1 17 5 -0.52573192676630062E-002
  1 17 6 0.40309410605330519E-001
  1 17 7 0.40309410605330519E-001
  1 17 8 -0.52573192676630062E-002
  1 17 9 0.40309410605330519E-001
  1 17 10 -0.74812708871863712E-001
  1 17 11 0.94276704073153653E-001
  1 17 12 -0.74812708871863712E-001
  1 17 13 -0.52573192676630062E-002
  1 17 14 0.62996199152434438E-002
  1 17 15 -0.52573192676630062E-002
  1 17 16 0.94276704073153653E-001
  1 17 18 0.94276704073153653E-001
  1 18 1 0.40309410605330519E-001
  1 18 2 -0.74812708871863712E-001
  1 18 3 0.94276704073153653E-001
  1 18 4 -0.74812708871863712E-001
  1 18 5 0.40309410605330519E-001
  1 18 6 -0.52573192676630062E-002
  1 18 7 -0.74812708871863712E-001
  1 18 8 0.40309410605330519E-001
  1 18 9 -0.52573192676630062E-002
  1 18 10 0.40309410605330519E-001
  1 18 11 -0.74812708871863712E-001
  1 18 12 0.94276704073153653E-001
  1 18 13 0.94276704073153653E-001
  1 18 14 -0.52573192676630062E-002
  1 18 15 0.62996199152434438E-002
  1 18 16 -0.52573192676630062E-002
  1 18 17 0.94276704073153653E-001
TERM-ud
  1 1 2 0.97263253384672677E-001
  1 1 3 -0.73368995119892757E-002
  1 1 4 0.34375691484223514E-002
  1 1 5 -0.73368995119892757E-002
  1 1 6 0.97263253384672677E-001
  1 1 7 0.97263253384672677E-001
  1 1 8 -0.41656895194274755E-001
  1 1 9 0.25610021445614955E-001
  1 1 10 -0.73368995119892757E-002
  1 1 11 0.25610021445614955E-001
  1 1 12 -0.41656895194274755E-001
  1 1 13 -0.73368995119892757E-002
  1 1 14 0.25610021445614955E-001
  1 1 15 -0.41656895194274755E-001
  1 1 16 0.97263253384672677E-001
  1 1 17 -0.41656895194274755E-001
  1 1 18 0.25610021445614955E-001
  1 2 1 0.97263253384672677E-001
  1 2 3 0.97263253384672677E-001
  1 2 4 -0.73368995119892757E-002
  1 2 5 0.34375691484223514E-002
  1 2 6 -0.73368995119892757E-002
  1 2 7 -0.41656895194274755E-001
  1 2 8 0.97263253384672677E-001
  1 2 9 -0.41656895194274755E-001
  1 2 10 0.25610021445614955E-001
  1 2 11 -0.73368995119892757E-002
  1 2 12 0.25610021445614955E-001
  1 2 13 0.25610021445614955E-001
  1 2 14 -0.73368995119892757E-002
  1 2 15 0.25610021445614955E-001
  1 2 16 -0.41656895194274755E-001
  1 2 17 0.97263253384672677E-001
  1 2 18 -0.41656895194274755E-001
  1 3 1 -0.73368995119892757E-002
  1 3 2 0.97263253384672677E-001
  1 3 4 0.97263253384672677E-001
  1 3 5 -0.73368995119892757E-002
  1 3 6 0.34375691484223514E-002
  1 3 7 0.25610021445614955E-001
  1 3 8 -0.41656895194274755E-001
  1 3 9 0.97263253384672677E-001
  1 3 10 -0.41656895194274755E-001
  1 3 11 0.25610021445614955E-001
  1 3 12 -0.73368995119892757E-002
  1 3 13 -0.41656895194274755E-001
  1 3 14 0.25610021445614955E-001
  1 3 15 -0.73368995119892757E-002
  1 3 16 0.25610021445614955E-001
  1 3 17 -0.41656895194274755E-001
  1 3 18 0.97263253384672677E-001
  1 4 1 0.34375691484223514E-002
  1 4 2 -0.73368995119892757E-002
  1 4 3 0.97263253384672677E-001
  1 4 5 0.97263253384672677E-001
  1 4 6 -0.73368995119892757E-002
  1 4 7 -0.73368995119892757E-002
  1 4 8 0.25610021445614955E-001
  1 4 9 -0.41656895194274755E-001
  1 4 10 0.97263253384672677E-001
  1 4 11 -0.41656895194274755E-001
  1 4 12 0.25610021445614955E-001
  1 4 13 0.97263253384672677E-001
  1 4 14 -0.41656895194274755E-001
  1 4 15 0.25610021445614955E-001
  1 4 16 -0.73368995119892757E-002
  1 4 17 0.25610021445614955E-001
  1 4 18 -0.41656895194274755E-001
  1 5 1 -0.73368995119892757E-002
  1 5 2 0.34375691484223514E-002
  1 5 3 -0.73368995119892757E-002
  1 5 4 0.97263253384672677E-001
  1 5 6 0.97263253384672677E-001
  1 5 7 0.25610021445614955E-001
  1 5 8 -0.73368995119892757E-002
  1 5 9 0.25610021445614955E-001
  1 5 10 -0.41656895194274755E-001
  1 5 11 0.97263253384672677E-001
  1 5 12 -0.41656895194274755E-001
  1 5 13 -0.41656895194274755E-001
  1 5 14 0.97263253384672677E-001
  1 5 15 -0.41656895194274755E-001
  1 5 16 0.25610021445614955E-001
  1 5 17 -0.73368995119892757E-002
  1 5 18 0.25610021445614955E-001
  1 6 1 0.97263253384672677E-001
  1 6 2 -0.73368995119892757E-002
  1 6 3 0.34375691484223514E-002
  1 6 4 -0.73368995119892757E-002
  1 6 5 0.97263253384672677E-001
  1 6 7 -0.41656895194274755E-001
  1 6 8 0.25610021445614955E-001
  1 6 9 -0.73368995119892757E-002
  1 6 10 0.25610021445614955E-001
  1 6 11 -0.41656895194274755E-001
  1 6 12 0.97263253384672677E-001
  1 6 13 0.25610021445614955E-001
  1 6 14 -0.41656895194274755E-001
  1 6 15 0.97263253384672677E-001
  1 6 16 -0.41656895194274755E-001
  1 6 17 0.25610021445614955E-001
  1 6 18 -0.73368995119892757E-002
  1 7 1 0.97263253384672677E-001
  1 7 2 -0.41656895194274755E-001
  1 7 3 0.25610021445614955E-001
  1 7 4 -0.73368995119892757E-002
  1 7 5 0.25610021445614955E-001
  1 7 6 -0.41656895194274755E-001
  1 7 8 0.97263253384672677E-001
  1 7 9 -0.73368995119892757E-002
  1 7 10 0.34375691484223514E-002
  1 7 11 -0.73368995119892757E-002
  1 7 12 0.97263253384672677E-001
  1 7 13 0.97263253384672677E-001
  1 7 14 -0.41656895194274755E-001
  1 7 15 0.25610021445614955E-001
  1 7 16 -0.73368995119892757E-002
  1 7 17 0.25610021445614955E-001
  1 7 18 -0.41656895194274755E-001
  1 8 1 -0.41656895194274755E-001
  1 8 2 0.97263253384672677E-001
  1 8 3 -0.41656895194274755E-001
  1 8 4 0.25610021445614955E-001
  1 8 5 -0.73368995119892757E-002
  1 8 6 0.25610021445614955E-001
  1 8 7 0.97263253384672677E-001
  1 8 9 0.97263253384672677E-001
  1 8 10 -0.73368995119892757E-002
  1 8 11 0.34375691484223514E-002
  1 8 12 -0.73368995119892757E-002
  1 8 13 -0.41656895194274755E-001
  1 8 14 0.97263253384672677E-001
  1 8 15 -0.41656895194274755E-001
  1 8 16 0.25610021445614955E-001
  1 8 17 -0.73368995119892757E-002
  1 8 18 0.25610021445614955E-001
  1 9 1 0.25610021445614955E-001
  1 9 2 -0.41656895194274755E-001
  1 9 3 0.97263253384672677E-001
  1 9 4 -0.41656895194274755E-001
  1 9 5 0.25610021445614955E-001
  1 9 6 -0.73368995119892757E-002
  1 9 7 -0.73368995119892757E-002
  1 9 8 0.97263253384672677E-001
  1 9 10 0.97263253384672677E-001
  1 9 11 -0.73368995119892757E-002
  1 9 12 0.34375691484223514E-002
  1 9 13 0.25610021445614955E-001
  1 9 14 -0.41656895194274755E-001
  1 9 15 0.97263253384672677E-001
  1 9 16 -0.41656895194274755E-001
  1 9 17 0.25610021445614955E-001
  1 9 18 -0.73368995119892757E-002
  1 10 1 -0.73368995119892757E-002
  1 10 2 0.25610021445614955E-001
  1 10 3 -0.41656895194274755E-001
  1 10 4 0.97263253384672677E-001
  1 10 5 -0.41656895194274755E-001
  1 10 6 0.25610021445614955E-001
  1 10 7 0.34375691484223514E-002
  1 10 8 -0.73368995119892757E-002
  1 10 9 0.97263253384672677E-001
  1 10 11 0.97263253384672677E-001
  1 10 12 -0.73368995119892757E-002
  1 10 13 -0.73368995119892757E-002
  1 10 14 0.25610021445614955E-001
  1 10 15 -0.41656895194274755E-001
  1 10 16 0.97263253384672677E-001
  1 10 17 -0.41656895194274755E-001
  1 10 18 0.25610021445614955E-001
  1 11 1 0.25610021445614955E-001
  1 11 2 -0.73368995119892757E-002
  1 11 3 0.25610021445614955E-001
  1 11 4 -0.41656895194274755E-001
  1 11 5 0.97263253384672677E-001
  1 11 6 -0.41656895194274755E-001
  1 11 7 -0.73368995119892757E-002
  1 11 8 0.34375691484223514E-002
  1 11 9 -0.73368995119892757E-002
  1 11 10 0.97263253384672677E-001
  1 11 12 0.97263253384672677E-001
  1 11 13 0.25610021445614955E-001
  1 11 14 -0.73368995119892757E-002
  1 11 15 0.25610021445614955E-001
  1 11 16 -0.41656895194274755E-001
  1 11 17 0.97263253384672677E-001
  1 11 18 -0.41656895194274755E-001
  1 12 1 -0.41656895194274755E-001
  1 12 2 0.25610021445614955E-001
  1 12 3 -0.73368995119892757E-002
  1 12 4 0.25610021445614955E-001
  1 12 5 -0.41656895194274755E-001
  1 12 6 0.97263253384672677E-001
  1 12 7 0.97263253384672677E-001
  1 12 8 -0.73368995119892757E-002
  1 12 9 0.34375691484223514E-002
  1 12 10 -0.73368995119892757E-002
  1 12 11 0.97263253384672677E-001
  1 12 13 -0.41656895194274755E-001
  1 12 14 0.25610021445614955E-001
  1 12 15 -0.73368995119892757E-002
  1 12 16 0.25610021445614955E-001
  1 12 17 -0.41656895194274755E-001
  1 12 18 0.97263253384672677E-001
  1 13 1 -0.73368995119892757E-002
  1 13 2 0.25610021445614955E-001
  1 13 3 -0.41656895194274755E-001
  1 13 4 0.97263253384672677E-001
  1 13 5 -0.41656895194274755E-001
  1 13 6 0.25610021445614955E-001
  1 13 7 0.97263253384672677E-001
  1 13 8 -0.41656895194274755E-001
  1 13 9 0.25610021445614955E-001
  1 13 10 -0.73368995119892757E-002
  1 13 11 0.25610021445614955E-001
  1 13 12 -0.41656895194274755E-001
  1 13 14 0.97263253384672677E-001
  1 13 15 -0.73368995119892757E-002
  1 13 16 0.34375691484223514E-002
  1 13 17 -0.73368995119892757E-002
  1 13 18 0.97263253384672677E-001
  1 14 1 0.25610021445614955E-001
  1 14 2 -0.73368995119892757E-002
  1 14 3 0.25610021445614955E-001
  1 14 4 -0.41656895194274755E-001
  1 14 5 0.97263253384672677E-001
  1 14 6 -0.41656895194274755E-001
  1 14 7 -0.41656895194274755E-001
  1 14 8 0.97263253384672677E-001
  1 14 9 -0.41656895194274755E-001
  1 14 10 0.25610021445614955E-001
  1 14 11 -0.73368995119892757E-002
  1 14 12 0.25610021445614955E-001
  1 14 13 0.97263253384672677E-001
  1 14 15 0.97263253384672677E-001
  1 14 16 -0.73368995119892757E-002
  1 14 17 0.34375691484223514E-002
  1 14 18 -0.73368995119892757E-002
  1 15 1 -0.41656895194274755E-001
  1 15 2 0.25610021445614955E-001
  1 15 3 -0.73368995119892757E-002
  1 15 4 0.25610021445614955E-001
  1 15 5 -0.41656895194274755E-001
  1 15 6 0.97263253384672677E-001
  1 15 7 0.25610021445614955E-001
  1 15 8 -0.41656895194274755E-001
  1 15 9 0.97263253384672677E-001
  1 15 10 -0.41656895194274755E-001
  1 15 11 0.25610021445614955E-001
  1 15 12 -0.73368995119892757E-002
  1 15 13 -0.73368995119892757E-002
  1 15 14 0.97263253384672677E-001
  1 15 16 0.97263253384672677E-001
  1 15 17 -0.73368995119892757E-002
  1 15 18 0.34375691484223514E-002
  1 16 1 0.97263253384672677E-001
  1 16 2 -0.41656895194274755E-001
  1 16 3 0.25610021445614955E-001
  1 16 4 -0.73368995119892757E-002
  1 16 5 0.25610021445614955E-001
  1 16 6 -0.41656895194274755E-001
  1 16 7 -0.73368995119892757E-002
  1 16 8 0.25610021445614955E-001
  1 16 9 -0.41656895194274755E-001
  1 16 10 0.97263253384672677E-001
  1 16 11 -0.41656895194274755E-001
  1 16 12 0.25610021445614955E-001
  1 16 13 0.34375691484223514E-002
  1 16 14 -0.73368995119892757E-002
  1 16 15 0.97263253384672677E-001
  1 16 17 0.97263253384672677E-001
  1 16 18 -0.73368995119892757E-002
  1 17 1 -0.41656895194274755E-001
  1 17 2 0.97263253384672677E-001
  1 17 3 -0.41656895194274755E-001
  1 17 4 0.25610021445614955E-001
  1 17 5 -0.73368995119892757E-002
  1 17 6 0.25610021445614955E-001
  1 17 7 0.25610021445614955E-001
  1 17 8 -0.73368995119892757E-002
  1 17 9 0.25610021445614955E-001
  1 17 10 -0.41656895194274755E-001
  1 17 11 0.97263253384672677E-001
  1 17 12 -0.41656895194274755E-001
  1 17 13 -0.73368995119892757E-002
  1 17 14 0.34375691484223514E-002
  1 17 15 -0.73368995119892757E-002
  1 17 16 0.97263253384672677E-001
  1 17 18 0.97263253384672677E-001
  1 18 1 0.25610021445614955E-001
  1 18 2 -0.41656895194274755E-001
  1 18 3 0.97263253384672677E-001
  1 18 4 -0.41656895194274755E-001
  1 18 5 0.25610021445614955E-001
  1 18 6 -0.73368995119892757E-002
  1 18 7 -0.41656895194274755E-001
  1 18 8 0.25610021445614955E-001
  1 18 9 -0.73368995119892757E-002
  1 18 10 0.25610021445614955E-001
  1 18 11 -0.41656895194274755E-001
  1 18 12 0.97263253384672677E-001
  1 18 13 0.97263253384672677E-001
  1 18 14 -0.73368995119892757E-002
  1 18 15 0.34375691484223514E-002
  1 18 16 -0.73368995119892757E-002
  1 18 17 0.97263253384672677E-001
TERM-d0
  2 1 2 0.94276704073153653E-001
  2 1 3 -0.52573192676630062E-002
  2 1 4 0.62996199152434438E-002
  2 1 5 -0.52573192676630062E-002
  2 1 6 0.94276704073153653E-001
  2 1 7 0.94276704073153653E-001
  2 1 8 -0.74812708871863712E-001
  2 1 9 0.40309410605330519E-001
  2 1 10 -0.52573192676630062E-002
  2 1 11 0.40309410605330519E-001
  2 1 12 -0.74812708871863712E-001
  2 1 13 -0.52573192676630062E-002
  2 1 14 0.40309410605330519E-001
  2 1 15 -0.74812708871863712E-001
  2 1 16 0.94276704073153653E-001
  2 1 17 -0.74812708871863712E-001
  2 1 18 0.40309410605330519E-001
  2 2 1 0.94276704073153653E-001
  2 2 3 0.94276704073153653E-001
  2 2 4 -0.52573192676630062E-002
  2 2 5 0.62996199152434438E-002
  2 2 6 -0.52573192676630062E-002
  2 2 7 -0.74812708871863712E-001
  2 2 8 0.94276704073153653E-001
  2 2 9 -0.74812708871863712E-001
  2 2 10 0.40309410605330519E-001
  2 2 11 -0.52573192676630062E-002
  2 2 12 0.40309410605330519E-001
  2 2 13 0.40309410605330519E-001
  2 2 14 -0.52573192676630062E-002
  2 2 15 0.40309410605330519E-001
  2 2 16 -0.74812708871863712E-001
  2 2 17 0.94276704073153653E-001
  2 2 18 -0.74812708871863712E-001
  2 3 1 -0.52573192676630062E-002
  2 3 2 0.94276704073153653E-001
  2 3 4 0.94276704073153653E-001
  2 3 5 -0.52573192676630062E-002
  2 3 6 0.62996199152434438E-002
  2 3 7 0.40309410605330519E-001
  2 3 8 -0.74812708871863712E-001
  2 3 9 0.94276704073153653E-001
  2 3 10 -0.74812708871863712E-001
  2 3 11 0.40309410605330519E-001
  2 3 12 -0.52573192676630062E-002
  2 3 13 -0.74812708871863712E-001
  2 3 14 0.40309410605330519E-001
  2 3 15 -0.52573192676630062E-002
  2 3 16 0.40309410605330519E-001
  2 3 17 -0.74812708871863712E-001
  2 3 18 0.94276704073153653E-001
  2 4 1 0.62996199152434438E-002
  2 4 2 -0.52573192676630062E-002
  2 4 3 0.94276704073153653E-001
  2 4 5 0.94276704073153653E-001
  2 4 6 -0.52573192676630062E-002
  2 4 7 -0.52573192676630062E-002
  2 4 8 0.40309410605330519E-001
  2 4 9 -0.74812708871863712E-001
  2 4 10 0.94276704073153653E-001
  2 4 11 -0.74812708871863712E-001
  2 4 12 0.40309410605330519E-001
  2 4 13 0.94276704073153653E-001
  2 4 14 -0.74812708871863712E-001
  2 4 15 0.40309410605330519E-001
  2 4 16 -0.52573192676630062E-002
  2 4 17 0.40309410605330519E-001
  2 4 18 -0.74812708871863712E-001
  2 5 1 -0.52573192676630062E-002
  2 5 2 0.62996199152434438E-002
  2 5 3 -0.52573192676630062E-002
  2 5 4 0.94276704073153653E-001
  2 5 6 0.94276704073153653E-001
  2 5 7 0.40309410605330519E-001
  2 5 8 -0.52573192676630062E-002
  2 5 9 0.40309410605330519E-001
  2 5 10 -0.74812708871863712E-001
  2 5 11 0.94276704073153653E-001
  2 5 12 -0.74812708871863712E-001
  2 5 13 -0.74812708871863712E-001
  2 5 14 0.94276704073153653E-001
  2 5 15 -0.74812708871863712E-001
  2 5 16 0.40309410605330519E-001
  2 5 17 -0.52573192676630062E-002
  2 5 18 0.40309410605330519E-001
  2 6 1 0.94276704073153653E-001
  2 6 2 -0.52573192676630062E-002
  2 6 3 0.62996199152434438E-002
  2 6 4 -0.52573192676630062E-002
  2 6 5 0.94276704073153653E-001
  2 6 7 -0.74812708871863712E-001
  2 6 8 0.40309410605330519E-001
  2 6 9 -0.52573192676630062E-002
  2 6 10 0.40309410605330519E-001
  2 6 11 -0.74812708871863712E-001
  2 6 12 0.94276704073153653E-001
  2 6 13 0.40309410605330519E-001
  2 6 14 -0.74812708871863712E-001
  2 6 15 0.94276704073153653E-001
  2 6 16 -0.74812708871863712E-001
  2 6 17 0.40309410605330519E-001
  2 6 18 -0.52573192676630062E-002
  2 7 1 0.94276704073153653E-001
  2 7 2 -0.74812708871863712E-001
  2 7 3 0.40309410605330519E-001
  2 7 4 -0.52573192676630062E-002
  2 7 5 0.40309410605330519E-001
  2 7 6 -0.74812708871863712E-001
  2 7 8 0.94276704073153653E-001
  2 7 9 -0.52573192676630062E-002
  2 7 10 0.62996199152434438E-002
  2 7 11 -0.52573192676630062E-002
  2 7 12 0.94276704073153653E-001
  2 7 13 0.94276704073153653E-001
  2 7 14 -0.74812708871863712E-001
  2 7 15 0.40309410605330519E-001
  2 7 16 -0.52573192676630062E-002
  2 7 17 0.40309410605330519E-001
  2 7 18 -0.74812708871863712E-001
  2 8 1 -0.74812708871863712E-001
  2 8 2 0.94276704073153653E-001
  2 8 3 -0.74812708871863712E-001
  2 8 4 0.40309410605330519E-001
  2 8 5 -0.52573192676630062E-002
  2 8 6 0.40309410605330519E-001
  2 8 7 0.94276704073153653E-001
  2 8 9 0.94276704073153653E-001
  2 8 10 -0.52573192676630062E-002
  2 8 11 0.62996199152434438E-002
  2 8 12 -0.52573192676630062E-002
  2 8 13 -0.74812708871863712E-001
  2 8 14 0.94276704073153653E-001
  2 8 15 -0.74812708871863712E-001
  2 8 16 0.40309410605330519E-001
  2 8 17 -0.52573192676630062E-002
  2 8 18 0.40309410605330519E-001
  2 9 1 0.40309410605330519E-001
  2 9 2 -0.74812708871863712E-001
  2 9 3 0.94276704073153653E-001
  2 9 4 -0.74812708871863712E-001
  2 9 5 0.40309410605330519E-001
  2 9 6 -0.52573192676630062E-002
  2 9 7 -0.52573192676630062E-002
  2 9 8 0.94276704073153653E-001
  2 9 10 0.94276704073153653E-001
  2 9 11 -0.52573192676630062E-002
  2 9 12 0.62996199152434438E-002
  2 9 13 0.40309410605330519E-001
  2 9 14 -0.74812708871863712E-001
  2 9 15 0.94276704073153653E-001
  2 9 16 -0.74812708871863712E-001
  2 9 17 0.40309410605330519E-001
  2 9 18 -0.52573192676630062E-002
  2 10 1 -0.52573192676630062E-002
  2 10 2 0.40309410605330519E-001
  2 10 3 -0.74812708871863712E-001
  2 10 4 0.94276704073153653E-001
  2 10 5 -0.74812708871863712E-001
  2 10 6 0.40309410605330519E-001
  2 10 7 0.62996199152434438E-002
  2 10 8 -0.52573192676630062E-002
  2 10 9 0.94276704073153653E-001
  2 10 11 0.94276704073153653E-001
  2 10 12 -0.52573192676630062E-002
  2 10 13 -0.52573192676630062E-002
  2 10 14 0.40309410605330519E-001
  2 10 15 -0.74812708871863712E-001
  2 10 16 0.94276704073153653E-001
  2 10 17 -0.74812708871863712E-001
  2 10 18 0.40309410605330519E-001
  2 11 1 0.40309410605330519E-001
  2 11 2 -0.52573192676630062E-002
  2 11 3 0.40309410605330519E-001
  2 11 4 -0.74812708871863712E-001
  2 11 5 0.94276704073153653E-001
  2 11 6 -0.74812708871863712E-001
  2 11 7 -0.52573192676630062E-002
  2 11 8 0.62996199152434438E-002
  2 11 9 -0.52573192676630062E-002
  2 11 10 0.94276704073153653E-001
  2 11 12 0.94276704073153653E-001
  2 11 13 0.40309410605330519E-001
  2 11 14 -0.52573192676630062E-002
  2 11 15 0.40309410605330519E-001
  2 11 16 -0.74812708871863712E-001
  2 11 17 0.94276704073153653E-001
  2 11 18 -0.74812708871863712E-001
  2 12 1 -0.74812708871863712E-001
  2 12 2 0.40309410605330519E-001
  2 12 3 -0.52573192676630062E-002
  2 12 4 0.40309410605330519E-001
  2 12 5 -0.74812708871863712E-001
  2 12 6 0.94276704073153653E-001
  2 12 7 0.94276704073153653E-001
  2 12 8 -0.52573192676630062E-002
  2 12 9 0.62996199152434438E-002
  2 12 10 -0.52573192676630062E-002
  2 12 11 0.94276704073153653E-001
  2 12 13 -0.74812708871863712E-001
  2 12 14 0.40309410605330519E-001
  2 12 15 -0.52573192676630062E-002
  2 12 16 0.40309410605330519E-001
  2 12 17 -0.74812708871863712E-001
  2 12 18 0.94276704073153653E-001
  2 13 1 -0.52573192676630062E-002
  2 13 2 0.40309410605330519E-001
  2 13 3 -0.74812708871863712E-001
  2 13 4 0.94276704073153653E-001
  2 13 5 -0.74812708871863712E-001
  2 13 6 0.40309410605330519E-001
  2 13 7 0.94276704073153653E-001
  2 13 8 -0.74812708871863712E-001
  2 13 9 0.40309410605330519E-001
  2 13 10 -0.52573192676630062E-002
  2 13 11 0.40309410605330519E-001
  2 13 12 -0.74812708871863712E-001
  2 13 14 0.94276704073153653E-001
  2 13 15 -0.52573192676630062E-002
  2 13 16 0.62996199152434438E-002
  2 13 17 -0.52573192676630062E-002
  2 13 18 0.94276704073153653E-001
  2 14 1 0.40309410605330519E-001
  2 14 2 -0.52573192676630062E-002
  2 14 3 0.40309410605330519E-001
  2 14 4 -0.74812708871863712E-001
  2 14 5 0.94276704073153653E-001
  2 14 6 -0.74812708871863712E-001
  2 14 7 -0.74812708871863712E-001
  2 14 8 0.94276704073153653E-001
  2 14 9 -0.74812708871863712E-001
  2 14 10 0.40309410605330519E-001
  2 14 11 -0.52573192676630062E-002
  2 14 12 0.40309410605330519E-001
  2 14 13 0.94276704073153653E-001
  2 14 15 0.94276704073153653E-001
  2 14 16 -0.52573192676630062E-002
  2 14 17 0.62996199152434438E-002
  2 14 18 -0.52573192676630062E-002
  2 15 1 -0.74812708871863712E-001
  2 15 2 0.40309410605330519E-001
  2 15 3 -0.52573192676630062E-002
  2 15 4 0.40309410605330519E-001
  2 15 5 -0.74812708871863712E-001
  2 15 6 0.94276704073153653E-001
  2 15 7 0.40309410605330519E-001
  2 15 8 -0.74812708871863712E-001
  2 15 9 0.94276704073153653E-001
  2 15 10 -0.74812708871863712E-001
  2 15 11 0.40309410605330519E-001
  2 15 12 -0.52573192676630062E-002
  2 15 13 -0.52573192676630062E-002
  2 15 14 0.94276704073153653E-001
  2 15 16 0.94276704073153653E-001
  2 15 17 -0.52573192676630062E-002
  2 15 18 0.62996199152434438E-002
  2 16 1 0.94276704073153653E-001
  2 16 2 -0.74812708871863712E-001
  2 16 3 0.40309410605330519E-001
  2 16 4 -0.52573192676630062E-002
  2 16 5 0.40309410605330519E-001
  2 16 6 -0.74812708871863712E-001
  2 16 7 -0.52573192676630062E-002
  2 16 8 0.40309410605330519E-001
  2 16 9 -0.74812708871863712E-001
  2 16 10 0.94276704073153653E-001
  2 16 11 -0.74812708871863712E-001
  2 16 12 0.40309410605330519E-001
  2 16 13 0.62996199152434438E-002
  2 16 14 -0.52573192676630062E-002
  2 16 15 0.94276704073153653E-001
  2 16 17 0.94276704073153653E-001
  2 16 18 -0.52573192676630062E-002
  2 17 1 -0.74812708871863712E-001
  2 17 2 0.94276704073153653E-001
  2 17 3 -0.74812708871863712E-001
  2 17 4 0.40309410605330519E-001
  2 17 5 -0.52573192676630062E-002
  2 17 6 0.40309410605330519E-001
  2 17 7 0.40309410605330519E-001
  2 17 8 -0.52573192676630062E-002
  2 17 9 0.40309410605330519E-001
  2 17 10 -0.74812708871863712E-001
  2 17 11 0.94276704073153653E-001
  2 17 12 -0.74812708871863712E-001
  2 17 13 -0.52573192676630062E-002
  2 17 14 0.62996199152434438E-002
  2 17 15 -0.52573192676630062E-002
  2 17 16 0.94276704073153653E-001
  2 17 18 0.94276704073153653E-001
  2 18 1 0.40309410605330519E-001
  2 18 2 -0.74812708871863712E-001
  2 18 3 0.94276704073153653E-001
  2 18 4 -0.74812708871863712E-001
  2 18 5 0.40309410605330519E-001
  2 18 6 -0.52573192676630062E-002
  2 18 7 -0.74812708871863712E-001
  2 18 8 0.40309410605330519E-001
  2 18 9 -0.52573192676630062E-002
  2 18 10 0.40309410605330519E-001
  2 18 11 -0.74812708871863712E-001
  2 18 12 0.94276704073153653E-001
  2 18 13 0.94276704073153653E-001
  2 18 14 -0.52573192676630062E-002
  2 18 15 0.62996199152434438E-002
  2 18 16 -0.52573192676630062E-002
  2 18 17 0.94276704073153653E-001
TERM-du
  2 1 2 0.97263253384672677E-001
  2 1 3 -0.73368995119892757E-002
  2 1 4 0.34375691484223514E-002
  2 1 5 -0.73368995119892757E-002
  2 1 6 0.97263253384672677E-001
  2 1 7 0.97263253384672677E-001
  2 1 8 -0.41656895194274755E-001
  2 1 9 0.25610021445614955E-001
  2 1 10 -0.73368995119892757E-002
  2 1 11 0.25610021445614955E-001
  2 1 12 -0.41656895194274755E-001
  2 1 13 -0.73368995119892757E-002
  2 1 14 0.25610021445614955E-001
  2 1 15 -0.41656895194274755E-001
  2 1 16 0.97263253384672677E-001
  2 1 17 -0.41656895194274755E-001
  2 1 18 0.25610021445614955E-001
  2 2 1 0.97263253384672677E-001
  2 2 3 0.97263253384672677E-001
  2 2 4 -0.73368995119892757E-002
  2 2 5 0.34375691484223514E-002
  2 2 6 -0.73368995119892757E-002
  2 2 7 -0.41656895194274755E-001
  2 2 8 0.97263253384672677E-001
  2 2 9 -0.41656895194274755E-001
  2 2 10 0.25610021445614955E-001
  2 2 11 -0.73368995119892757E-002
  2 2 12 0.25610021445614955E-001
  2 2 13 0.25610021445614955E-001
  2 2 14 -0.73368995119892757E-002
  2 2 15 0.25610021445614955E-001
  2 2 16 -0.41656895194274755E-001
  2 2 17 0.97263253384672677E-001
  2 2 18 -0.41656895194274755E-001
  2 3 1 -0.73368995119892757E-002
  2 3 2 0.97263253384672677E-001
  2 3 4 0.97263253384672677E-001
  2 3 5 -0.73368995119892757E-002
  2 3 6 0.34375691484223514E-002
  2 3 7 0.25610021445614955E-001
  2 3 8 -0.41656895194274755E-001
  2 3 9 0.97263253384672677E-001
  2 3 10 -0.41656895194274755E-001
  2 3 11 0.25610021445614955E-001
  2 3 12 -0.73368995119892757E-002
  2 3 13 -0.41656895194274755E-001
  2 3 14 0.25610021445614955E-001
  2 3 15 -0.73368995119892757E-002
  2 3 16 0.25610021445614955E-001
  2 3 17 -0.41656895194274755E-001
  2 3 18 0.97263253384672677E-001
  2 4 1 0.34375691484223514E-002
  2 4 2 -0.73368995119892757E-002
  2 4 3 0.97263253384672677E-001
  2 4 5 0.97263253384672677E-001
  2 4 6 -0.73368995119892757E-002
  2 4 7 -0.73368995119892757E-002
  2 4 8 0.25610021445614955E-001
  2 4 9 -0.41656895194274755E-001
  2 4 10 0.97263253384672677E-001
  2 4 11 -0.41656895194274755E-001
  2 4 12 0.25610021445614955E-001
  2 4 13 0.97263253384672677E-001
  2 4 14 -0.41656895194274755E-001
  2 4 15 0.25610021445614955E-001
  2 4 16 -0.73368995119892757E-002
  2 4 17 0.25610021445614955E-001
  2 4 18 -0.41656895194274755E-001
  2 5 1 -0.73368995119892757E-002
  2 5 2 0.34375691484223514E-002
  2 5 3 -0.73368995119892757E-002
  2 5 4 0.97263253384672677E-001
  2 5 6 0.97263253384672677E-001
  2 5 7 0.25610021445614955E-001
  2 5 8 -0.73368995119892757E-002
  2 5 9 0.25610021445614955E-001
  2 5 10 -0.41656895194274755E-001
  2 5 11 0.97263253384672677E-001
  2 5 12 -0.41656895194274755E-001
  2 5 13 -0.41656895194274755E-001
  2 5 14 0.97263253384672677E-001
  2 5 15 -0.41656895194274755E-001
  2 5 16 0.25610021445614955E-001
  2 5 17 -0.73368995119892757E-002
  2 5 18 0.25610021445614955E-001
  2 6 1 0.97263253384672677E-001
  2 6 2 -0.73368995119892757E-002
  2 6 3 0.34375691484223514E-002
  2 6 4 -0.73368995119892757E-002
  2 6 5 0.97263253384672677E-001
  2 6 7 -0.41656895194274755E-001
  2 6 8 0.25610021445614955E-001
  2 6 9 -0.73368995119892757E-002
  2 6 10 0.25610021445614955E-001
  2 6 11 -0.41656895194274755E-001
  2 6 12 0.97263253384672677E-001
  2 6 13 0.25610021445614955E-001
  2 6 14 -0.41656895194274755E-001
  2 6 15 0.97263253384672677E-001
  2 6 16 -0.41656895194274755E-001
  2 6 17 0.25610021445614955E-001
  2 6 18 -0.73368995119892757E-002
  2 7 1 0.97263253384672677E-001
  2 7 2 -0.41656895194274755E-001
  2 7 3 0.25610021445614955E-001
  2 7 4 -0.73368995119892757E-002
  2 7 5 0.25610021445614955E-001
  2 7 6 -0.41656895194274755E-001
  2 7 8 0.97263253384672677E-001
  2 7 9 -0.73368995119892757E-002
  2 7 10 0.34375691484223514E-002
  2 7 11 -0.73368995119892757E-002
  2 7 12 0.97263253384672677E-001
  2 7 13 0.97263253384672677E-001
  2 7 14 -0.41656895194274755E-001
  2 7 15 0.25610021445614955E-001
  2 7 16 -0.73368995119892757E-002
  2 7 17 0.25610021445614955E-001
  2 7 18 -0.41656895194274755E-001
  2 8 1 -0.41656895194274755E-001
  2 8 2 0.97263253384672677E-001
  2 8 3 -0.41656895194274755E-001
  2 8 4 0.25610021445614955E-001
  2 8 5 -0.73368995119892757E-002
  2 8 6 0.25610021445614955E-001
  2 8 7 0.97263253384672677E-001
  2 8 9 0.97263253384672677E-001
  2 8 10 -0.73368995119892757E-002
  2 8 11 0.34375691484223514E-002
  2 8 12 -0.73368995119892757E-002
  2 8 13 -0.41656895194274755E-001
  2 8 14 0.97263253384672677E-001
  2 8 15 -0.41656895194274755E-001
  2 8 16 0.25610021445614955E-001
  2 8 17 -0.73368995119892757E-002
  2 8 18 0.25610021445614955E-001
  2 9 1 0.25610021445614955E-001
  2 9 2 -0.41656895194274755E-001
  2 9 3 0.97263253384672677E-001
  2 9 4 -0.41656895194274755E-001
  2 9 5 0.25610021445614955E-001
  2 9 6 -0.73368995119892757E-002
  2 9 7 -0.73368995119892757E-002
  2 9 8 0.97263253384672677E-001
  2 9 10 0.97263253384672677E-001
  2 9 11 -0.73368995119892757E-002
  2 9 12 0.34375691484223514E-002
  2 9 13 0.25610021445614955E-001
  2 9 14 -0.41656895194274755E-001
  2 9 15 0.97263253384672677E-001
  2 9 16 -0.41656895194274755E-001
  2 9 17 0.25610021445614955E-001
  2 9 18 -0.73368995119892757E-002
  2 10 1 -0.73368995119892757E-002
  2 10 2 0.25610021445614955E-001
  2 10 3 -0.41656895194274755E-001
  2 10 4 0.97263253384672677E-001
  2 10 5 -0.41656895194274755E-001
  2 10 6 0.25610021445614955E-001
  2 10 7 0.34375691484223514E-002
  2 10 8 -0.73368995119892757E-002
  2 10 9 0.97263253384672677E-001
  2 10 11 0.97263253384672677E-001
  2 10 12 -0.73368995119892757E-002
  2 10 13 -0.73368995119892757E-002
  2 10 14 0.25610021445614955E-001
  2 10 15 -0.41656895194274755E-001
  2 10 16 0.97263253384672677E-001
  2 10 17 -0.41656895194274755E-001
  2 10 18 0.25610021445614955E-001
  2 11 1 0.25610021445614955E-001
  2 11 2 -0.73368995119892757E-002
  2 11 3 0.25610021445614955E-001
  2 11 4 -0.41656895194274755E-001
  2 11 5 0.97263253384672677E-001
  2 11 6 -0.41656895194274755E-001
  2 11 7 -0.73368995119892757E-002
  2 11 8 0.34375691484223514E-002
  2 11 9 -0.73368995119892757E-002
  2 11 10 0.97263253384672677E-001
  2 11 12 0.97263253384672677E-001
  2 11 13 0.25610021445614955E-001
  2 11 14 -0.73368995119892757E-002
  2 11 15 0.25610021445614955E-001
  2 11 16 -0.41656895194274755E-001
  2 11 17 0.97263253384672677E-001
  2 11 18 -0.41656895194274755E-001
  2 12 1 -0.41656895194274755E-001
  2 12 2 0.25610021445614955E-001
  2 12 3 -0.73368995119892757E-002
  2 12 4 0.25610021445614955E-001
  2 12 5 -0.41656895194274755E-001
  2 12 6 0.97263253384672677E-001
  2 12 7 0.97263253384672677E-001
  2 12 8 -0.73368995119892757E-002
  2 12 9 0.34375691484223514E-002
  2 12 10 -0.73368995119892757E-002
  2 12 11 0.97263253384672677E-001
  2 12 13 -0.41656895194274755E-001
  2 12 14 0.25610021445614955E-001
  2 12 15 -0.73368995119892757E-002
  2 12 16 0.25610021445614955E-001
  2 12 17 -0.41656895194274755E-001
  2 12 18 0.97263253384672677E-001
  2 13 1 -0.73368995119892757E-002
  2 13 2 0.25610021445614955E-001
  2 13 3 -0.41656895194274755E-001
  2 13 4 0.97263253384672677E-001
  2 13 5 -0.41656895194274755E-001
  2 13 6 0.25610021445614955E-001
  2 13 7 0.97263253384672677E-001
  2 13 8 -0.41656895194274755E-001
  2 13 9 0.25610021445614955E-001
  2 13 10 -0.73368995119892757E-002
  2 13 11 0.25610021445614955E-001
  2 13 12 -0.41656895194274755E-001
  2 13 14 0.97263253384672677E-001
  2 13 15 -0.73368995119892757E-002
  2 13 16 0.34375691484223514E-002
  2 13 17 -0.73368995119892757E-002
  2 13 18 0.97263253384672677E-001
  2 14 1 0.25610021445614955E-001
  2 14 2 -0.73368995119892757E-002
  2 14 3 0.25610021445614955E-001
  2 14 4 -0.41656895194274755E-001
  2 14 5 0.97263253384672677E-001
  2 14 6 -0.41656895194274755E-001
  2 14 7 -0.41656895194274755E-001
  2 14 8 0.97263253384672677E-001
  2 14 9 -0.41656895194274755E-001
  2 14 10 0.25610021445614955E-001
  2 14 11 -0.73368995119892757E-002
  2 14 12 0.25610021445614955E-001
  2 14 13 0.97263253384672677E-001
  2 14 15 0.97263253384672677E-001
  2 14 16 -0.73368995119892757E-002
  2 14 17 0.34375691484223514E-002
  2 14 18 -0.73368995119892757E-002
  2 15 1 -0.41656895194274755E-001
  2 15 2 0.25610021445614955E-001
  2 15 3 -0.73368995119892757E-002
  2 15 4 0.25610021445614955E-001
  2 15 5 -0.41656895194274755E-001
  2 15 6 0.97263253384672677E-001
  2 15 7 0.25610021445614955E-001
  2 15 8 -0.41656895194274755E-001
  2 15 9 0.97263253384672677E-001
  2 15 10 -0.41656895194274755E-001
  2 15 11 0.25610021445614955E-001
  2 15 12 -0.73368995119892757E-002
  2 15 13 -0.73368995119892757E-002
  2 15 14 0.97263253384672677E-001
  2 15 16 0.97263253384672677E-001
  2 15 17 -0.73368995119892757E-002
  2 15 18 0.34375691484223514E-002
  2 16 1 0.97263253384672677E-001
  2 16 2 -0.41656895194274755E-001
  2 16 3 0.25610021445614955E-001
  2 16 4 -0.73368995119892757E-002
  2 16 5 0.25610021445614955E-001
  2 16 6 -0.41656895194274755E-001
  2 16 7 -0.73368995119892757E-002
  2 16 8 0.25610021445614955E-001
  2 16 9 -0.41656895194274755E-001
  2 16 10 0.97263253384672677E-001
  2 16 11 -0.41656895194274755E-001
  2 16 12 0.25610021445614955E-001
  2 16 13 0.34375691484223514E-002
  2 16 14 -0.73368995119892757E-002
  2 16 15 0.97263253384672677E-001
  2 16 17 0.97263253384672677E-001
  2 16 18 -0.73368995119892757E-002
  2 17 1 -0.41656895194274755E-001
  2 17 2 0.97263253384672677E-001
  2 17 3 -0.41656895194274755E-001
  2 17 4 0.25610021445614955E-001
  2 17 5 -0.73368995119892757E-002
  2 17 6 0.25610021445614955E-001
  2 17 7 0.25610021445614955E-001
  2 17 8 -0.73368995119892757E-002
  2 17 9 0.25610021445614955E-001
  2 17 10 -0.41656895194274755E-001
  2 17 11 0.97263253384672677E-001
  2 17 12 -0.41656895194274755E-001
  2 17 13 -0.73368995119892757E-002
  2 17 14 0.34375691484223514E-002
  2 17 15 -0.73368995119892757E-002
  2 17 16 0.97263253384672677E-001
  2 17 18 0.97263253384672677E-001
  2 18 1 0.25610021445614955E-001
  2 18 2 -0.41656895194274755E-001
  2 18 3 0.97263253384672677E-001
  2 18 4 -0.41656895194274755E-001
  2 18 5 0.25610021445614955E-001
  2 18 6 -0.73368995119892757E-002
  2 18 7 -0.41656895194274755E-001
  2 18 8 0.25610021445614955E-001
  2 18 9 -0.73368995119892757E-002
  2 18 10 0.25610021445614955E-001
  2 18 11 -0.41656895194274755E-001
  2 18 12 0.97263253384672677E-001
  2 18 13 0.97263253384672677E-001
  2 18 14 -0.73368995119892757E-002
  2 18 15 0.34375691484223514E-002
  2 18 16 -0.73368995119892757E-002
  2 18 17 0.97263253384672677E-001
TERM-20
  1 1 2 0.25472959151168134
  1 1 3 -0.16359117734615545E-001
  1 1 4 0.43129290682190846E-001
  1 1 5 -0.16359117734615545E-001
  1 1 6 0.25472959151168134
  1 1 7 0.25472959151168134
  1 1 8 -0.40166422724223619E-001
  1 1 9 0.10315664952863483E-001
  1 1 10 -0.16359117734615545E-001
  1 1 11 0.10315664952863483E-001
  1 1 12 -0.40166422724223619E-001
  1 1 13 -0.16359117734615545E-001
  1 1 14 0.10315664952863483E-001
  1 1 15 -0.40166422724223619E-001
  1 1 16 0.25472959151168134
  1 1 17 -0.40166422724223619E-001
  1 1 18 0.10315664952863483E-001
  1 2 1 0.25472959151168134
  1 2 3 0.25472959151168134
  1 2 4 -0.16359117734615545E-001
  1 2 5 0.43129290682190846E-001
  1 2 6 -0.16359117734615545E-001
  1 2 7 -0.40166422724223619E-001
  1 2 8 0.25472959151168134
  1 2 9 -0.40166422724223619E-001
  1 2 10 0.10315664952863483E-001
  1 2 11 -0.16359117734615545E-001
  1 2 12 0.10315664952863483E-001
  1 2 13 0.10315664952863483E-001
  1 2 14 -0.16359117734615545E-001
  1 2 15 0.10315664952863483E-001
  1 2 16 -0.40166422724223619E-001
  1 2 17 0.25472959151168134
  1 2 18 -0.40166422724223619E-001
  1 3 1 -0.16359117734615545E-001
  1 3 2 0.25472959151168134
  1 3 4 0.25472959151168134
  1 3 5 -0.16359117734615545E-001
  1 3 6 0.43129290682190846E-001
  1 3 7 0.10315664952863483E-001
  1 3 8 -0.40166422724223619E-001
  1 3 9 0.25472959151168134
  1 3 10 -0.40166422724223619E-001
  1 3 11 0.10315664952863483E-001
  1 3 12 -0.16359117734615545E-001
  1 3 13 -0.40166422724223619E-001
  1 3 14 0.10315664952863483E-001
  1 3 15 -0.16359117734615545E-001
  1 3 16 0.10315664952863483E-001
  1 3 17 -0.40166422724223619E-001
  1 3 18 0.25472959151168134
  1 4 1 0.43129290682190846E-001
  1 4 2 -0.16359117734615545E-001
  1 4 3 0.25472959151168134
  1 4 5 0.25472959151168134
  1 4 6 -0.16359117734615545E-001
  1 4 7 -0.16359117734615545E-001
  1 4 8 0.10315664952863483E-001
  1 4 9 -0.40166422724223619E-001
  1 4 10 0.25472959151168134
  1 4 11 -0.40166422724223619E-001
  1 4 12 0.10315664952863483E-001
  1 4 13 0.25472959151168134
  1 4 14 -0.40166422724223619E-001
  1 4 15 0.10315664952863483E-001
  1 4 16 -0.16359117734615545E-001
  1 4 17 0.10315664952863483E-001
  1 4 18 -0.40166422724223619E-001
  1 5 1 -0.16359117734615545E-001
  1 5 2 0.43129290682190846E-001
  1 5 3 -0.16359117734615545E-001
  1 5 4 0.25472959151168134
  1 5 6 0.25472959151168134
  1 5 7 0.10315664952863483E-001
  1 5 8 -0.16359117734615545E-001
  1 5 9 0.10315664952863483E-001
  1 5 10 -0.40166422724223619E-001
  1 5 11 0.25472959151168134
  1 5 12 -0.40166422724223619E-001
  1 5 13 -0.40166422724223619E-001
  1 5 14 0.25472959151168134
  1 5 15 -0.40166422724223619E-001
  1 5 16 0.10315664952863483E-001
  1 5 17 -0.16359117734615545E-001
  1 5 18 0.10315664952863483E-001
  1 6 1 0.25472959151168134
  1 6 2 -0.16359117734615545E-001
  1 6 3 0.43129290682190846E-001
  1 6 4 -0.16359117734615545E-001
  1 6 5 0.25472959151168134
  1 6 7 -0.40166422724223619E-001
  1 6 8 0.10315664952863483E-001
  1 6 9 -0.16359117734615545E-001
  1 6 10 0.10315664952863483E-001
  1 6 11 -0.40166422724223619E-001
  1 6 12 0.25472959151168134
  1 6 13 0.10315664952863483E-001
  1 6 14 -0.40166422724223619E-001
  1 6 15 0.25472959151168134
  1 6 16 -0.40166422724223619E-001
  1 6 17 0.10315664952863483E-001
  1 6 18 -0.16359117734615545E-001
  1 7 1 0.25472959151168134
  1 7 2 -0.40166422724223619E-001
  1 7 3 0.10315664952863483E-001
  1 7 4 -0.16359117734615545E-001
  1 7 5 0.10315664952863483E-001
  1 7 6 -0.40166422724223619E-001
  1 7 8 0.25472959151168134
  1 7 9 -0.16359117734615545E-001
  1 7 10 0.43129290682190846E-001
  1 7 11 -0.16359117734615545E-001
  1 7 12 0.25472959151168134
  1 7 13 0.25472959151168134
  1 7 14 -0.40166422724223619E-001
  1 7 15 0.10315664952863483E-001
  1 7 16 -0.16359117734615545E-001
  1 7 17 0.10315664952863483E-001
  1 7 18 -0.40166422724223619E-001
  1 8 1 -0.40166422724223619E-001
  1 8 2 0.25472959151168134
  1 8 3 -0.40166422724223619E-001
  1 8 4 0.10315664952863483E-001
  1 8 5 -0.16359117734615545E-001
  1 8 6 0.10315664952863483E-001
  1 8 7 0.25472959151168134
  1 8 9 0.25472959151168134
  1 8 10 -0.16359117734615545E-001
  1 8 11 0.43129290682190846E-001
  1 8 12 -0.16359117734615545E-001
  1 8 13 -0.40166422724223619E-001
  1 8 14 0.25472959151168134
  1 8 15 -0.40166422724223619E-001
  1 8 16 0.10315664952863483E-001
  1 8 17 -0.16359117734615545E-001
  1 8 18 0.10315664952863483E-001
  1 9 1 0.10315664952863483E-001
  1 9 2 -0.40166422724223619E-001
  1 9 3 0.25472959151168134
  1 9 4 -0.40166422724223619E-001
  1 9 5 0.10315664952863483E-001
  1 9 6 -0.16359117734615545E-001
  1 9 7 -0.16359117734615545E-001
  1 9 8 0.25472959151168134
  1 9 10 0.25472959151168134
  1 9 11 -0.16359117734615545E-001
  1 9 12 0.43129290682190846E-001
  1 9 13 0.10315664952863483E-001
  1 9 14 -0.40166422724223619E-001
  1 9 15 0.25472959151168134
  1 9 16 -0.40166422724223619E-001
  1 9 17 0.10315664952863483E-001
  1 9 18 -0.16359117734615545E-001
  1 10 1 -0.16359117734615545E-001
  1 10 2 0.10315664952863483E-001
  1 10 3 -0.40166422724223619E-001
  1 10 4 0.25472959151168134
  1 10 5 -0.40166422724223619E-001
  1 10 6 0.10315664952863483E-001
  1 10 7 0.43129290682190846E-001
  1 10 8 -0.16359117734615545E-001
  1 10 9 0.25472959151168134
  1 10 11 0.25472959151168134
  1 10 12 -0.16359117734615545E-001
  1 10 13 -0.16359117734615545E-001
  1 10 14 0.10315664952863483E-001
  1 10 15 -0.40166422724223619E-001
  1 10 16 0.25472959151168134
  1 10 17 -0.40166422724223619E-001
  1 10 18 0.10315664952863483E-001
  1 11 1 0.10315664952863483E-001
  1 11 2 -0.16359117734615545E-001
  1 11 3 0.10315664952863483E-001
  1 11 4 -0.40166422724223619E-001
  1 11 5 0.25472959151168134
  1 11 6 -0.40166422724223619E-001
  1 11 7 -0.16359117734615545E-001
  1 11 8 0.43129290682190846E-001
  1 11 9 -0.16359117734615545E-001
  1 11 10 0.25472959151168134
  1 11 12 0.25472959151168134
  1 11 13 0.10315664952863483E-001
  1 11 14 -0.16359117734615545E-001
  1 11 15 0.10315664952863483E-001
  1 11 16 -0.40166422724223619E-001
  1 11 17 0.25472959151168134
  1 11 18 -0.40166422724223619E-001
  1 12 1 -0.40166422724223619E-001
  1 12 2 0.10315664952863483E-001
  1 12 3 -0.16359117734615545E-001
  1 12 4 0.10315664952863483E-001
  1 12 5 -0.40166422724223619E-001
  1 12 6 0.25472959151168134
  1 12 7 0.25472959151168134
  1 12 8 -0.16359117734615545E-001
  1 12 9 0.43129290682190846E-001
  1 12 10 -0.16359117734615545E-001
  1 12 11 0.25472959151168134
  1 12 13 -0.40166422724223619E-001
  1 12 14 0.10315664952863483E-001
  1 12 15 -0.16359117734615545E-001
  1 12 16 0.10315664952863483E-001
  1 12 17 -0.40166422724223619E-001
  1 12 18 0.25472959151168134
  1 13 1 -0.16359117734615545E-001
  1 13 2 0.10315664952863483E-001
  1 13 3 -0.40166422724223619E-001
  1 13 4 0.25472959151168134
  1 13 5 -0.40166422724223619E-001
  1 13 6 0.10315664952863483E-001
  1 13 7 0.25472959151168134
  1 13 8 -0.40166422724223619E-001
  1 13 9 0.10315664952863483E-001
  1 13 10 -0.16359117734615545E-001
  1 13 11 0.10315664952863483E-001
  1 13 12 -0.40166422724223619E-001
  1 13 14 0.25472959151168134
  1 13 15 -0.16359117734615545E-001
  1 13 16 0.43129290682190846E-001
  1 13 17 -0.16359117734615545E-001
  1 13 18 0.25472959151168134
  1 14 1 0.10315664952863483E-001
  1 14 2 -0.16359117734615545E-001
  1 14 3 0.10315664952863483E-001
  1 14 4 -0.40166422724223619E-001
  1 14 5 0.25472959151168134
  1 14 6 -0.40166422724223619E-001
  1 14 7 -0.40166422724223619E-001
  1 14 8 0.25472959151168134
  1 14 9 -0.40166422724223619E-001
  1 14 10 0.10315664952863483E-001
  1 14 11 -0.16359117734615545E-001
  1 14 12 0.10315664952863483E-001
  1 14 13 0.25472959151168134
  1 14 15 0.25472959151168134
  1 14 16 -0.16359117734615545E-001
  1 14 17 0.43129290682190846E-001
  1 14 18 -0.16359117734615545E-001
  1 15 1 -0.40166422724223619E-001
  1 15 2 0.10315664952863483E-001
  1 15 3 -0.16359117734615545E-001
  1 15 4 0.10315664952863483E-001
  1 15 5 -0.40166422724223619E-001
  1 15 6 0.25472959151168134
  1 15 7 0.10315664952863483E-001
  1 15 8 -0.40166422724223619E-001
  1 15 9 0.25472959151168134
  1 15 10 -0.40166422724223619E-001
  1 15 11 0.10315664952863483E-001
  1 15 12 -0.16359117734615545E-001
  1 15 13 -0.16359117734615545E-001
  1 15 14 0.25472959151168134
  1 15 16 0.25472959151168134
  1 15 17 -0.16359117734615545E-001
  1 15 18 0.43129290682190846E-001
  1 16 1 0.25472959151168134
  1 16 2 -0.40166422724223619E-001
  1 16 3 0.10315664952863483E-001
  1 16 4 -0.16359117734615545E-001
  1 16 5 0.10315664952863483E-001
  1 16 6 -0.40166422724223619E-001
  1 16 7 -0.16359117734615545E-001
  1 16 8 0.10315664952863483E-001
  1 16 9 -0.40166422724223619E-001
  1 16 10 0.25472959151168134
  1 16 11 -0.40166422724223619E-001
  1 16 12 0.10315664952863483E-001
  1 16 13 0.43129290682190846E-001
  1 16 14 -0.16359117734615545E-001
  1 16 15 0.25472959151168134
  1 16 17 0.25472959151168134
  1 16 18 -0.16359117734615545E-001
  1 17 1 -0.40166422724223619E-001
  1 17 2 0.25472959151168134
  1 17 3 -0.40166422724223619E-001
  1 17 4 0.10315664952863483E-001
  1 17 5 -0.16359117734615545E-001
  1 17 6 0.10315664952863483E-001
  1 17 7 0.10315664952863483E-001
  1 17 8 -0.16359117734615545E-001
  1 17 9 0.10315664952863483E-001
  1 17 10 -0.40166422724223619E-001
  1 17 11 0.25472959151168134
  1 17 12 -0.40166422724223619E-001
  1 17 13 -0.16359117734615545E-001
  1 17 14 0.43129290682190846E-001
  1 17 15 -0.16359117734615545E-001
  1 17 16 0.25472959151168134
  1 17 18 0.25472959151168134
  1 18 1 0.10315664952863483E-001
  1 18 2 -0.40166422724223619E-001
  1 18 3 0.25472959151168134
  1 18 4 -0.40166422724223619E-001
  1 18 5 0.10315664952863483E-001
  1 18 6 -0.16359117734615545E-001
  1 18 7 -0.40166422724223619E-001
  1 18 8 0.10315664952863483E-001
  1 18 9 -0.16359117734615545E-001
  1 18 10 0.10315664952863483E-001
  1 18 11 -0.40166422724223619E-001
  1 18 12 0.25472959151168134
  1 18 13 0.25472959151168134
  1 18 14 -0.16359117734615545E-001
  1 18 15 0.43129290682190846E-001
  1 18 16 -0.16359117734615545E-001
  1 18 17 0.25472959151168134
  2 1 2 0.25472959151168134
  2 1 3 -0.16359117734615545E-001
  2 1 4 0.43129290682190846E-001
  2 1 5 -0.16359117734615545E-001
  2 1 6 0.25472959151168134
  2 1 7 0.25472959151168134
  2 1 8 -0.40166422724223619E-001
  2 1 9 0.10315664952863483E-001
  2 1 10 -0.16359117734615545E-001
  2 1 11 0.10315664952863483E-001
  2 1 12 -0.40166422724223619E-001
  2 1 13 -0.16359117734615545E-001
  2 1 14 0.10315664952863483E-001
  2 1 15 -0.40166422724223619E-001
  2 1 16 0.25472959151168134
  2 1 17 -0.40166422724223619E-001
  2 1 18 0.10315664952863483E-001
  2 2 1 0.25472959151168134
  2 2 3 0.25472959151168134
  2 2 4 -0.16359117734615545E-001
  2 2 5 0.43129290682190846E-001
  2 2 6 -0.16359117734615545E-001
  2 2 7 -0.40166422724223619E-001
  2 2 8 0.25472959151168134
  2 2 9 -0.40166422724223619E-001
  2 2 10 0.10315664952863483E-001
  2 2 11 -0.16359117734615545E-001
  2 2 12 0.10315664952863483E-001
  2 2 13 0.10315664952863483E-001
  2 2 14 -0.16359117734615545E-001
  2 2 15 0.10315664952863483E-001
  2 2 16 -0.40166422724223619E-001
  2 2 17 0.25472959151168134
  2 2 18 -0.40166422724223619E-001
  2 3 1 -0.16359117734615545E-001
  2 3 2 0.25472959151168134
  2 3 4 0.25472959151168134
  2 3 5 -0.16359117734615545E-001
  2 3 6 0.43129290682190846E-001
  2 3 7 0.10315664952863483E-001
  2 3 8 -0.40166422724223619E-001
  2 3 9 0.25472959151168134
  2 3 10 -0.40166422724223619E-001
  2 3 11 0.10315664952863483E-001
  2 3 12 -0.16359117734615545E-001
  2 3 13 -0.40166422724223619E-001
  2 3 14 0.10315664952863483E-001
  2 3 15 -0.16359117734615545E-001
  2 3 16 0.10315664952863483E-001
  2 3 17 -0.40166422724223619E-001
  2 3 18 0.25472959151168134
  2 4 1 0.43129290682190846E-001
  2 4 2 -0.16359117734615545E-001
  2 4 3 0.25472959151168134
  2 4 5 0.25472959151168134
  2 4 6 -0.16359117734615545E-001
  2 4 7 -0.16359117734615545E-001
  2 4 8 0.10315664952863483E-001
  2 4 9 -0.40166422724223619E-001
  2 4 10 0.25472959151168134
  2 4 11 -0.40166422724223619E-001
  2 4 12 0.10315664952863483E-001
  2 4 13 0.25472959151168134
  2 4 14 -0.40166422724223619E-001
  2 4 15 0.10315664952863483E-001
  2 4 16 -0.16359117734615545E-001
  2 4 17 0.10315664952863483E-001
  2 4 18 -0.40166422724223619E-001
  2 5 1 -0.16359117734615545E-001
  2 5 2 0.43129290682190846E-001
  2 5 3 -0.16359117734615545E-001
  2 5 4 0.25472959151168134
  2 5 6 0.25472959151168134
  2 5 7 0.10315664952863483E-001
  2 5 8 -0.16359117734615545E-001
  2 5 9 0.10315664952863483E-001
  2 5 10 -0.40166422724223619E-001
  2 5 11 0.25472959151168134
  2 5 12 -0.40166422724223619E-001
  2 5 13 -0.40166422724223619E-001
  2 5 14 0.25472959151168134
  2 5 15 -0.40166422724223619E-001
  2 5 16 0.10315664952863483E-001
  2 5 17 -0.16359117734615545E-001
  2 5 18 0.10315664952863483E-001
  2 6 1 0.25472959151168134
  2 6 2 -0.16359117734615545E-001
  2 6 3 0.43129290682190846E-001
  2 6 4 -0.16359117734615545E-001
  2 6 5 0.25472959151168134
  2 6 7 -0.40166422724223619E-001
  2 6 8 0.10315664952863483E-001
  2 6 9 -0.16359117734615545E-001
  2 6 10 0.10315664952863483E-001
  2 6 11 -0.40166422724223619E-001
  2 6 12 0.25472959151168134
  2 6 13 0.10315664952863483E-001
  2 6 14 -0.40166422724223619E-001
  2 6 15 0.25472959151168134
  2 6 16 -0.40166422724223619E-001
  2 6 17 0.10315664952863483E-001
  2 6 18 -0.16359117734615545E-001
  2 7 1 0.25472959151168134
  2 7 2 -0.40166422724223619E-001
  2 7 3 0.10315664952863483E-001
  2 7 4 -0.16359117734615545E-001
  2 7 5 0.10315664952863483E-001
  2 7 6 -0.40166422724223619E-001
  2 7 8 0.25472959151168134
  2 7 9 -0.16359117734615545E-001
  2 7 10 0.43129290682190846E-001
  2 7 11 -0.16359117734615545E-001
  2 7 12 0.25472959151168134
  2 7 13 0.25472959151168134
  2 7 14 -0.40166422724223619E-001
  2 7 15 0.10315664952863483E-001
  2 7 16 -0.16359117734615545E-001
  2 7 17 0.10315664952863483E-001
  2 7 18 -0.40166422724223619E-001
  2 8 1 -0.40166422724223619E-001
  2 8 2 0.25472959151168134
  2 8 3 -0.40166422724223619E-001
  2 8 4 0.10315664952863483E-001
  2 8 5 -0.16359117734615545E-001
  2 8 6 0.10315664952863483E-001
  2 8 7 0.25472959151168134
  2 8 9 0.25472959151168134
  2 8 10 -0.16359117734615545E-001
  2 8 11 0.43129290682190846E-001
  2 8 12 -0.16359117734615545E-001
  2 8 13 -0.40166422724223619E-001
  2 8 14 0.25472959151168134
  2 8 15 -0.40166422724223619E-001
  2 8 16 0.10315664952863483E-001
  2 8 17 -0.16359117734615545E-001
  2 8 18 0.10315664952863483E-001
  2 9 1 0.10315664952863483E-001
  2 9 2 -0.40166422724223619E-001
  2 9 3 0.25472959151168134
  2 9 4 -0.40166422724223619E-001
  2 9 5 0.10315664952863483E-001
  2 9 6 -0.16359117734615545E-001
  2 9 7 -0.16359117734615545E-001
  2 9 8 0.25472959151168134
  2 9 10 0.25472959151168134
  2 9 11 -0.16359117734615545E-001
  2 9 12 0.43129290682190846E-001
  2 9 13 0.10315664952863483E-001
  2 9 14 -0.40166422724223619E-001
  2 9 15 0.25472959151168134
  2 9 16 -0.40166422724223619E-001
  2 9 17 0.10315664952863483E-001
  2 9 18 -0.16359117734615545E-001
  2 10 1 -0.16359117734615545E-001
  2 10 2 0.10315664952863483E-001
  2 10 3 -0.40166422724223619E-001
  2 10 4 0.25472959151168134
  2 10 5 -0.40166422724223619E-001
  2 10 6 0.10315664952863483E-001
  2 10 7 0.43129290682190846E-001
  2 10 8 -0.16359117734615545E-001
  2 10 9 0.25472959151168134
  2 10 11 0.25472959151168134
  2 10 12 -0.16359117734615545E-001
  2 10 13 -0.16359117734615545E-001
  2 10 14 0.10315664952863483E-001
  2 10 15 -0.40166422724223619E-001
  2 10 16 0.25472959151168134
  2 10 17 -0.40166422724223619E-001
  2 10 18 0.10315664952863483E-001
  2 11 1 0.10315664952863483E-001
  2 11 2 -0.16359117734615545E-001
  2 11 3 0.10315664952863483E-001
  2 11 4 -0.40166422724223619E-001
  2 11 5 0.25472959151168134
  2 11 6 -0.40166422724223619E-001
  2 11 7 -0.16359117734615545E-001
  2 11 8 0.43129290682190846E-001
  2 11 9 -0.16359117734615545E-001
  2 11 10 0.25472959151168134
  2 11 12 0.25472959151168134
  2 11 13 0.10315664952863483E-001
  2 11 14 -0.16359117734615545E-001
  2 11 15 0.10315664952863483E-001
  2 11 16 -0.40166422724223619E-001
  2 11 17 0.25472959151168134
  2 11 18 -0.40166422724223619E-001
  2 12 1 -0.40166422724223619E-001
  2 12 2 0.10315664952863483E-001
  2 12 3 -0.16359117734615545E-001
  2 12 4 0.10315664952863483E-001
  2 12 5 -0.40166422724223619E-001
  2 12 6 0.25472959151168134
  2 12 7 0.25472959151168134
  2 12 8 -0.16359117734615545E-001
  2 12 9 0.43129290682190846E-001
  2 12 10 -0.16359117734615545E-001
  2 12 11 0.25472959151168134
  2 12 13 -0.40166422724223619E-001
  2 12 14 0.10315664952863483E-001
  2 12 15 -0.16359117734615545E-001
  2 12 16 0.10315664952863483E-001
  2 12 17 -0.40166422724223619E-001
  2 12 18 0.25472959151168134
  2 13 1 -0.16359117734615545E-001
  2 13 2 0.10315664952863483E-001
  2 13 3 -0.40166422724223619E-001
  2 13 4 0.25472959151168134
  2 13 5 -0.40166422724223619E-001
  2 13 6 0.10315664952863483E-001
  2 13 7 0.25472959151168134
  2 13 8 -0.40166422724223619E-001
  2 13 9 0.10315664952863483E-001
  2 13 10 -0.16359117734615545E-001
  2 13 11 0.10315664952863483E-001
  2 13 12 -0.40166422724223619E-001
  2 13 14 0.25472959151168134
  2 13 15 -0.16359117734615545E-001
  2 13 16 0.43129290682190846E-001
  2 13 17 -0.16359117734615545E-001
  2 13 18 0.25472959151168134
  2 14 1 0.10315664952863483E-001
  2 14 2 -0.16359117734615545E-001
  2 14 3 0.10315664952863483E-001
  2 14 4 -0.40166422724223619E-001
  2 14 5 0.25472959151168134
  2 14 6 -0.40166422724223619E-001
  2 14 7 -0.40166422724223619E-001
  2 14 8 0.25472959151168134
  2 14 9 -0.40166422724223619E-001
  2 14 10 0.10315664952863483E-001
  2 14 11 -0.16359117734615545E-001
  2 14 12 0.10315664952863483E-001
  2 14 13 0.25472959151168134
  2 14 15 0.25472959151168134
  2 14 16 -0.16359117734615545E-001
  2 14 17 0.43129290682190846E-001
  2 14 18 -0.16359117734615545E-001
  2 15 1 -0.40166422724223619E-001
  2 15 2 0.10315664952863483E-001
  2 15 3 -0.16359117734615545E-001
  2 15 4 0.10315664952863483E-001
  2 15 5 -0.40166422724223619E-001
  2 15 6 0.25472959151168134
  2 15 7 0.10315664952863483E-001
  2 15 8 -0.40166422724223619E-001
  2 15 9 0.25472959151168134
  2 15 10 -0.40166422724223619E-001
  2 15 11 0.10315664952863483E-001
  2 15 12 -0.16359117734615545E-001
  2 15 13 -0.16359117734615545E-001
  2 15 14 0.25472959151168134
  2 15 16 0.25472959151168134
  2 15 17 -0.16359117734615545E-001
  2 15 18 0.43129290682190846E-001
  2 16 1 0.25472959151168134
  2 16 2 -0.40166422724223619E-001
  2 16 3 0.10315664952863483E-001
  2 16 4 -0.16359117734615545E-001
  2 16 5 0.10315664952863483E-001
  2 16 6 -0.40166422724223619E-001
  2 16 7 -0.16359117734615545E-001
  2 16 8 0.10315664952863483E-001
  2 16 9 -0.40166422724223619E-001
  2 16 10 0.25472959151168134
  2 16 11 -0.40166422724223619E-001
  2 16 12 0.10315664952863483E-001
  2 16 13 0.43129290682190846E-001
  2 16 14 -0.16359117734615545E-001
  2 16 15 0.25472959151168134
  2 16 17 0.25472959151168134
  2 16 18 -0.16359117734615545E-001
  2 17 1 -0.40166422724223619E-001
  2 17 2 0.25472959151168134
  2 17 3 -0.40166422724223619E-001
  2 17 4 0.10315664952863483E-001
  2 17 5 -0.16359117734615545E-001
  2 17 6 0.10315664952863483E-001
  2 17 7 0.10315664952863483E-001
  2 17 8 -0.16359117734615545E-001
  2 17 9 0.10315664952863483E-001
  2 17 10 -0.40166422724223619E-001
  2 17 11 0.25472959151168134
  2 17 12 -0.40166422724223619E-001
  2 17 13 -0.16359117734615545E-001
  2 17 14 0.43129290682190846E-001
  2 17 15 -0.16359117734615545E-001
  2 17 16 0.25472959151168134
  2 17 18 0.25472959151168134
  2 18 1 0.10315664952863483E-001
  2 18 2 -0.40166422724223619E-001
  2 18 3 0.25472959151168134
  2 18 4 -0.40166422724223619E-001
  2 18 5 0.10315664952863483E-001
  2 18 6 -0.16359117734615545E-001
  2 18 7 -0.40166422724223619E-001
  2 18 8 0.10315664952863483E-001
  2 18 9 -0.16359117734615545E-001
  2 18 10 0.10315664952863483E-001
  2 18 11 -0.40166422724223619E-001
  2 18 12 0.25472959151168134
  2 18 13 0.25472959151168134
  2 18 14 -0.16359117734615545E-001
  2 18 15 0.43129290682190846E-001
  2 18 16 -0.16359117734615545E-001
  2 18 17 0.25472959151168134
TERM-2u
  2 1 2 0.17002827900844236
  2 1 3 -0.17922332554859876E-001
  2 1 4 0.40923049247174825E-001
  2 1 5 -0.17922332554859876E-001
  2 1 6 0.17002827900844236
  2 1 7 0.17002827900844236
  2 1 8 0.38815279744765414E-003
  2 1 9 0.79476969198383532E-003
  2 1 10 -0.17922332554859876E-001
  2 1 11 0.79476969198383532E-003
  2 1 12 0.38815279744765414E-003
  2 1 13 -0.17922332554859876E-001
  2 1 14 0.79476969198383532E-003
  2 1 15 0.38815279744765414E-003
  2 1 16 0.17002827900844236
  2 1 17 0.38815279744765414E-003
  2 1 18 0.79476969198383532E-003
  2 2 1 0.17002827900844236
  2 2 3 0.17002827900844236
  2 2 4 -0.17922332554859876E-001
  2 2 5 0.40923049247174825E-001
  2 2 6 -0.17922332554859876E-001
  2 2 7 0.38815279744765414E-003
  2 2 8 0.17002827900844236
  2 2 9 0.38815279744765414E-003
  2 2 10 0.79476969198383532E-003
  2 2 11 -0.17922332554859876E-001
  2 2 12 0.79476969198383532E-003
  2 2 13 0.79476969198383532E-003
  2 2 14 -0.17922332554859876E-001
  2 2 15 0.79476969198383532E-003
  2 2 16 0.38815279744765414E-003
  2 2 17 0.17002827900844236
  2 2 18 0.38815279744765414E-003
  2 3 1 -0.17922332554859876E-001
  2 3 2 0.17002827900844236
  2 3 4 0.17002827900844236
  2 3 5 -0.17922332554859876E-001
  2 3 6 0.40923049247174825E-001
  2 3 7 0.79476969198383532E-003
  2 3 8 0.38815279744765414E-003
  2 3 9 0.17002827900844236
  2 3 10 0.38815279744765414E-003
  2 3 11 0.79476969198383532E-003
  2 3 12 -0.17922332554859876E-001
  2 3 13 0.38815279744765414E-003
  2 3 14 0.79476969198383532E-003
  2 3 15 -0.17922332554859876E-001
  2 3 16 0.79476969198383532E-003
  2 3 17 0.38815279744765414E-003
  2 3 18 0.17002827900844236
  2 4 1 0.40923049247174825E-001
  2 4 2 -0.17922332554859876E-001
  2 4 3 0.17002827900844236
  2 4 5 0.17002827900844236
  2 4 6 -0.17922332554859876E-001
  2 4 7 -0.17922332554859876E-001
  2 4 8 0.79476969198383532E-003
  2 4 9 0.38815279744765414E-003
  2 4 10 0.17002827900844236
  2 4 11 0.38815279744765414E-003
  2 4 12 0.79476969198383532E-003
  2 4 13 0.17002827900844236
  2 4 14 0.38815279744765414E-003
  2 4 15 0.79476969198383532E-003
  2 4 16 -0.17922332554859876E-001
  2 4 17 0.79476969198383532E-003
  2 4 18 0.38815279744765414E-003
  2 5 1 -0.17922332554859876E-001
  2 5 2 0.40923049247174825E-001
  2 5 3 -0.17922332554859876E-001
  2 5 4 0.17002827900844236
  2 5 6 0.17002827900844236
  2 5 7 0.79476969198383532E-003
  2 5 8 -0.17922332554859876E-001
  2 5 9 0.79476969198383532E-003
  2 5 10 0.38815279744765414E-003
  2 5 11 0.17002827900844236
  2 5 12 0.38815279744765414E-003
  2 5 13 0.38815279744765414E-003
  2 5 14 0.17002827900844236
  2 5 15 0.38815279744765414E-003
  2 5 16 0.79476969198383532E-003
  2 5 17 -0.17922332554859876E-001
  2 5 18 0.79476969198383532E-003
  2 6 1 0.17002827900844236
  2 6 2 -0.17922332554859876E-001
  2 6 3 0.40923049247174825E-001
  2 6 4 -0.17922332554859876E-001
  2 6 5 0.17002827900844236
  2 6 7 0.38815279744765414E-003
  2 6 8 0.79476969198383532E-003
  2 6 9 -0.17922332554859876E-001
  2 6 10 0.79476969198383532E-003
  2 6 11 0.38815279744765414E-003
  2 6 12 0.17002827900844236
  2 6 13 0.79476969198383532E-003
  2 6 14 0.38815279744765414E-003
  2 6 15 0.17002827900844236
  2 6 16 0.38815279744765414E-003
  2 6 17 0.79476969198383532E-003
  2 6 18 -0.17922332554859876E-001
  2 7 1 0.17002827900844236
  2 7 2 0.38815279744765414E-003
  2 7 3 0.79476969198383532E-003
  2 7 4 -0.17922332554859876E-001
  2 7 5 0.79476969198383532E-003
  2 7 6 0.38815279744765414E-003
  2 7 8 0.17002827900844236
  2 7 9 -0.17922332554859876E-001
  2 7 10 0.40923049247174825E-001
  2 7 11 -0.17922332554859876E-001
  2 7 12 0.17002827900844236
  2 7 13 0.17002827900844236
  2 7 14 0.38815279744765414E-003
  2 7 15 0.79476969198383532E-003
  2 7 16 -0.17922332554859876E-001
  2 7 17 0.79476969198383532E-003
  2 7 18 0.38815279744765414E-003
  2 8 1 0.38815279744765414E-003
  2 8 2 0.17002827900844236
  2 8 3 0.38815279744765414E-003
  2 8 4 0.79476969198383532E-003
  2 8 5 -0.17922332554859876E-001
  2 8 6 0.79476969198383532E-003
  2 8 7 0.17002827900844236
  2 8 9 0.17002827900844236
  2 8 10 -0.17922332554859876E-001
  2 8 11 0.40923049247174825E-001
  2 8 12 -0.17922332554859876E-001
  2 8 13 0.38815279744765414E-003
  2 8 14 0.17002827900844236
  2 8 15 0.38815279744765414E-003
  2 8 16 0.79476969198383532E-003
  2 8 17 -0.17922332554859876E-001
  2 8 18 0.79476969198383532E-003
  2 9 1 0.79476969198383532E-003
  2 9 2 0.38815279744765414E-003
  2 9 3 0.17002827900844236
  2 9 4 0.38815279744765414E-003
  2 9 5 0.79476969198383532E-003
  2 9 6 -0.17922332554859876E-001
  2 9 7 -0.17922332554859876E-001
  2 9 8 0.17002827900844236
  2 9 10 0.17002827900844236
  2 9 11 -0.17922332554859876E-001
  2 9 12 0.40923049247174825E-001
  2 9 13 0.79476969198383532E-003
  2 9 14 0.38815279744765414E-003
  2 9 15 0.17002827900844236
  2 9 16 0.38815279744765414E-003
  2 9 17 0.79476969198383532E-003
  2 9 18 -0.17922332554859876E-001
  2 10 1 -0.17922332554859876E-001
  2 10 2 0.79476969198383532E-003
  2 10 3 0.38815279744765414E-003
  2 10 4 0.17002827900844236
  2 10 5 0.38815279744765414E-003
  2 10 6 0.79476969198383532E-003
  2 10 7 0.40923049247174825E-001
  2 10 8 -0.17922332554859876E-001
  2 10 9 0.17002827900844236
  2 10 11 0.17002827900844236
  2 10 12 -0.17922332554859876E-001
  2 10 13 -0.17922332554859876E-001
  2 10 14 0.79476969198383532E-003
  2 10 15 0.38815279744765414E-003
  2 10 16 0.17002827900844236
  2 10 17 0.38815279744765414E-003
  2 10 18 0.79476969198383532E-003
  2 11 1 0.79476969198383532E-003
  2 11 2 -0.17922332554859876E-001
  2 11 3 0.79476969198383532E-003
  2 11 4 0.38815279744765414E-003
  2 11 5 0.17002827900844236
  2 11 6 0.38815279744765414E-003
  2 11 7 -0.17922332554859876E-001
  2 11 8 0.40923049247174825E-001
  2 11 9 -0.17922332554859876E-001
  2 11 10 0.17002827900844236
  2 11 12 0.17002827900844236
  2 11 13 0.79476969198383532E-003
  2 11 14 -0.17922332554859876E-001
  2 11 15 0.79476969198383532E-003
  2 11 16 0.38815279744765414E-003
  2 11 17 0.17002827900844236
  2 11 18 0.38815279744765414E-003
  2 12 1 0.38815279744765414E-003
  2 12 2 0.79476969198383532E-003
  2 12 3 -0.17922332554859876E-001
  2 12 4 0.79476969198383532E-003
  2 12 5 0.38815279744765414E-003
  2 12 6 0.17002827900844236
  2 12 7 0.17002827900844236
  2 12 8 -0.17922332554859876E-001
  2 12 9 0.40923049247174825E-001
  2 12 10 -0.17922332554859876E-001
  2 12 11 0.17002827900844236
  2 12 13 0.38815279744765414E-003
  2 12 14 0.79476969198383532E-003
  2 12 15 -0.17922332554859876E-001
  2 12 16 0.79476969198383532E-003
  2 12 17 0.38815279744765414E-003
  2 12 18 0.17002827900844236
  2 13 1 -0.17922332554859876E-001
  2 13 2 0.79476969198383532E-003
  2 13 3 0.38815279744765414E-003
  2 13 4 0.17002827900844236
  2 13 5 0.38815279744765414E-003
  2 13 6 0.79476969198383532E-003
  2 13 7 0.17002827900844236
  2 13 8 0.38815279744765414E-003
  2 13 9 0.79476969198383532E-003
  2 13 10 -0.17922332554859876E-001
  2 13 11 0.79476969198383532E-003
  2 13 12 0.38815279744765414E-003
  2 13 14 0.17002827900844236
  2 13 15 -0.17922332554859876E-001
  2 13 16 0.40923049247174825E-001
  2 13 17 -0.17922332554859876E-001
  2 13 18 0.17002827900844236
  2 14 1 0.79476969198383532E-003
  2 14 2 -0.17922332554859876E-001
  2 14 3 0.79476969198383532E-003
  2 14 4 0.38815279744765414E-003
  2 14 5 0.17002827900844236
  2 14 6 0.38815279744765414E-003
  2 14 7 0.38815279744765414E-003
  2 14 8 0.17002827900844236
  2 14 9 0.38815279744765414E-003
  2 14 10 0.79476969198383532E-003
  2 14 11 -0.17922332554859876E-001
  2 14 12 0.79476969198383532E-003
  2 14 13 0.17002827900844236
  2 14 15 0.17002827900844236
  2 14 16 -0.17922332554859876E-001
  2 14 17 0.40923049247174825E-001
  2 14 18 -0.17922332554859876E-001
  2 15 1 0.38815279744765414E-003
  2 15 2 0.79476969198383532E-003
  2 15 3 -0.17922332554859876E-001
  2 15 4 0.79476969198383532E-003
  2 15 5 0.38815279744765414E-003
  2 15 6 0.17002827900844236
  2 15 7 0.79476969198383532E-003
  2 15 8 0.38815279744765414E-003
  2 15 9 0.17002827900844236
  2 15 10 0.38815279744765414E-003
  2 15 11 0.79476969198383532E-003
  2 15 12 -0.17922332554859876E-001
  2 15 13 -0.17922332554859876E-001
  2 15 14 0.17002827900844236
  2 15 16 0.17002827900844236
  2 15 17 -0.17922332554859876E-001
  2 15 18 0.40923049247174825E-001
  2 16 1 0.17002827900844236
  2 16 2 0.38815279744765414E-003
  2 16 3 0.79476969198383532E-003
  2 16 4 -0.17922332554859876E-001
  2 16 5 0.79476969198383532E-003
  2 16 6 0.38815279744765414E-003
  2 16 7 -0.17922332554859876E-001
  2 16 8 0.79476969198383532E-003
  2 16 9 0.38815279744765414E-003
  2 16 10 0.17002827900844236
  2 16 11 0.38815279744765414E-003
  2 16 12 0.79476969198383532E-003
  2 16 13 0.40923049247174825E-001
  2 16 14 -0.17922332554859876E-001
  2 16 15 0.17002827900844236
  2 16 17 0.17002827900844236
  2 16 18 -0.17922332554859876E-001
  2 17 1 0.38815279744765414E-003
  2 17 2 0.17002827900844236
  2 17 3 0.38815279744765414E-003
  2 17 4 0.79476969198383532E-003
  2 17 5 -0.17922332554859876E-001
  2 17 6 0.79476969198383532E-003
  2 17 7 0.79476969198383532E-003
  2 17 8 -0.17922332554859876E-001
  2 17 9 0.79476969198383532E-003
  2 17 10 0.38815279744765414E-003
  2 17 11 0.17002827900844236
  2 17 12 0.38815279744765414E-003
  2 17 13 -0.17922332554859876E-001
  2 17 14 0.40923049247174825E-001
  2 17 15 -0.17922332554859876E-001
  2 17 16 0.17002827900844236
  2 17 18 0.17002827900844236
  2 18 1 0.79476969198383532E-003
  2 18 2 0.38815279744765414E-003
  2 18 3 0.17002827900844236
  2 18 4 0.38815279744765414E-003
  2 18 5 0.79476969198383532E-003
  2 18 6 -0.17922332554859876E-001
  2 18 7 0.38815279744765414E-003
  2 18 8 0.79476969198383532E-003
  2 18 9 -0.17922332554859876E-001
  2 18 10 0.79476969198383532E-003
  2 18 11 0.38815279744765414E-003
  2 18 12 0.17002827900844236
  2 18 13 0.17002827900844236
  2 18 14 -0.17922332554859876E-001
  2 18 15 0.40923049247174825E-001
  2 18 16 -0.17922332554859876E-001
  2 18 17 0.17002827900844236
TERM-2d
  1 1 2 0.17002827900844236
  1 1 3 -0.17922332554859876E-001
  1 1 4 0.40923049247174825E-001
  1 1 5 -0.17922332554859876E-001
  1 1 6 0.17002827900844236
  1 1 7 0.17002827900844236
  1 1 8 0.38815279744765414E-003
  1 1 9 0.79476969198383532E-003
  1 1 10 -0.17922332554859876E-001
  1 1 11 0.79476969198383532E-003
  1 1 12 0.38815279744765414E-003
  1 1 13 -0.17922332554859876E-001
  1 1 14 0.79476969198383532E-003
  1 1 15 0.38815279744765414E-003
  1 1 16 0.17002827900844236
  1 1 17 0.38815279744765414E-003
  1 1 18 0.79476969198383532E-003
  1 2 1 0.17002827900844236
  1 2 3 0.17002827900844236
  1 2 4 -0.17922332554859876E-001
  1 2 5 0.40923049247174825E-001
  1 2 6 -0.17922332554859876E-001
  1 2 7 0.38815279744765414E-003
  1 2 8 0.17002827900844236
  1 2 9 0.38815279744765414E-003
  1 2 10 0.79476969198383532E-003
  1 2 11 -0.17922332554859876E-001
  1 2 12 0.79476969198383532E-003
  1 2 13 0.79476969198383532E-003
  1 2 14 -0.17922332554859876E-001
  1 2 15 0.79476969198383532E-003
  1 2 16 0.38815279744765414E-003
  1 2 17 0.17002827900844236
  1 2 18 0.38815279744765414E-003
  1 3 1 -0.17922332554859876E-001
  1 3 2 0.17002827900844236
  1 3 4 0.17002827900844236
  1 3 5 -0.17922332554859876E-001
  1 3 6 0.40923049247174825E-001
  1 3 7 0.79476969198383532E-003
  1 3 8 0.38815279744765414E-003
  1 3 9 0.17002827900844236
  1 3 10 0.38815279744765414E-003
  1 3 11 0.79476969198383532E-003
  1 3 12 -0.17922332554859876E-001
  1 3 13 0.38815279744765414E-003
  1 3 14 0.79476969198383532E-003
  1 3 15 -0.17922332554859876E-001
  1 3 16 0.79476969198383532E-003
  1 3 17 0.38815279744765414E-003
  1 3 18 0.17002827900844236
  1 4 1 0.40923049247174825E-001
  1 4 2 -0.17922332554859876E-001
  1 4 3 0.17002827900844236
  1 4 5 0.17002827900844236
  1 4 6 -0.17922332554859876E-001
  1 4 7 -0.17922332554859876E-001
  1 4 8 0.79476969198383532E-003
  1 4 9 0.38815279744765414E-003
  1 4 10 0.17002827900844236
  1 4 11 0.38815279744765414E-003
  1 4 12 0.79476969198383532E-003
  1 4 13 0.17002827900844236
  1 4 14 0.38815279744765414E-003
  1 4 15 0.79476969198383532E-003
  1 4 16 -0.17922332554859876E-001
  1 4 17 0.79476969198383532E-003
  1 4 18 0.38815279744765414E-003
  1 5 1 -0.17922332554859876E-001
  1 5 2 0.40923049247174825E-001
  1 5 3 -0.17922332554859876E-001
  1 5 4 0.17002827900844236
  1 5 6 0.17002827900844236
  1 5 7 0.79476969198383532E-003
  1 5 8 -0.17922332554859876E-001
  1 5 9 0.79476969198383532E-003
  1 5 10 0.38815279744765414E-003
  1 5 11 0.17002827900844236
  1 5 12 0.38815279744765414E-003
  1 5 13 0.38815279744765414E-003
  1 5 14 0.17002827900844236
  1 5 15 0.38815279744765414E-003
  1 5 16 0.79476969198383532E-003
  1 5 17 -0.17922332554859876E-001
  1 5 18 0.79476969198383532E-003
  1 6 1 0.17002827900844236
  1 6 2 -0.17922332554859876E-001
  1 6 3 0.40923049247174825E-001
  1 6 4 -0.17922332554859876E-001
  1 6 5 0.17002827900844236
  1 6 7 0.38815279744765414E-003
  1 6 8 0.79476969198383532E-003
  1 6 9 -0.17922332554859876E-001
  1 6 10 0.79476969198383532E-003
  1 6 11 0.38815279744765414E-003
  1 6 12 0.17002827900844236
  1 6 13 0.79476969198383532E-003
  1 6 14 0.38815279744765414E-003
  1 6 15 0.17002827900844236
  1 6 16 0.38815279744765414E-003
  1 6 17 0.79476969198383532E-003
  1 6 18 -0.17922332554859876E-001
  1 7 1 0.17002827900844236
  1 7 2 0.38815279744765414E-003
  1 7 3 0.79476969198383532E-003
  1 7 4 -0.17922332554859876E-001
  1 7 5 0.79476969198383532E-003
  1 7 6 0.38815279744765414E-003
  1 7 8 0.17002827900844236
  1 7 9 -0.17922332554859876E-001
  1 7 10 0.40923049247174825E-001
  1 7 11 -0.17922332554859876E-001
  1 7 12 0.17002827900844236
  1 7 13 0.17002827900844236
  1 7 14 0.38815279744765414E-003
  1 7 15 0.79476969198383532E-003
  1 7 16 -0.17922332554859876E-001
  1 7 17 0.79476969198383532E-003
  1 7 18 0.38815279744765414E-003
  1 8 1 0.38815279744765414E-003
  1 8 2 0.17002827900844236
  1 8 3 0.38815279744765414E-003
  1 8 4 0.79476969198383532E-003
  1 8 5 -0.17922332554859876E-001
  1 8 6 0.79476969198383532E-003
  1 8 7 0.17002827900844236
  1 8 9 0.17002827900844236
  1 8 10 -0.17922332554859876E-001
  1 8 11 0.40923049247174825E-001
  1 8 12 -0.17922332554859876E-001
  1 8 13 0.38815279744765414E-003
  1 8 14 0.17002827900844236
  1 8 15 0.38815279744765414E-003
  1 8 16 0.79476969198383532E-003
  1 8 17 -0.17922332554859876E-001
  1 8 18 0.79476969198383532E-003
  1 9 1 0.79476969198383532E-003
  1 9 2 0.38815279744765414E-003
  1 9 3 0.17002827900844236
  1 9 4 0.38815279744765414E-003
  1 9 5 0.79476969198383532E-003
  1 9 6 -0.17922332554859876E-001
  1 9 7 -0.17922332554859876E-001
  1 9 8 0.17002827900844236
  1 9 10 0.17002827900844236
  1 9 11 -0.17922332554859876E-001
  1 9 12 0.40923049247174825E-001
  1 9 13 0.79476969198383532E-003
  1 9 14 0.38815279744765414E-003
  1 9 15 0.17002827900844236
  1 9 16 0.38815279744765414E-003
  1 9 17 0.79476969198383532E-003
  1 9 18 -0.17922332554859876E-001
  1 10 1 -0.17922332554859876E-001
  1 10 2 0.79476969198383532E-003
  1 10 3 0.38815279744765414E-003
  1 10 4 0.17002827900844236
  1 10 5 0.38815279744765414E-003
  1 10 6 0.79476969198383532E-003
  1 10 7 0.40923049247174825E-001
  1 10 8 -0.17922332554859876E-001
  1 10 9 0.17002827900844236
  1 10 11 0.17002827900844236
  1 10 12 -0.17922332554859876E-001
  1 10 13 -0.17922332554859876E-001
  1 10 14 0.79476969198383532E-003
  1 10 15 0.38815279744765414E-003
  1 10 16 0.17002827900844236
  1 10 17 0.38815279744765414E-003
  1 10 18 0.79476969198383532E-003
  1 11 1 0.79476969198383532E-003
  1 11 2 -0.17922332554859876E-001
  1 11 3 0.79476969198383532E-003
  1 11 4 0.38815279744765414E-003
  1 11 5 0.17002827900844236
  1 11 6 0.38815279744765414E-003
  1 11 7 -0.17922332554859876E-001
  1 11 8 0.40923049247174825E-001
  1 11 9 -0.17922332554859876E-001
  1 11 10 0.17002827900844236
  1 11 12 0.17002827900844236
  1 11 13 0.79476969198383532E-003
  1 11 14 -0.17922332554859876E-001
  1 11 15 0.79476969198383532E-003
  1 11 16 0.38815279744765414E-003
  1 11 17 0.17002827900844236
  1 11 18 0.38815279744765414E-003
  1 12 1 0.38815279744765414E-003
  1 12 2 0.79476969198383532E-003
  1 12 3 -0.17922332554859876E-001
  1 12 4 0.79476969198383532E-003
  1 12 5 0.38815279744765414E-003
  1 12 6 0.17002827900844236
  1 12 7 0.17002827900844236
  1 12 8 -0.17922332554859876E-001
  1 12 9 0.40923049247174825E-001
  1 12 10 -0.17922332554859876E-001
  1 12 11 0.17002827900844236
  1 12 13 0.38815279744765414E-003
  1 12 14 0.79476969198383532E-003
  1 12 15 -0.17922332554859876E-001
  1 12 16 0.79476969198383532E-003
  1 12 17 0.38815279744765414E-003
  1 12 18 0.17002827900844236
  1 13 1 -0.17922332554859876E-001
  1 13 2 0.79476969198383532E-003
  1 13 3 0.38815279744765414E-003
  1 13 4 0.17002827900844236
  1 13 5 0.38815279744765414E-003
  1 13 6 0.79476969198383532E-003
  1 13 7 0.17002827900844236
  1 13 8 0.38815279744765414E-003
  1 13 9 0.79476969198383532E-003
  1 13 10 -0.17922332554859876E-001
  1 13 11 0.79476969198383532E-003
  1 13 12 0.38815279744765414E-003
  1 13 14 0.17002827900844236
  1 13 15 -0.17922332554859876E-001
  1 13 16 0.40923049247174825E-001
  1 13 17 -0.17922332554859876E-001
  1 13 18 0.17002827900844236
  1 14 1 0.79476969198383532E-003
  1 14 2 -0.17922332554859876E-001
  1 14 3 0.79476969198383532E-003
  1 14 4 0.38815279744765414E-003
  1 14 5 0.17002827900844236
  1 14 6 0.38815279744765414E-003
  1 14 7 0.38815279744765414E-003
  1 14 8 0.17002827900844236
  1 14 9 0.38815279744765414E-003
  1 14 10 0.79476969198383532E-003
  1 14 11 -0.17922332554859876E-001
  1 14 12 0.79476969198383532E-003
  1 14 13 0.17002827900844236
  1 14 15 0.17002827900844236
  1 14 16 -0.17922332554859876E-001
  1 14 17 0.40923049247174825E-001
  1 14 18 -0.17922332554859876E-001
  1 15 1 0.38815279744765414E-003
  1 15 2 0.79476969198383532E-003
  1 15 3 -0.17922332554859876E-001
  1 15 4 0.79476969198383532E-003
  1 15 5 0.38815279744765414E-003
  1 15 6 0.17002827900844236
  1 15 7 0.79476969198383532E-003
  1 15 8 0.38815279744765414E-003
  1 15 9 0.17002827900844236
  1 15 10 0.38815279744765414E-003
  1 15 11 0.79476969198383532E-003
  1 15 12 -0.17922332554859876E-001
  1 15 13 -0.17922332554859876E-001
  1 15 14 0.17002827900844236
  1 15 16 0.17002827900844236
  1 15 17 -0.17922332554859876E-001
  1 15 18 0.40923049247174825E-001
  1 16 1 0.17002827900844236
  1 16 2 0.38815279744765414E-003
  1 16 3 0.79476969198383532E-003
  1 16 4 -0.17922332554859876E-001
  1 16 5 0.79476969198383532E-003
  1 16 6 0.38815279744765414E-003
  1 16 7 -0.17922332554859876E-001
  1 16 8 0.79476969198383532E-003
  1 16 9 0.38815279744765414E-003
  1 16 10 0.17002827900844236
  1 16 11 0.38815279744765414E-003
  1 16 12 0.79476969198383532E-003
  1 16 13 0.40923049247174825E-001
  1 16 14 -0.17922332554859876E-001
  1 16 15 0.17002827900844236
  1 16 17 0.17002827900844236
  1 16 18 -0.17922332554859876E-001
  1 17 1 0.38815279744765414E-003
  1 17 2 0.17002827900844236
  1 17 3 0.38815279744765414E-003
  1 17 4 0.79476969198383532E-003
  1 17 5 -0.17922332554859876E-001
  1 17 6 0.79476969198383532E-003
  1 17 7 0.79476969198383532E-003
  1 17 8 -0.17922332554859876E-001
  1 17 9 0.79476969198383532E-003
  1 17 10 0.38815279744765414E-003
  1 17 11 0.17002827900844236
  1 17 12 0.38815279744765414E-003
  1 17 13 -0.17922332554859876E-001
  1 17 14 0.40923049247174825E-001
  1 17 15 -0.17922332554859876E-001
  1 17 16 0.17002827900844236
  1 17 18 0.17002827900844236
  1 18 1 0.79476969198383532E-003
  1 18 2 0.38815279744765414E-003
  1 18 3 0.17002827900844236
  1 18 4 0.38815279744765414E-003
  1 18 5 0.79476969198383532E-003
  1 18 6 -0.17922332554859876E-001
  1 18 7 0.38815279744765414E-003
  1 18 8 0.79476969198383532E-003
  1 18 9 -0.17922332554859876E-001
  1 18 10 0.79476969198383532E-003
  1 18 11 0.38815279744765414E-003
  1 18 12 0.17002827900844236
  1 18 13 0.17002827900844236
  1 18 14 -0.17922332554859876E-001
  1 18 15 0.40923049247174825E-001
  1 18 16 -0.17922332554859876E-001
  1 18 17 0.17002827900844236
