# FIXED-NODE: TRIAL WAVE FUNCTION DUMP FILE [ nI | twfn amp. ]
 # Size of Hilbert Space:          400
 # Type of Trial Wave Function |  Slater =           1  |  Jastrow = T  |  Backflow = T
 
         1   1   2   3   4   5   6   1.19536157899E-02
         2   1   2   3   4   5   8  -1.40044506955E-01
         3   1   2   3   4   5  10   5.44539372819E-02
         4   1   2   3   4   5  12   5.45542982946E-02
         5   1   2   3   4   6   7   1.40044506955E-01
         6   1   2   3   4   6   9  -5.44539372819E-02
         7   1   2   3   4   6  11  -5.45542982946E-02
         8   1   2   3   4   7   8   3.49414995327E-01
         9   1   2   3   4   7  10  -2.79702586930E-01
        10   1   2   3   4   7  12  -2.79723438802E-01
        11   1   2   3   4   8   9   2.79702586930E-01
        12   1   2   3   4   8  11   2.79723438802E-01
        13   1   2   3   4   9  10   1.03773570450E-01
        14   1   2   3   4   9  12   1.74104526737E-01
        15   1   2   3   4  10  11  -1.74104526737E-01
        16   1   2   3   4  11  12   1.03852707796E-01
        17   1   2   3   5   6   8  -5.82348803645E-02
        18   1   2   3   5   6  10   1.23604885073E-02
        19   1   2   3   5   6  12   4.15050106940E-02
        20   1   2   3   5   8  10   5.22605265664E-02
        21   1   2   3   5   8  12  -1.52054785285E-01
        22   1   2   3   5  10  12   9.90381203436E-02
        23   1   2   3   6   7   8  -2.79672542763E-01
        24   1   2   3   6   7  10   1.21990914512E-01
        25   1   2   3   6   7  12   4.23871142618E-01
        26   1   2   3   6   8   9  -1.71796428829E-01
        27   1   2   3   6   8  11  -2.71383822722E-01
        28   1   2   3   6   9  10  -4.14775444263E-02
        29   1   2   3   6   9  12  -2.01641344304E-01
        30   1   2   3   6  10  11   1.04760691880E-01
        31   1   2   3   6  11  12  -1.62774740198E-01
        32   1   2   3   7   8  10  -1.40151586034E-01
        33   1   2   3   7   8  12   2.79672543953E-01
        34   1   2   3   7  10  12  -4.23886521267E-01
        35   1   2   3   8   9  10  -5.83175772005E-02
        36   1   2   3   8   9  12   2.71549332417E-01
        37   1   2   3   8  10  11   1.52213540635E-01
        38   1   2   3   8  11  12   1.69783713191E-01
        39   1   2   3   9  10  12   1.69809845231E-01
        40   1   2   3  10  11  12  -2.02652009983E-01
        41   1   2   4   5   6   7   5.82348803645E-02
        42   1   2   4   5   6   9  -1.23604885073E-02
        43   1   2   4   5   6  11  -4.15050106940E-02
        44   1   2   4   5   7   8   2.79672542763E-01
        45   1   2   4   5   7  10  -1.71796428829E-01
        46   1   2   4   5   7  12  -2.71383822722E-01
        47   1   2   4   5   8   9   1.21990914512E-01
        48   1   2   4   5   8  11   4.23871142618E-01
        49   1   2   4   5   9  10   4.14775444263E-02
        50   1   2   4   5   9  12   1.04760691880E-01
        51   1   2   4   5  10  11  -2.01641344304E-01
        52   1   2   4   5  11  12   1.62774740198E-01
        53   1   2   4   6   7   9   5.22605265664E-02
        54   1   2   4   6   7  11  -1.52054785285E-01
        55   1   2   4   6   9  11   9.90381203436E-02
        56   1   2   4   7   8   9   1.40151586034E-01
        57   1   2   4   7   8  11  -2.79672543953E-01
        58   1   2   4   7   9  10   5.83175772005E-02
        59   1   2   4   7   9  12   1.52213540635E-01
        60   1   2   4   7  10  11   2.71549332417E-01
        61   1   2   4   7  11  12  -1.69783713191E-01
        62   1   2   4   8   9  11  -4.23886521267E-01
        63   1   2   4   9  10  11  -1.69809845231E-01
        64   1   2   4   9  11  12   2.02652009983E-01
        65   1   2   5   6   7   8   1.03817687980E-01
        66   1   2   5   6   7  10  -4.15050079816E-02
        67   1   2   5   6   7  12  -1.69799299403E-01
        68   1   2   5   6   8   9   4.15050079816E-02
        69   1   2   5   6   8  11   1.69799299403E-01
        70   1   2   5   6   9  10   1.19536147534E-02
        71   1   2   5   6   9  12   5.82348773878E-02
        72   1   2   5   6  10  11  -5.82348773878E-02
        73   1   2   5   6  11  12   1.03817689764E-01
        74   1   2   5   7   8  10   5.45466338215E-02
        75   1   2   5   7   8  12  -1.74248617241E-01
        76   1   2   5   7  10  12   2.01784379477E-01
        77   1   2   5   8   9  10   1.24338482934E-02
        78   1   2   5   8   9  12  -1.05012362064E-01
        79   1   2   5   8  10  11  -9.91544817467E-02
        80   1   2   5   8  11  12  -2.02722398318E-01
        81   1   2   5   9  10  12  -5.83047187828E-02
        82   1   2   5  10  11  12   1.69783711811E-01
        83   1   2   6   7   8   9  -5.45466338215E-02
        84   1   2   6   7   8  11   1.74248617241E-01
        85   1   2   6   7   9  10  -1.24338482934E-02
        86   1   2   6   7   9  12  -9.91544817467E-02
        87   1   2   6   7  10  11  -1.05012362064E-01
        88   1   2   6   7  11  12   2.02722398318E-01
        89   1   2   6   8   9  11   2.01784379477E-01
        90   1   2   6   9  10  11   5.83047187828E-02
        91   1   2   6   9  11  12  -1.69783711811E-01
        92   1   2   7   8   9  10   1.19858055294E-02
        93   1   2   7   8   9  12  -5.45466340919E-02
        94   1   2   7   8  10  11   5.45466340919E-02
        95   1   2   7   8  11  12   1.03817689053E-01
        96   1   2   7   9  10  12  -4.15541285160E-02
        97   1   2   7  10  11  12  -1.62774738018E-01
        98   1   2   8   9  10  11   4.15541285160E-02
        99   1   2   8   9  11  12   1.62774738018E-01
       100   1   2   9  10  11  12   1.03852705350E-01
       101   1   3   4   5   6   8  -5.83047224674E-02
       102   1   3   4   5   6  10   4.14775467803E-02
       103   1   3   4   5   6  12   1.24338488459E-02
       104   1   3   4   5   8  10  -1.52159708018E-01
       105   1   3   4   5   8  12   5.23928502503E-02
       106   1   3   4   5  10  12  -9.93383768627E-02
       107   1   3   4   6   7   8  -2.79723436790E-01
       108   1   3   4   6   7  10   4.23917387363E-01
       109   1   3   4   6   7  12   1.22099049148E-01
       110   1   3   4   6   8   9  -2.71304260263E-01
       111   1   3   4   6   8  11  -1.71897817920E-01
       112   1   3   4   6   9  10  -1.62668955952E-01
       113   1   3   4   6   9  12  -1.04843090703E-01
       114   1   3   4   6  10  11   2.01781276683E-01
       115   1   3   4   6  11  12  -4.15541284957E-02
       116   1   3   4   7   8  10   2.79702585831E-01
       117   1   3   4   7   8  12  -1.40044504955E-01
       118   1   3   4   7  10  12   4.23917386723E-01
       119   1   3   4   8   9  10   1.69974560208E-01
       120   1   3   4   8   9  12  -1.52159706382E-01
       121   1   3   4   8  10  11  -2.71304261139E-01
       122   1   3   4   8  11  12  -5.83047219373E-02
       123   1   3   4   9  10  12  -2.02814651623E-01
       124   1   3   4  10  11  12   1.69809846541E-01
       125   1   3   5   6   8  10  -1.04760698614E-01
       126   1   3   5   6   8  12   1.05012370168E-01
       127   1   3   5   6  10  12  -1.21990921550E-01
       128   1   3   5   8  10  12   1.18797517943E-01
       129   1   3   6   7   8  10  -4.23886517698E-01
       130   1   3   6   7   8  12   4.23871138775E-01
       131   1   3   6   7  10  12  -1.00000000000E+00
       132   1   3   6   8   9  10  -2.01781274210E-01
       133   1   3   6   8   9  12   4.39910728728E-01
       134   1   3   6   8  10  11   4.39826228192E-01
       135   1   3   6   8  11  12   2.01784382861E-01
       136   1   3   6   9  10  12   4.23917379497E-01
       137   1   3   6  10  11  12  -4.23886517118E-01
       138   1   3   7   8  10  12  -1.21990915770E-01
       139   1   3   8   9  10  12  -9.93383711877E-02
       140   1   3   8  10  11  12   9.90381154055E-02
       141   1   4   5   6   7   8  -1.69783711101E-01
       142   1   4   5   6   7  10   2.01641344001E-01
       143   1   4   5   6   7  12   9.91544781197E-02
       144   1   4   5   6   8   9  -9.90381137709E-02
       145   1   4   5   6   8  11  -2.01784383221E-01
       146   1   4   5   6   9  10  -5.44539346017E-02
       147   1   4   5   6   9  12  -5.22605210151E-02
       148   1   4   5   6  10  11   1.71796430171E-01
       149   1   4   5   6  11  12  -5.45466336472E-02
       150   1   4   5   7   8  10   2.71549330131E-01
       151   1   4   5   7   8  12  -1.52054782375E-01
       152   1   4   5   7  10  12   4.39910728415E-01
       153   1   4   5   8   9  10   9.93383700030E-02
       154   1   4   5   8   9  12  -1.18797515642E-01
       155   1   4   5   8  10  11  -4.39910730645E-01
       156   1   4   5   8  11  12  -1.05012369150E-01
       157   1   4   5   9  10  12  -1.52159699964E-01
       158   1   4   5  10  11  12   2.71549333426E-01
       159   1   4   6   7   8   9   1.52213539465E-01
       160   1   4   6   7   8  11  -2.71383821769E-01
       161   1   4   6   7   9  10   1.04843095363E-01
       162   1   4   6   7   9  12   1.19178141873E-01
       163   1   4   6   7  10  11   4.39910730810E-01
       164   1   4   6   7  11  12  -9.91544786446E-02
       165   1   4   6   8   9  11  -4.39826228379E-01
       166   1   4   6   9  10  11  -2.71304260205E-01
       167   1   4   6   9  11  12   1.52213535439E-01
       168   1   4   7   8   9  10   5.83175769996E-02
       169   1   4   7   8   9  12  -5.22605257095E-02
       170   1   4   7   8  10  11   1.71796429164E-01
       171   1   4   7   8  11  12   5.82348796907E-02
       172   1   4   7   9  10  12  -1.04843095348E-01
       173   1   4   7  10  11  12  -2.01641344765E-01
       174   1   4   8   9  10  11   2.01781275333E-01
       175   1   4   8   9  11  12   1.04760697658E-01
       176   1   4   9  10  11  12   1.74104526875E-01
       177   1   5   6   7   8  10   1.62774735752E-01
       178   1   5   6   7   8  12  -2.02722395449E-01
       179   1   5   6   7  10  12   4.23871131138E-01
       180   1   5   6   8   9  10   5.45542945409E-02
       181   1   5   6   8   9  12  -1.52054775894E-01
       182   1   5   6   8  10  11  -2.71383820533E-01
       183   1   5   6   8  11  12  -1.74248620043E-01
       184   1   5   6   9  10  12  -1.40044497940E-01
       185   1   5   6  10  11  12   2.79672540498E-01
       186   1   5   7   8  10  12   1.05012362377E-01
       187   1   5   8   9  10  12   5.23928443401E-02
       188   1   5   8  10  11  12  -1.52054778040E-01
       189   1   6   7   8   9  10  -4.15541281387E-02
       190   1   6   7   8   9  12   9.91544807971E-02
       191   1   6   7   8  10  11  -2.01784378742E-01
       192   1   6   7   8  11  12  -1.69799298648E-01
       193   1   6   7   9  10  12   1.22099050406E-01
       194   1   6   7  10  11  12   4.23871133214E-01
       195   1   6   8   9  10  11  -1.71897813526E-01
       196   1   6   8   9  11  12  -2.71383820429E-01
       197   1   6   9  10  11  12  -2.79723431016E-01
       198   1   7   8   9  10  12   1.24338484248E-02
       199   1   7   8  10  11  12   4.15050086447E-02
       200   1   8   9  10  11  12   5.45542954420E-02
       201   2   3   4   5   6   7   5.83047224674E-02
       202   2   3   4   5   6   9  -4.14775467803E-02
       203   2   3   4   5   6  11  -1.24338488459E-02
       204   2   3   4   5   7   8   2.79723436790E-01
       205   2   3   4   5   7  10  -2.71304260263E-01
       206   2   3   4   5   7  12  -1.71897817920E-01
       207   2   3   4   5   8   9   4.23917387363E-01
       208   2   3   4   5   8  11   1.22099049148E-01
       209   2   3   4   5   9  10   1.62668955952E-01
       210   2   3   4   5   9  12   2.01781276683E-01
       211   2   3   4   5  10  11  -1.04843090703E-01
       212   2   3   4   5  11  12   4.15541284957E-02
       213   2   3   4   6   7   9  -1.52159708018E-01
       214   2   3   4   6   7  11   5.23928502503E-02
       215   2   3   4   6   9  11  -9.93383768627E-02
       216   2   3   4   7   8   9  -2.79702585831E-01
       217   2   3   4   7   8  11   1.40044504955E-01
       218   2   3   4   7   9  10  -1.69974560208E-01
       219   2   3   4   7   9  12  -2.71304261139E-01
       220   2   3   4   7  10  11  -1.52159706382E-01
       221   2   3   4   7  11  12   5.83047219373E-02
       222   2   3   4   8   9  11   4.23917386723E-01
       223   2   3   4   9  10  11   2.02814651623E-01
       224   2   3   4   9  11  12  -1.69809846541E-01
       225   2   3   5   6   7   8   1.69783711101E-01
       226   2   3   5   6   7  10  -9.90381137709E-02
       227   2   3   5   6   7  12  -2.01784383221E-01
       228   2   3   5   6   8   9   2.01641344001E-01
       229   2   3   5   6   8  11   9.91544781197E-02
       230   2   3   5   6   9  10   5.44539346017E-02
       231   2   3   5   6   9  12   1.71796430171E-01
       232   2   3   5   6  10  11  -5.22605210151E-02
       233   2   3   5   6  11  12   5.45466336472E-02
       234   2   3   5   7   8  10   1.52213539465E-01
       235   2   3   5   7   8  12  -2.71383821769E-01
       236   2   3   5   7  10  12   4.39826228379E-01
       237   2   3   5   8   9  10   1.04843095363E-01
       238   2   3   5   8   9  12  -4.39910730810E-01
       239   2   3   5   8  10  11  -1.19178141873E-01
       240   2   3   5   8  11  12  -9.91544786446E-02
       241   2   3   5   9  10  12  -2.71304260205E-01
       242   2   3   5  10  11  12   1.52213535439E-01
       243   2   3   6   7   8   9   2.71549330131E-01
       244   2   3   6   7   8  11  -1.52054782375E-01
       245   2   3   6   7   9  10   9.93383700030E-02
       246   2   3   6   7   9  12   4.39910730645E-01
       247   2   3   6   7  10  11   1.18797515642E-01
       248   2   3   6   7  11  12  -1.05012369150E-01
       249   2   3   6   8   9  11  -4.39910728415E-01
       250   2   3   6   9  10  11  -1.52159699964E-01
       251   2   3   6   9  11  12   2.71549333426E-01
       252   2   3   7   8   9  10  -5.83175769996E-02
       253   2   3   7   8   9  12   1.71796429164E-01
       254   2   3   7   8  10  11  -5.22605257095E-02
       255   2   3   7   8  11  12  -5.82348796907E-02
       256   2   3   7   9  10  12   2.01781275333E-01
       257   2   3   7  10  11  12   1.04760697658E-01
       258   2   3   8   9  10  11  -1.04843095348E-01
       259   2   3   8   9  11  12  -2.01641344765E-01
       260   2   3   9  10  11  12  -1.74104526875E-01
       261   2   4   5   6   7   9  -1.04760698614E-01
       262   2   4   5   6   7  11   1.05012370168E-01
       263   2   4   5   6   9  11  -1.21990921550E-01
       264   2   4   5   7   8   9  -4.23886517698E-01
       265   2   4   5   7   8  11   4.23871138775E-01
       266   2   4   5   7   9  10  -2.01781274210E-01
       267   2   4   5   7   9  12  -4.39826228192E-01
       268   2   4   5   7  10  11  -4.39910728728E-01
       269   2   4   5   7  11  12   2.01784382861E-01
       270   2   4   5   8   9  11   1.00000000000E+00
       271   2   4   5   9  10  11   4.23917379497E-01
       272   2   4   5   9  11  12  -4.23886517118E-01
       273   2   4   6   7   9  11  -1.18797517943E-01
       274   2   4   7   8   9  11  -1.21990915770E-01
       275   2   4   7   9  10  11  -9.93383711877E-02
       276   2   4   7   9  11  12   9.90381154055E-02
       277   2   5   6   7   8   9  -1.62774735752E-01
       278   2   5   6   7   8  11   2.02722395449E-01
       279   2   5   6   7   9  10  -5.45542945409E-02
       280   2   5   6   7   9  12  -2.71383820533E-01
       281   2   5   6   7  10  11  -1.52054775894E-01
       282   2   5   6   7  11  12   1.74248620043E-01
       283   2   5   6   8   9  11   4.23871131138E-01
       284   2   5   6   9  10  11   1.40044497940E-01
       285   2   5   6   9  11  12  -2.79672540498E-01
       286   2   5   7   8   9  10   4.15541281387E-02
       287   2   5   7   8   9  12  -2.01784378742E-01
       288   2   5   7   8  10  11   9.91544807971E-02
       289   2   5   7   8  11  12   1.69799298648E-01
       290   2   5   7   9  10  12  -1.71897813526E-01
       291   2   5   7  10  11  12  -2.71383820429E-01
       292   2   5   8   9  10  11   1.22099050406E-01
       293   2   5   8   9  11  12   4.23871133214E-01
       294   2   5   9  10  11  12   2.79723431016E-01
       295   2   6   7   8   9  11   1.05012362377E-01
       296   2   6   7   9  10  11   5.23928443401E-02
       297   2   6   7   9  11  12  -1.52054778040E-01
       298   2   7   8   9  10  11  -1.24338484248E-02
       299   2   7   8   9  11  12  -4.15050086447E-02
       300   2   7   9  10  11  12  -5.45542954420E-02
       301   3   4   5   6   7   8   1.03852706142E-01
       302   3   4   5   6   7  10  -1.69809845518E-01
       303   3   4   5   6   7  12  -4.15541281492E-02
       304   3   4   5   6   8   9   1.69809845518E-01
       305   3   4   5   6   8  11   4.15541281492E-02
       306   3   4   5   6   9  10   1.03773570494E-01
       307   3   4   5   6   9  12   5.83175757297E-02
       308   3   4   5   6  10  11  -5.83175757297E-02
       309   3   4   5   6  11  12   1.19858054286E-02
       310   3   4   5   7   8  10  -1.74104524553E-01
       311   3   4   5   7   8  12   5.45542968161E-02
       312   3   4   5   7  10  12  -2.01781274457E-01
       313   3   4   5   8   9  10  -2.02814651162E-01
       314   3   4   5   8   9  12   9.93383750522E-02
       315   3   4   5   8  10  11   1.04843090157E-01
       316   3   4   5   8  11  12   1.24338485567E-02
       317   3   4   5   9  10  12   1.69974560541E-01
       318   3   4   5  10  11  12  -5.83175755578E-02
       319   3   4   6   7   8   9   1.74104524553E-01
       320   3   4   6   7   8  11  -5.45542968161E-02
       321   3   4   6   7   9  10   2.02814651162E-01
       322   3   4   6   7   9  12   1.04843090157E-01
       323   3   4   6   7  10  11   9.93383750522E-02
       324   3   4   6   7  11  12  -1.24338485567E-02
       325   3   4   6   8   9  11  -2.01781274457E-01
       326   3   4   6   9  10  11  -1.69974560541E-01
       327   3   4   6   9  11  12   5.83175755578E-02
       328   3   4   7   8   9  10   1.03773569665E-01
       329   3   4   7   8   9  12  -5.44539360213E-02
       330   3   4   7   8  10  11   5.44539360213E-02
       331   3   4   7   8  11  12   1.19536153133E-02
       332   3   4   7   9  10  12  -1.62668954995E-01
       333   3   4   7  10  11  12  -4.14775457029E-02
       334   3   4   8   9  10  11   1.62668954995E-01
       335   3   4   8   9  11  12   4.14775457029E-02
       336   3   4   9  10  11  12   1.03773569901E-01
       337   3   5   6   7   8  10  -2.02652006657E-01
       338   3   5   6   7   8  12   1.62774737270E-01
       339   3   5   6   7  10  12  -4.23886513733E-01
       340   3   5   6   8   9  10  -1.74104525695E-01
       341   3   5   6   8   9  12   2.71549331446E-01
       342   3   5   6   8  10  11   1.52213534151E-01
       343   3   5   6   8  11  12   5.45466331063E-02
       344   3   5   6   9  10  12   2.79702582596E-01
       345   3   5   6  10  11  12  -1.40151581190E-01
       346   3   5   7   8  10  12  -1.04760691725E-01
       347   3   5   8   9  10  12  -1.52159700923E-01
       348   3   5   8  10  11  12   5.22605214176E-02
       349   3   6   7   8   9  10  -1.69809843156E-01
       350   3   6   7   8   9  12   2.01641341347E-01
       351   3   6   7   8  10  11  -9.90381175136E-02
       352   3   6   7   8  11  12  -4.15050092811E-02
       353   3   6   7   9  10  12   4.23917377816E-01
       354   3   6   7  10  11  12   1.21990918587E-01
       355   3   6   8   9  10  11  -2.71304257664E-01
       356   3   6   8   9  11  12  -1.71796427802E-01
       357   3   6   9  10  11  12  -2.79702581805E-01
       358   3   7   8   9  10  12   4.14775446999E-02
       359   3   7   8  10  11  12   1.23604883485E-02
       360   3   8   9  10  11  12   5.44539349052E-02
       361   4   5   6   7   8   9   2.02652006657E-01
       362   4   5   6   7   8  11  -1.62774737270E-01
       363   4   5   6   7   9  10   1.74104525695E-01
       364   4   5   6   7   9  12   1.52213534151E-01
       365   4   5   6   7  10  11   2.71549331446E-01
       366   4   5   6   7  11  12  -5.45466331063E-02
       367   4   5   6   8   9  11  -4.23886513733E-01
       368   4   5   6   9  10  11  -2.79702582596E-01
       369   4   5   6   9  11  12   1.40151581190E-01
       370   4   5   7   8   9  10   1.69809843156E-01
       371   4   5   7   8   9  12  -9.90381175136E-02
       372   4   5   7   8  10  11   2.01641341347E-01
       373   4   5   7   8  11  12   4.15050092811E-02
       374   4   5   7   9  10  12  -2.71304257664E-01
       375   4   5   7  10  11  12  -1.71796427802E-01
       376   4   5   8   9  10  11   4.23917377816E-01
       377   4   5   8   9  11  12   1.21990918587E-01
       378   4   5   9  10  11  12   2.79702581805E-01
       379   4   6   7   8   9  11  -1.04760691725E-01
       380   4   6   7   9  10  11  -1.52159700923E-01
       381   4   6   7   9  11  12   5.22605214176E-02
       382   4   7   8   9  10  11  -4.14775446999E-02
       383   4   7   8   9  11  12  -1.23604883485E-02
       384   4   7   9  10  11  12  -5.44539349052E-02
       385   5   6   7   8   9  10   1.03852703571E-01
       386   5   6   7   8   9  12  -1.69783708684E-01
       387   5   6   7   8  10  11   1.69783708684E-01
       388   5   6   7   8  11  12   1.03817687597E-01
       389   5   6   7   9  10  12  -2.79723428796E-01
       390   5   6   7  10  11  12  -2.79672537770E-01
       391   5   6   8   9  10  11   2.79723428796E-01
       392   5   6   8   9  11  12   2.79672537770E-01
       393   5   6   9  10  11  12   3.49414983892E-01
       394   5   7   8   9  10  12  -5.83047186718E-02
       395   5   7   8  10  11  12  -5.82348771632E-02
       396   5   8   9  10  11  12  -1.40044498625E-01
       397   6   7   8   9  10  11   5.83047186718E-02
       398   6   7   8   9  11  12   5.82348771632E-02
       399   6   7   9  10  11  12   1.40044498625E-01
       400   7   8   9  10  11  12   1.19536149521E-02
