# FIXED-NODE: TRIAL WAVE FUNCTION DUMP FILE [ nI | twfn amp. ]
 # Size of Hilbert Space:          441
 # Type of Trial Wave Function |  Slater =           1  |  Jastrow = T  |  Backflow = T
 
         1   1   2   3   4   5   6   7   8   9  10   4.63859503368E-01
         2   1   2   3   4   5   6   7   8   9  12   2.58608791336E-03
         3   1   2   3   4   5   6   7   8   9  14  -1.33397457198E-02
         4   1   2   3   4   5   6   7   8  10  11  -2.58608791336E-03
         5   1   2   3   4   5   6   7   8  10  13   1.33397457198E-02
         6   1   2   3   4   5   6   7   8  11  12   2.80077712388E-10
         7   1   2   3   4   5   6   7   8  11  14  -2.35124592426E-04
         8   1   2   3   4   5   6   7   8  12  13   2.35124592426E-04
         9   1   2   3   4   5   6   7   8  13  14   1.02352938763E-06
        10   1   2   3   4   5   6   7   9  10  12  -2.24769847951E-01
        11   1   2   3   4   5   6   7   9  10  14  -2.17459342978E-01
        12   1   2   3   4   5   6   7   9  12  14   5.82299999256E-03
        13   1   2   3   4   5   6   7  10  11  12  -5.09008596161E-03
        14   1   2   3   4   5   6   7  10  11  14  -5.37909435035E-03
        15   1   2   3   4   5   6   7  10  12  13  -2.34539769883E-03
        16   1   2   3   4   5   6   7  10  13  14  -1.11411902640E-05
        17   1   2   3   4   5   6   7  11  12  14  -4.33824941267E-04
        18   1   2   3   4   5   6   7  12  13  14   3.30455581087E-04
        19   1   2   3   4   5   6   8   9  10  11   2.24769847951E-01
        20   1   2   3   4   5   6   8   9  10  13   2.17459342978E-01
        21   1   2   3   4   5   6   8   9  11  12   5.09008596161E-03
        22   1   2   3   4   5   6   8   9  11  14  -2.34539769883E-03
        23   1   2   3   4   5   6   8   9  12  13  -5.37909435035E-03
        24   1   2   3   4   5   6   8   9  13  14   1.11411902640E-05
        25   1   2   3   4   5   6   8  10  11  13   5.82299999256E-03
        26   1   2   3   4   5   6   8  11  12  13   4.33824941267E-04
        27   1   2   3   4   5   6   8  11  13  14  -3.30455581087E-04
        28   1   2   3   4   5   6   9  10  11  12   1.86639780567E-07
        29   1   2   3   4   5   6   9  10  11  14  -2.44414357543E-02
        30   1   2   3   4   5   6   9  10  12  13   2.44414357543E-02
        31   1   2   3   4   5   6   9  10  13  14   9.74236485248E-05
        32   1   2   3   4   5   6   9  11  12  14   3.01457336443E-03
        33   1   2   3   4   5   6   9  12  13  14  -6.45253302510E-03
        34   1   2   3   4   5   6  10  11  12  13  -3.01457336443E-03
        35   1   2   3   4   5   6  10  11  13  14   6.45253302510E-03
        36   1   2   3   4   5   6  11  12  13  14   9.18721114412E-04
        37   1   2   3   4   5   7   8   9  10  12   1.08604786372E-01
        38   1   2   3   4   5   7   8   9  10  14  -8.76189925868E-02
        39   1   2   3   4   5   7   8   9  12  14   2.33083938649E-03
        40   1   2   3   4   5   7   8  10  11  12   2.17977552223E-03
        41   1   2   3   4   5   7   8  10  11  14  -1.86324944177E-03
        42   1   2   3   4   5   7   8  10  12  13  -1.93336370974E-04
        43   1   2   3   4   5   7   8  10  13  14  -2.35195122190E-04
        44   1   2   3   4   5   7   8  11  12  14   6.71238709986E-09
        45   1   2   3   4   5   7   8  12  13  14   1.19629689696E-06
        46   1   2   3   4   5   7   9  10  12  14  -1.66858658721E-02
        47   1   2   3   4   5   7  10  11  12  14   8.37864517606E-04
        48   1   2   3   4   5   7  10  12  13  14   1.22042791721E-03
        49   1   2   3   4   5   8   9  10  11  12  -5.52097212778E-03
        50   1   2   3   4   5   8   9  10  11  14   8.19589147612E-03
        51   1   2   3   4   5   8   9  10  12  13   1.16909184109E-03
        52   1   2   3   4   5   8   9  10  13  14   9.17760971164E-03
        53   1   2   3   4   5   8   9  11  12  14  -3.88415677072E-04
        54   1   2   3   4   5   8   9  12  13  14   3.65332229283E-04
        55   1   2   3   4   5   8  10  11  12  13  -1.87284798855E-03
        56   1   2   3   4   5   8  10  11  13  14  -2.73169359014E-03
        57   1   2   3   4   5   8  11  12  13  14  -1.35289279788E-04
        58   1   2   3   4   5   9  10  11  12  14   7.17937699523E-02
        59   1   2   3   4   5   9  10  12  13  14  -6.79772106460E-02
        60   1   2   3   4   5  10  11  12  13  14  -3.50857729548E-03
        61   1   2   3   4   6   7   8   9  10  11  -1.08604786372E-01
        62   1   2   3   4   6   7   8   9  10  13   8.76189925868E-02
        63   1   2   3   4   6   7   8   9  11  12  -2.17977552223E-03
        64   1   2   3   4   6   7   8   9  11  14  -1.93336370974E-04
        65   1   2   3   4   6   7   8   9  12  13  -1.86324944177E-03
        66   1   2   3   4   6   7   8   9  13  14   2.35195122190E-04
        67   1   2   3   4   6   7   8  10  11  13   2.33083938649E-03
        68   1   2   3   4   6   7   8  11  12  13  -6.71238709986E-09
        69   1   2   3   4   6   7   8  11  13  14  -1.19629689696E-06
        70   1   2   3   4   6   7   9  10  11  12   5.52097212778E-03
        71   1   2   3   4   6   7   9  10  11  14   1.16909184109E-03
        72   1   2   3   4   6   7   9  10  12  13   8.19589147612E-03
        73   1   2   3   4   6   7   9  10  13  14  -9.17760971164E-03
        74   1   2   3   4   6   7   9  11  12  14  -1.87284798855E-03
        75   1   2   3   4   6   7   9  12  13  14  -2.73169359014E-03
        76   1   2   3   4   6   7  10  11  12  13  -3.88415677072E-04
        77   1   2   3   4   6   7  10  11  13  14   3.65332229283E-04
        78   1   2   3   4   6   7  11  12  13  14   1.35289279788E-04
        79   1   2   3   4   6   8   9  10  11  13  -1.66858658721E-02
        80   1   2   3   4   6   8   9  11  12  13   8.37864517606E-04
        81   1   2   3   4   6   8   9  11  13  14   1.22042791721E-03
        82   1   2   3   4   6   9  10  11  12  13  -7.17937699523E-02
        83   1   2   3   4   6   9  10  11  13  14   6.79772106460E-02
        84   1   2   3   4   6   9  11  12  13  14   3.50857729548E-03
        85   1   2   3   4   7   8   9  10  11  12   1.50421336306E-04
        86   1   2   3   4   7   8   9  10  11  14  -2.98244596607E-03
        87   1   2   3   4   7   8   9  10  12  13   2.98244596607E-03
        88   1   2   3   4   7   8   9  10  13  14   2.92120382714E-04
        89   1   2   3   4   7   8   9  11  12  14  -3.60882527981E-07
        90   1   2   3   4   7   8   9  12  13  14  -1.03923098411E-05
        91   1   2   3   4   7   8  10  11  12  13   3.60882527981E-07
        92   1   2   3   4   7   8  10  11  13  14   1.03923098411E-05
        93   1   2   3   4   7   8  11  12  13  14   5.79579388279E-14
        94   1   2   3   4   7   9  10  11  12  14   2.98357312031E-02
        95   1   2   3   4   7   9  10  12  13  14   2.58613936482E-02
        96   1   2   3   4   7  10  11  12  13  14   3.07102118378E-04
        97   1   2   3   4   8   9  10  11  12  13  -2.98357312031E-02
        98   1   2   3   4   8   9  10  11  13  14  -2.58613936482E-02
        99   1   2   3   4   8   9  11  12  13  14  -3.07102118378E-04
       100   1   2   3   4   9  10  11  12  13  14   2.02655073741E-02
       101   1   2   3   5   6   7   8   9  10  12  -5.06793997158E-01
       102   1   2   3   5   6   7   8   9  10  14  -6.96975110037E-01
       103   1   2   3   5   6   7   8   9  12  14  -1.13267177446E-02
       104   1   2   3   5   6   7   8  10  11  12   1.91336804122E-03
       105   1   2   3   5   6   7   8  10  11  14   4.06004538737E-03
       106   1   2   3   5   6   7   8  10  12  13   1.05255114103E-02
       107   1   2   3   5   6   7   8  10  13  14  -1.60221578484E-02
       108   1   2   3   5   6   7   8  11  12  14   8.88840927244E-04
       109   1   2   3   5   6   7   8  12  13  14   3.72341794813E-04
       110   1   2   3   5   6   7   9  10  12  14   8.08020976405E-02
       111   1   2   3   5   6   7  10  11  12  14  -3.49068415789E-04
       112   1   2   3   5   6   7  10  12  13  14  -9.26572454845E-05
       113   1   2   3   5   6   8   9  10  11  12  -2.25378503450E-01
       114   1   2   3   5   6   8   9  10  11  14  -3.08394368723E-01
       115   1   2   3   5   6   8   9  10  12  13   2.42049232867E-01
       116   1   2   3   5   6   8   9  10  13  14  -3.18458271150E-01
       117   1   2   3   5   6   8   9  11  12  14  -8.55062543093E-03
       118   1   2   3   5   6   8   9  12  13  14   8.02512095886E-03
       119   1   2   3   5   6   8  10  11  12  13   6.15716711916E-03
       120   1   2   3   5   6   8  10  11  13  14  -7.62868670682E-03
       121   1   2   3   5   6   8  11  12  13  14   2.52048789605E-04
       122   1   2   3   5   6   9  10  11  12  14   1.59395637645E-03
       123   1   2   3   5   6   9  10  12  13  14  -1.31562576271E-02
       124   1   2   3   5   6  10  11  12  13  14  -9.81710845208E-04
       125   1   2   3   5   7   8   9  10  12  14  -2.52704457483E-01
       126   1   2   3   5   7   8  10  11  12  14  -4.17560962192E-03
       127   1   2   3   5   7   8  10  12  13  14   2.68568144048E-04
       128   1   2   3   5   8   9  10  11  12  14   2.25090663797E-02
       129   1   2   3   5   8   9  10  12  13  14  -1.43363059905E-02
       130   1   2   3   5   8  10  11  12  13  14   6.33527965573E-03
       131   1   2   3   6   7   8   9  10  11  12   1.09124663488E-01
       132   1   2   3   6   7   8   9  10  11  14   1.60091417399E-01
       133   1   2   3   6   7   8   9  10  12  13   9.22823057228E-02
       134   1   2   3   6   7   8   9  10  13  14  -1.24126469971E-01
       135   1   2   3   6   7   8   9  11  12  14   4.02698071088E-03
       136   1   2   3   6   7   8   9  12  13  14   3.43315520215E-03
       137   1   2   3   6   7   8  10  11  12  13   1.81661526342E-03
       138   1   2   3   6   7   8  10  11  13  14  -2.67375096247E-03
       139   1   2   3   6   7   8  11  12  13  14   7.86933624834E-06
       140   1   2   3   6   7   9  10  11  12  14   5.03138016438E-04
       141   1   2   3   6   7   9  10  12  13  14  -7.90846131886E-04
       142   1   2   3   6   7  10  11  12  13  14   2.33002885977E-06
       143   1   2   3   6   8   9  10  11  12  13  -1.77447010733E-02
       144   1   2   3   6   8   9  10  11  13  14   2.34330103153E-02
       145   1   2   3   6   8   9  11  12  13  14  -6.64422834058E-03
       146   1   2   3   6   9  10  11  12  13  14   2.90044768690E-02
       147   1   2   3   7   8   9  10  11  12  14  -3.09256944562E-04
       148   1   2   3   7   8   9  10  12  13  14   1.90390071576E-04
       149   1   2   3   7   8  10  11  12  13  14   9.49006259171E-09
       150   1   2   3   8   9  10  11  12  13  14   7.12484913892E-02
       151   1   2   4   5   6   7   8   9  10  11   5.06793997158E-01
       152   1   2   4   5   6   7   8   9  10  13   6.96975110037E-01
       153   1   2   4   5   6   7   8   9  11  12  -1.91336804122E-03
       154   1   2   4   5   6   7   8   9  11  14   1.05255114103E-02
       155   1   2   4   5   6   7   8   9  12  13   4.06004538737E-03
       156   1   2   4   5   6   7   8   9  13  14   1.60221578484E-02
       157   1   2   4   5   6   7   8  10  11  13  -1.13267177446E-02
       158   1   2   4   5   6   7   8  11  12  13  -8.88840927244E-04
       159   1   2   4   5   6   7   8  11  13  14  -3.72341794813E-04
       160   1   2   4   5   6   7   9  10  11  12   2.25378503450E-01
       161   1   2   4   5   6   7   9  10  11  14   2.42049232867E-01
       162   1   2   4   5   6   7   9  10  12  13  -3.08394368723E-01
       163   1   2   4   5   6   7   9  10  13  14   3.18458271150E-01
       164   1   2   4   5   6   7   9  11  12  14   6.15716711916E-03
       165   1   2   4   5   6   7   9  12  13  14  -7.62868670682E-03
       166   1   2   4   5   6   7  10  11  12  13  -8.55062543093E-03
       167   1   2   4   5   6   7  10  11  13  14   8.02512095886E-03
       168   1   2   4   5   6   7  11  12  13  14  -2.52048789605E-04
       169   1   2   4   5   6   8   9  10  11  13   8.08020976405E-02
       170   1   2   4   5   6   8   9  11  12  13  -3.49068415789E-04
       171   1   2   4   5   6   8   9  11  13  14  -9.26572454845E-05
       172   1   2   4   5   6   9  10  11  12  13  -1.59395637645E-03
       173   1   2   4   5   6   9  10  11  13  14   1.31562576271E-02
       174   1   2   4   5   6   9  11  12  13  14   9.81710845208E-04
       175   1   2   4   5   7   8   9  10  11  12  -1.09124663488E-01
       176   1   2   4   5   7   8   9  10  11  14   9.22823057228E-02
       177   1   2   4   5   7   8   9  10  12  13   1.60091417399E-01
       178   1   2   4   5   7   8   9  10  13  14   1.24126469971E-01
       179   1   2   4   5   7   8   9  11  12  14   1.81661526342E-03
       180   1   2   4   5   7   8   9  12  13  14  -2.67375096247E-03
       181   1   2   4   5   7   8  10  11  12  13   4.02698071088E-03
       182   1   2   4   5   7   8  10  11  13  14   3.43315520215E-03
       183   1   2   4   5   7   8  11  12  13  14  -7.86933624834E-06
       184   1   2   4   5   7   9  10  11  12  14  -1.77447010733E-02
       185   1   2   4   5   7   9  10  12  13  14   2.34330103153E-02
       186   1   2   4   5   7  10  11  12  13  14  -6.64422834058E-03
       187   1   2   4   5   8   9  10  11  12  13   5.03138016438E-04
       188   1   2   4   5   8   9  10  11  13  14  -7.90846131886E-04
       189   1   2   4   5   8   9  11  12  13  14   2.33002885977E-06
       190   1   2   4   5   9  10  11  12  13  14  -2.90044768690E-02
       191   1   2   4   6   7   8   9  10  11  13  -2.52704457483E-01
       192   1   2   4   6   7   8   9  11  12  13  -4.17560962192E-03
       193   1   2   4   6   7   8   9  11  13  14   2.68568144048E-04
       194   1   2   4   6   7   9  10  11  12  13   2.25090663797E-02
       195   1   2   4   6   7   9  10  11  13  14  -1.43363059905E-02
       196   1   2   4   6   7   9  11  12  13  14   6.33527965573E-03
       197   1   2   4   7   8   9  10  11  12  13   3.09256944562E-04
       198   1   2   4   7   8   9  10  11  13  14  -1.90390071576E-04
       199   1   2   4   7   8   9  11  12  13  14  -9.49006259171E-09
       200   1   2   4   7   9  10  11  12  13  14  -7.12484913892E-02
       201   1   2   5   6   7   8   9  10  11  12   4.72235272075E-01
       202   1   2   5   6   7   8   9  10  11  14   7.07155258786E-01
       203   1   2   5   6   7   8   9  10  12  13  -7.07155258786E-01
       204   1   2   5   6   7   8   9  10  13  14   9.57909234834E-01
       205   1   2   5   6   7   8   9  11  12  14  -8.22289256191E-03
       206   1   2   5   6   7   8   9  12  13  14   1.38518166959E-02
       207   1   2   5   6   7   8  10  11  12  13   8.22289256191E-03
       208   1   2   5   6   7   8  10  11  13  14  -1.38518166959E-02
       209   1   2   5   6   7   8  11  12  13  14   3.44380365124E-07
       210   1   2   5   6   7   9  10  11  12  14   8.03980753964E-02
       211   1   2   5   6   7   9  10  12  13  14  -1.13629821988E-01
       212   1   2   5   6   7  10  11  12  13  14  -5.72314227429E-04
       213   1   2   5   6   8   9  10  11  12  13  -8.03980753964E-02
       214   1   2   5   6   8   9  10  11  13  14   1.13629821988E-01
       215   1   2   5   6   8   9  11  12  13  14   5.72314227429E-04
       216   1   2   5   6   9  10  11  12  13  14   2.25110328133E-05
       217   1   2   5   7   8   9  10  11  12  14  -2.48721714501E-01
       218   1   2   5   7   8   9  10  12  13  14   3.47727688909E-01
       219   1   2   5   7   8  10  11  12  13  14   7.36254896725E-03
       220   1   2   5   8   9  10  11  12  13  14  -1.10181741700E-02
       221   1   2   6   7   8   9  10  11  12  13   2.48721714501E-01
       222   1   2   6   7   8   9  10  11  13  14  -3.47727688909E-01
       223   1   2   6   7   8   9  11  12  13  14  -7.36254896725E-03
       224   1   2   6   7   9  10  11  12  13  14   1.10181741700E-02
       225   1   2   7   8   9  10  11  12  13  14   2.28643851352E-04
       226   1   3   4   5   6   7   8   9  10  12   7.06613607331E-01
       227   1   3   4   5   6   7   8   9  10  14   4.63251748789E-01
       228   1   3   4   5   6   7   8   9  12  14   1.70232594879E-02
       229   1   3   4   5   6   7   8  10  11  12   1.01931369215E-04
       230   1   3   4   5   6   7   8  10  11  14  -8.50127473558E-04
       231   1   3   4   5   6   7   8  10  12  13  -1.81844530651E-02
       232   1   3   4   5   6   7   8  10  13  14   1.32823493110E-02
       233   1   3   4   5   6   7   8  11  12  14  -7.48416912451E-04
       234   1   3   4   5   6   7   8  12  13  14  -5.21039544894E-04
       235   1   3   4   5   6   7   9  10  12  14   1.10790915434E-01
       236   1   3   4   5   6   7  10  11  12  14   9.99165661959E-04
       237   1   3   4   5   6   7  10  12  13  14   6.20764527910E-04
       238   1   3   4   5   6   8   9  10  11  12   3.20660578865E-01
       239   1   3   4   5   6   8   9  10  11  14   2.18261503874E-01
       240   1   3   4   5   6   8   9  10  12  13  -3.23106458972E-01
       241   1   3   4   5   6   8   9  10  13  14   2.07867703713E-01
       242   1   3   4   5   6   8   9  11  12  14   7.32313099206E-03
       243   1   3   4   5   6   8   9  12  13  14  -6.68145644346E-03
       244   1   3   4   5   6   8  10  11  12  13  -7.33126326854E-03
       245   1   3   4   5   6   8  10  11  13  14   4.87758602194E-03
       246   1   3   4   5   6   8  11  12  13  14  -6.14348553676E-04
       247   1   3   4   5   6   9  10  11  12  14   1.93303158142E-03
       248   1   3   4   5   6   9  10  12  13  14   3.98053871382E-03
       249   1   3   4   5   6  10  11  12  13  14   3.80355586157E-03
       250   1   3   4   5   7   8   9  10  12  14   2.33796229483E-01
       251   1   3   4   5   7   8  10  11  12  14   4.95587579274E-03
       252   1   3   4   5   7   8  10  12  13  14  -7.27148633406E-04
       253   1   3   4   5   8   9  10  11  12  14  -2.94000559742E-02
       254   1   3   4   5   8   9  10  12  13  14   1.59456529863E-02
       255   1   3   4   5   8  10  11  12  13  14  -7.35852570092E-03
       256   1   3   4   6   7   8   9  10  11  12  -1.53918520566E-01
       257   1   3   4   6   7   8   9  10  11  14  -1.08246832541E-01
       258   1   3   4   6   7   8   9  10  12  13  -1.26430298689E-01
       259   1   3   4   6   7   8   9  10  13  14   8.14987933369E-02
       260   1   3   4   6   7   8   9  11  12  14  -2.33591275106E-03
       261   1   3   4   6   7   8   9  12  13  14  -1.93721634909E-03
       262   1   3   4   6   7   8  10  11  12  13  -3.68854246066E-03
       263   1   3   4   6   7   8  10  11  13  14   2.65577774119E-03
       264   1   3   4   6   7   8  11  12  13  14  -1.51463106667E-06
       265   1   3   4   6   7   9  10  11  12  14   1.15535093884E-03
       266   1   3   4   6   7   9  10  12  13  14   4.53597591269E-04
       267   1   3   4   6   7  10  11  12  13  14   5.57401601423E-05
       268   1   3   4   6   8   9  10  11  12  13   1.74127444644E-02
       269   1   3   4   6   8   9  10  11  13  14  -1.18209670321E-02
       270   1   3   4   6   8   9  11  12  13  14   6.16210760029E-03
       271   1   3   4   6   9  10  11  12  13  14   2.82363110737E-02
       272   1   3   4   7   8   9  10  11  12  14  -7.78307666987E-04
       273   1   3   4   7   8   9  10  12  13  14   2.39480199982E-04
       274   1   3   4   7   8  10  11  12  13  14  -3.28653591766E-06
       275   1   3   4   8   9  10  11  12  13  14  -6.54976187061E-02
       276   1   3   5   6   7   8   9  10  12  14   4.98411746945E-01
       277   1   3   5   6   7   8  10  11  12  14  -5.16237243473E-04
       278   1   3   5   6   7   8  10  12  13  14  -1.07616197626E-02
       279   1   3   5   6   8   9  10  11  12  14   2.19494038725E-01
       280   1   3   5   6   8   9  10  12  13  14  -2.13668752157E-01
       281   1   3   5   6   8  10  11  12  13  14  -3.96329381193E-03
       282   1   3   6   7   8   9  10  11  12  14  -1.11384740981E-01
       283   1   3   6   7   8   9  10  12  13  14  -8.83669303281E-02
       284   1   3   6   7   8  10  11  12  13  14  -2.14669313951E-03
       285   1   3   6   8   9  10  11  12  13  14   1.06550238390E-02
       286   1   4   5   6   7   8   9  10  11  12   7.15932109112E-01
       287   1   4   5   6   7   8   9  10  11  14   4.90351524957E-01
       288   1   4   5   6   7   8   9  10  12  13  -1.00000000000E+00
       289   1   4   5   6   7   8   9  10  13  14   6.39856363618E-01
       290   1   4   5   6   7   8   9  11  12  14  -1.26807123501E-02
       291   1   4   5   6   7   8   9  12  13  14   1.99168540478E-02
       292   1   4   5   6   7   8  10  11  12  13   1.09712923765E-02
       293   1   4   5   6   7   8  10  11  13  14  -9.01636868974E-03
       294   1   4   5   6   7   8  11  12  13  14  -1.20131552286E-03
       295   1   4   5   6   7   9  10  11  12  14  -1.21059117451E-01
       296   1   4   5   6   7   9  10  12  13  14   1.51784514848E-01
       297   1   4   5   6   7  10  11  12  13  14   1.69157260610E-03
       298   1   4   5   6   8   9  10  11  12  13  -1.10109080961E-01
       299   1   4   5   6   8   9  10  11  13  14   6.85786486488E-02
       300   1   4   5   6   8   9  11  12  13  14  -2.02237386686E-04
       301   1   4   5   6   9  10  11  12  13  14  -1.64860592773E-04
       302   1   4   5   7   8   9  10  11  12  14  -2.35262462302E-01
       303   1   4   5   7   8   9  10  12  13  14   3.23849941427E-01
       304   1   4   5   7   8  10  11  12  13  14   8.42803024091E-03
       305   1   4   5   8   9  10  11  12  13  14  -8.06287215501E-03
       306   1   4   6   7   8   9  10  11  12  13   3.50275978289E-01
       307   1   4   6   7   8   9  10  11  13  14  -2.35304463923E-01
       308   1   4   6   7   8   9  11  12  13  14  -4.66348472119E-03
       309   1   4   6   7   9  10  11  12  13  14  -4.27937605127E-03
       310   1   4   7   8   9  10  11  12  13  14   2.29214350313E-04
       311   1   5   6   7   8   9  10  11  12  14  -4.80847306068E-01
       312   1   5   6   7   8   9  10  12  13  14   6.55931405232E-01
       313   1   5   6   7   8  10  11  12  13  14  -6.80253575194E-03
       314   1   5   6   8   9  10  11  12  13  14   7.83319556522E-02
       315   1   6   7   8   9  10  11  12  13  14  -2.38035179027E-01
       316   2   3   4   5   6   7   8   9  10  11  -7.06613607331E-01
       317   2   3   4   5   6   7   8   9  10  13  -4.63251748789E-01
       318   2   3   4   5   6   7   8   9  11  12  -1.01931369215E-04
       319   2   3   4   5   6   7   8   9  11  14  -1.81844530651E-02
       320   2   3   4   5   6   7   8   9  12  13  -8.50127473558E-04
       321   2   3   4   5   6   7   8   9  13  14  -1.32823493110E-02
       322   2   3   4   5   6   7   8  10  11  13   1.70232594879E-02
       323   2   3   4   5   6   7   8  11  12  13   7.48416912451E-04
       324   2   3   4   5   6   7   8  11  13  14   5.21039544894E-04
       325   2   3   4   5   6   7   9  10  11  12  -3.20660578865E-01
       326   2   3   4   5   6   7   9  10  11  14  -3.23106458972E-01
       327   2   3   4   5   6   7   9  10  12  13   2.18261503874E-01
       328   2   3   4   5   6   7   9  10  13  14  -2.07867703713E-01
       329   2   3   4   5   6   7   9  11  12  14  -7.33126326854E-03
       330   2   3   4   5   6   7   9  12  13  14   4.87758602194E-03
       331   2   3   4   5   6   7  10  11  12  13   7.32313099206E-03
       332   2   3   4   5   6   7  10  11  13  14  -6.68145644346E-03
       333   2   3   4   5   6   7  11  12  13  14   6.14348553676E-04
       334   2   3   4   5   6   8   9  10  11  13   1.10790915434E-01
       335   2   3   4   5   6   8   9  11  12  13   9.99165661959E-04
       336   2   3   4   5   6   8   9  11  13  14   6.20764527910E-04
       337   2   3   4   5   6   9  10  11  12  13  -1.93303158142E-03
       338   2   3   4   5   6   9  10  11  13  14  -3.98053871382E-03
       339   2   3   4   5   6   9  11  12  13  14  -3.80355586157E-03
       340   2   3   4   5   7   8   9  10  11  12   1.53918520566E-01
       341   2   3   4   5   7   8   9  10  11  14  -1.26430298689E-01
       342   2   3   4   5   7   8   9  10  12  13  -1.08246832541E-01
       343   2   3   4   5   7   8   9  10  13  14  -8.14987933369E-02
       344   2   3   4   5   7   8   9  11  12  14  -3.68854246066E-03
       345   2   3   4   5   7   8   9  12  13  14   2.65577774119E-03
       346   2   3   4   5   7   8  10  11  12  13  -2.33591275106E-03
       347   2   3   4   5   7   8  10  11  13  14  -1.93721634909E-03
       348   2   3   4   5   7   8  11  12  13  14   1.51463106667E-06
       349   2   3   4   5   7   9  10  11  12  14   1.74127444644E-02
       350   2   3   4   5   7   9  10  12  13  14  -1.18209670321E-02
       351   2   3   4   5   7  10  11  12  13  14   6.16210760029E-03
       352   2   3   4   5   8   9  10  11  12  13   1.15535093884E-03
       353   2   3   4   5   8   9  10  11  13  14   4.53597591269E-04
       354   2   3   4   5   8   9  11  12  13  14   5.57401601423E-05
       355   2   3   4   5   9  10  11  12  13  14  -2.82363110737E-02
       356   2   3   4   6   7   8   9  10  11  13   2.33796229483E-01
       357   2   3   4   6   7   8   9  11  12  13   4.95587579274E-03
       358   2   3   4   6   7   8   9  11  13  14  -7.27148633406E-04
       359   2   3   4   6   7   9  10  11  12  13  -2.94000559742E-02
       360   2   3   4   6   7   9  10  11  13  14   1.59456529863E-02
       361   2   3   4   6   7   9  11  12  13  14  -7.35852570092E-03
       362   2   3   4   7   8   9  10  11  12  13   7.78307666987E-04
       363   2   3   4   7   8   9  10  11  13  14  -2.39480199982E-04
       364   2   3   4   7   8   9  11  12  13  14   3.28653591766E-06
       365   2   3   4   7   9  10  11  12  13  14   6.54976187061E-02
       366   2   3   5   6   7   8   9  10  11  12  -7.15932109112E-01
       367   2   3   5   6   7   8   9  10  11  14  -1.00000000000E+00
       368   2   3   5   6   7   8   9  10  12  13   4.90351524957E-01
       369   2   3   5   6   7   8   9  10  13  14  -6.39856363618E-01
       370   2   3   5   6   7   8   9  11  12  14   1.09712923765E-02
       371   2   3   5   6   7   8   9  12  13  14  -9.01636868974E-03
       372   2   3   5   6   7   8  10  11  12  13  -1.26807123501E-02
       373   2   3   5   6   7   8  10  11  13  14   1.99168540478E-02
       374   2   3   5   6   7   8  11  12  13  14   1.20131552286E-03
       375   2   3   5   6   7   9  10  11  12  14  -1.10109080961E-01
       376   2   3   5   6   7   9  10  12  13  14   6.85786486488E-02
       377   2   3   5   6   7  10  11  12  13  14  -2.02237386686E-04
       378   2   3   5   6   8   9  10  11  12  13  -1.21059117451E-01
       379   2   3   5   6   8   9  10  11  13  14   1.51784514848E-01
       380   2   3   5   6   8   9  11  12  13  14   1.69157260610E-03
       381   2   3   5   6   9  10  11  12  13  14   1.64860592773E-04
       382   2   3   5   7   8   9  10  11  12  14   3.50275978289E-01
       383   2   3   5   7   8   9  10  12  13  14  -2.35304463923E-01
       384   2   3   5   7   8  10  11  12  13  14  -4.66348472119E-03
       385   2   3   5   8   9  10  11  12  13  14  -4.27937605127E-03
       386   2   3   6   7   8   9  10  11  12  13  -2.35262462302E-01
       387   2   3   6   7   8   9  10  11  13  14   3.23849941427E-01
       388   2   3   6   7   8   9  11  12  13  14   8.42803024091E-03
       389   2   3   6   7   9  10  11  12  13  14  -8.06287215501E-03
       390   2   3   7   8   9  10  11  12  13  14  -2.29214350313E-04
       391   2   4   5   6   7   8   9  10  11  13   4.98411746945E-01
       392   2   4   5   6   7   8   9  11  12  13  -5.16237243473E-04
       393   2   4   5   6   7   8   9  11  13  14  -1.07616197626E-02
       394   2   4   5   6   7   9  10  11  12  13   2.19494038725E-01
       395   2   4   5   6   7   9  10  11  13  14  -2.13668752157E-01
       396   2   4   5   6   7   9  11  12  13  14  -3.96329381193E-03
       397   2   4   5   7   8   9  10  11  12  13  -1.11384740981E-01
       398   2   4   5   7   8   9  10  11  13  14  -8.83669303281E-02
       399   2   4   5   7   8   9  11  12  13  14  -2.14669313951E-03
       400   2   4   5   7   9  10  11  12  13  14   1.06550238390E-02
       401   2   5   6   7   8   9  10  11  12  13   4.80847306068E-01
       402   2   5   6   7   8   9  10  11  13  14  -6.55931405232E-01
       403   2   5   6   7   8   9  11  12  13  14   6.80253575194E-03
       404   2   5   6   7   9  10  11  12  13  14  -7.83319556522E-02
       405   2   5   7   8   9  10  11  12  13  14   2.38035179027E-01
       406   3   4   5   6   7   8   9  10  11  12   9.91492928780E-01
       407   3   4   5   6   7   8   9  10  11  14   6.57290812047E-01
       408   3   4   5   6   7   8   9  10  12  13  -6.57290812047E-01
       409   3   4   5   6   7   8   9  10  13  14   3.93434372842E-01
       410   3   4   5   6   7   8   9  11  12  14  -1.98510173618E-02
       411   3   4   5   6   7   8   9  12  13  14   1.46570372806E-02
       412   3   4   5   6   7   8  10  11  12  13   1.98510173618E-02
       413   3   4   5   6   7   8  10  11  13  14  -1.46570372806E-02
       414   3   4   5   6   7   8  11  12  13  14   5.89026664603E-09
       415   3   4   5   6   7   9  10  11  12  14  -1.57838994528E-01
       416   3   4   5   6   7   9  10  12  13  14   1.00836227344E-01
       417   3   4   5   6   7  10  11  12  13  14   3.15258808313E-03
       418   3   4   5   6   8   9  10  11  12  13   1.57838994528E-01
       419   3   4   5   6   8   9  10  11  13  14  -1.00836227344E-01
       420   3   4   5   6   8   9  11  12  13  14  -3.15258808313E-03
       421   3   4   5   6   9  10  11  12  13  14   1.92136027649E-04
       422   3   4   5   7   8   9  10  11  12  14  -3.22633519332E-01
       423   3   4   5   7   8   9  10  12  13  14   2.13492818460E-01
       424   3   4   5   7   8  10  11  12  13  14   4.33709362539E-03
       425   3   4   5   8   9  10  11  12  13  14   6.35969304707E-03
       426   3   4   6   7   8   9  10  11  12  13   3.22633519332E-01
       427   3   4   6   7   8   9  10  11  13  14  -2.13492818460E-01
       428   3   4   6   7   8   9  11  12  13  14  -4.33709362539E-03
       429   3   4   6   7   9  10  11  12  13  14  -6.35969304707E-03
       430   3   4   7   8   9  10  11  12  13  14   3.14820960370E-05
       431   3   5   6   7   8   9  10  11  12  14  -6.71328082917E-01
       432   3   5   6   7   8   9  10  12  13  14   4.41215846059E-01
       433   3   5   6   7   8  10  11  12  13  14  -1.17616711564E-02
       434   3   5   6   8   9  10  11  12  13  14  -1.03580669861E-01
       435   3   6   7   8   9  10  11  12  13  14  -2.21255716203E-01
       436   4   5   6   7   8   9  10  11  12  13   6.71328082917E-01
       437   4   5   6   7   8   9  10  11  13  14  -4.41215846059E-01
       438   4   5   6   7   8   9  11  12  13  14   1.17616711564E-02
       439   4   5   6   7   9  10  11  12  13  14   1.03580669861E-01
       440   4   5   7   8   9  10  11  12  13  14   2.21255716203E-01
       441   5   6   7   8   9  10  11  12  13  14   4.12502509738E-01
