# of blocks mean (X_5)     std.err. (X_5)  std.err.err. (X_5)  mean (X_6)     std.err. (X_6)  std.err.err. (X_6)  cov(X_5,X_6)   mean (X_5/X_6)   std.err. (X_5/X_6) 
# from 50000 to 0
2049        -15409540.7565 4.62690222e+02  7.22953472e+00       28749.4434132  8.63239318e-01  1.34881143e-02       -8.18396e+05   -535.994402916582 3.808107953670e-07 
1024        -15409541.9579 6.48716059e+02  1.43417396e+01       28749.4456545  1.21030701e+00  2.67573275e-02       -8.03989e+05   -535.994402922967 5.304507677867e-07 
512         -15409541.9579 8.98075097e+02  2.80922941e+01       28749.4456545  1.67553532e+00  5.24116869e-02       -7.70435e+05   -535.994402922967 7.260287656230e-07 
256         -15409541.9579 1.21712737e+03  5.38953060e+01       28749.4456545  2.27078997e+00  1.00552270e-01       -7.07543e+05   -535.994402922967 9.616312461187e-07 
128         -15409541.9579 1.59747263e+03  1.00234348e+02       28749.4456545  2.98039807e+00  1.87006807e-01       -6.09421e+05   -535.994402922966 1.198242586219e-06 
64          -15409541.9579 2.05396324e+03  1.82981588e+02       28749.4456545  3.83206962e+00  3.41387896e-01       -5.03740e+05   -535.994402922967 1.445695302314e-06 
32          -15409541.9579 2.39130554e+03  3.03696108e+02       28749.4456545  4.46145440e+00  5.66605276e-01       -3.41398e+05   -535.994402922967 1.641105110802e-06 
16          -15409541.9579 2.61247463e+03  4.76970428e+02       28749.4456545  4.87408844e+00  8.89882729e-01       -2.03735e+05   -535.994402922966 1.653106710318e-06 
8           -15409541.9579 1.84093154e+03  4.92009649e+02       28749.4456545  3.43460222e+00  9.17936055e-01       -5.05829e+04   -535.994402922966 1.209870644544e-06 
4           -15409541.9579 1.10167418e+03  4.49756602e+02       28749.4456545  2.05541067e+00  8.39117892e-01       -9.05757e+03   -535.994402922966 1.531866080764e-06 
2           -15409541.9579 1.83120989e+03  1.29486093e+03       28749.4456545  3.41655423e+00  2.41586866e+00       -1.25129e+04   -535.994402922966 1.532155839045e-06 
