 # List of sign-inconsistent amplitudes in the trial wave function.
 # (Det. Index, FCI Amp., Trial Wfn. Amp., Occupation Numbers ...)

    153 -2.88223111099E-02  2.41489472199E-04    1  2  3  4  7  9 10 12 13 14
    154  2.88223111099E-02 -2.41489472199E-04    1  2  3  4  8  9 10 11 13 14
    155 -2.82839266545E-02  8.28985449422E-03    1  2  3  4  9 10 11 12 13 14
    162 -2.43504745001E-02  2.40000316426E-03    2  3  4  6  7  9 10 11 13 14
    163 -2.43504745001E-02  2.40000316426E-03    1  3  4  5  8  9 10 12 13 14
    164  2.36234044078E-02 -1.03877204445E-02    2  3  4  6  7  9 10 11 12 13
    165  2.36234044078E-02 -1.03877204445E-02    1  3  4  5  8  9 10 11 12 14
    166 -2.24327609669E-02  1.92965727226E-03    1  2  3  5  8  9 10 11 12 14
    167 -2.24327609669E-02  1.92965727226E-03    1  2  4  6  7  9 10 11 12 13
    176 -1.77988085717E-02  9.64756685247E-03    1  2  3  4  5  8  9 10 13 14
    177  1.77988085717E-02 -9.64756685247E-03    1  2  3  4  6  7  9 10 13 14
    181  1.72783354005E-02 -1.30516569817E-03    1  2  4  7  8  9 10 11 13 14
    182 -1.72783354005E-02  1.30516569817E-03    1  2  3  7  8  9 10 12 13 14
    185  1.69306684865E-02 -2.32325056554E-03    1  3  4  6  7  9 10 12 13 14
    186  1.69306684865E-02 -2.32325056554E-03    2  3  4  5  8  9 10 11 13 14
    191  1.67162143371E-02 -2.05427508506E-03    1  2  4  5  8  9 10 11 12 13
    192  1.67162143371E-02 -2.05427508506E-03    1  2  3  6  7  9 10 11 12 14
    198  1.59536488796E-02 -1.15468551614E-02    1  2  5  8  9 10 11 12 13 14
    199 -1.59536488796E-02  1.15468551614E-02    1  2  6  7  9 10 11 12 13 14
    221 -1.18927140886E-02  4.44258255069E-05    2  3  6  7  8  9 11 12 13 14
    222 -1.18927140886E-02  4.44258255069E-05    1  4  5  7  8 10 11 12 13 14
    226  1.11202329812E-02 -4.95301912670E-04    1  3  4  7  8  9 10 11 12 14
    227 -1.11202329812E-02  4.95301912670E-04    2  3  4  7  8  9 10 11 12 13
    228 -1.10867600004E-02  1.04607550078E-02    1  2  4  5  7  9 10 12 13 14
    229 -1.10867600004E-02  1.04607550078E-02    1  2  3  6  8  9 10 11 13 14
    234 -9.73234128104E-03  7.26203023829E-03    2  3  4  5  8  9 10 11 12 13
    235 -9.73234128104E-03  7.26203023829E-03    1  3  4  6  7  9 10 11 12 14
    236  9.63585428844E-03 -1.44999358019E-04    1  2  3  5  6  8  9 11 12 14
    237  9.63585428844E-03 -1.44999358019E-04    1  2  4  5  6  7 10 11 12 13
    238  9.51930700511E-03 -3.53476864351E-05    1  4  6  7  8  9 11 12 13 14
    239  9.51930700511E-03 -3.53476864351E-05    2  3  5  7  8 10 11 12 13 14
    246 -8.75840787725E-03  2.30661816971E-05    3  4  5  7  8 10 11 12 13 14
    247  8.75840787725E-03 -2.30661816971E-05    3  4  6  7  8  9 11 12 13 14
    254 -8.28235345748E-03  1.31564813038E-02    1  2  3  4  6  7  9 10 12 13
    255 -8.28235345748E-03  1.31564813038E-02    1  2  3  4  5  8  9 10 11 14
    256 -8.14505858408E-03  3.82150079698E-03    2  4  5  7  9 10 11 12 13 14
    257 -8.14505858408E-03  3.82150079698E-03    1  3  6  8  9 10 11 12 13 14
    264 -7.34387685041E-03  5.01046099763E-06    1  3  4  5  7  8 10 11 12 14
    265 -7.34387685041E-03  5.01046099763E-06    2  3  4  6  7  8  9 11 12 13
    270 -7.04429319203E-03  5.65749151687E-04    2  3  4  5  6  7 10 11 12 13
    271 -7.04429319203E-03  5.65749151687E-04    1  3  4  5  6  8  9 11 12 14
    272  6.89892143965E-03 -1.44875082359E-02    2  3  6  7  9 10 11 12 13 14
    273  6.89892143965E-03 -1.44875082359E-02    1  4  5  8  9 10 11 12 13 14
    284  6.53427459715E-03 -2.43768630204E-04    2  3  4  5  6  7 10 11 13 14
    285  6.53427459715E-03 -2.43768630204E-04    1  3  4  5  6  8  9 12 13 14
    290  5.71654298005E-03 -2.54381119265E-03    1  2  4  5  7  9 10 11 12 14
    291  5.71654298005E-03 -2.54381119265E-03    1  2  3  6  8  9 10 11 12 13
    306 -4.53112316862E-03  1.30748892814E-04    1  2  3  6  7  8  9 12 13 14
    307 -4.53112316862E-03  1.30748892814E-04    1  2  4  5  7  8 10 11 13 14
    308 -4.47183719295E-03  1.07463872515E-04    1  2  3  4  6  9 11 12 13 14
    309  4.47183719295E-03 -1.07463872515E-04    1  2  3  4  5 10 11 12 13 14
    310 -4.44878353873E-03  2.68094218012E-04    1  2  5  6  8  9 11 12 13 14
    311  4.44878353873E-03 -2.68094218012E-04    1  2  5  6  7 10 11 12 13 14
    320  3.62373886092E-03 -3.03162512107E-05    1  3  4  6  7  8  9 11 12 14
    321  3.62373886092E-03 -3.03162512107E-05    2  3  4  5  7  8 10 11 12 13
    322 -3.56998065732E-03  6.97150860086E-06    1  2  3  5  6  7 10 11 12 14
    323 -3.56998065732E-03  6.97150860086E-06    1  2  4  5  6  8  9 11 12 13
    336 -3.22844859664E-03  1.39962041967E-04    1  2  3  4  5  7 10 12 13 14
    337 -3.22844859664E-03  1.39962041967E-04    1  2  3  4  6  8  9 11 13 14
    343 -2.67053963240E-03  5.54322341166E-04    2  3  5  6  7 10 11 12 13 14
    344 -2.67053963240E-03  5.54322341166E-04    1  4  5  6  8  9 11 12 13 14
    358  2.10039075360E-03 -1.87986055958E-05    1  2  3  4  5  7  8 10 11 14
    359  2.10039075360E-03 -1.87986055958E-05    1  2  3  4  6  7  8  9 12 13
    369 -1.45094545345E-03  5.90327625524E-04    2  3  4  5  6  7  8  9 12 13
    370 -1.45094545345E-03  5.90327625524E-04    1  3  4  5  6  7  8 10 11 14
    373 -1.40380455059E-03  4.35709310728E-04    1  3  5  6  7  8 10 11 12 14
    374 -1.40380455059E-03  4.35709310728E-04    2  4  5  6  7  8  9 11 12 13
    376  1.27712519251E-03 -3.60550335147E-04    1  2  4  6  7  8  9 11 13 14
    377  1.27712519251E-03 -3.60550335147E-04    1  2  3  5  7  8 10 12 13 14
    382 -1.20736082601E-03  2.46753383324E-04    2  3  4  5  6  8  9 11 13 14
    383 -1.20736082601E-03  2.46753383324E-04    1  3  4  5  6  7 10 12 13 14
    388 -9.10799089354E-04  1.59815568215E-04    2  3  4  7  8  9 11 12 13 14
    389  9.10799089354E-04 -1.59815568215E-04    1  3  4  7  8 10 11 12 13 14
    401  6.41966126593E-04 -1.42748110598E-03    1  2  3  4  5  6  8  9 13 14
    402 -6.41966126593E-04  1.42748110598E-03    1  2  3  4  5  6  7 10 13 14
    407  5.26925905983E-04 -9.32980719148E-03    1  2  3  4  5  8  9 10 12 13
    408  5.26925905983E-04 -9.32980719148E-03    1  2  3  4  6  7  9 10 11 14
    417  2.95767595391E-04 -1.69984259338E-03    1  2  3  4  5  6  8  9 11 14
    418  2.95767595391E-04 -1.69984259338E-03    1  2  3  4  5  6  7 10 12 13
    425  2.03780251465E-04 -2.13020712740E-09    1  2  3  4  5  7  8 12 13 14
    426 -2.03780251465E-04  2.13020712740E-09    1  2  3  4  6  7  8 11 13 14
    427 -1.70310795247E-04  3.43123346926E-05    1  2  3  4  7  8  9 12 13 14
    428  1.70310795247E-04 -3.43123346926E-05    1  2  3  4  7  8 10 11 13 14
