# FIXED-NODE: TRIAL WAVE FUNCTION DUMP FILE [ nI | twfn amp. ]
 # Size of Hilbert Space:          441
 # Type of Trial Wave Function |  Slater =           3  |  Jastrow = T  |  Backflow = F
 
         1   1   2   3   4   5   6   7   8   9  10   4.60229497959E-01
         2   1   2   3   4   5   6   7   8   9  12   2.78907871441E-03
         3   1   2   3   4   5   6   7   8   9  14  -1.34124953850E-02
         4   1   2   3   4   5   6   7   8  10  11  -2.78907871441E-03
         5   1   2   3   4   5   6   7   8  10  13   1.34124953850E-02
         6   1   2   3   4   5   6   7   8  11  12   6.20665045049E-30
         7   1   2   3   4   5   6   7   8  11  14  -1.24099815663E-23
         8   1   2   3   4   5   6   7   8  12  13   1.24099815663E-23
         9   1   2   3   4   5   6   7   8  13  14   1.05559331070E-12
        10   1   2   3   4   5   6   7   9  10  12  -2.26030070143E-01
        11   1   2   3   4   5   6   7   9  10  14  -2.26849672342E-01
        12   1   2   3   4   5   6   7   9  12  14   7.83060331537E-03
        13   1   2   3   4   5   6   7  10  11  12   3.23717261195E-16
        14   1   2   3   4   5   6   7  10  11  14   1.25375688675E-16
        15   1   2   3   4   5   6   7  10  12  13   1.58694411496E-15
        16   1   2   3   4   5   6   7  10  13  14  -1.74766114700E-15
        17   1   2   3   4   5   6   7  11  12  14   6.82062597230E-24
        18   1   2   3   4   5   6   7  12  13  14  -9.34647024790E-08
        19   1   2   3   4   5   6   8   9  10  11   2.26030070143E-01
        20   1   2   3   4   5   6   8   9  10  13   2.26849672342E-01
        21   1   2   3   4   5   6   8   9  11  12  -3.23717261195E-16
        22   1   2   3   4   5   6   8   9  11  14   1.58694411496E-15
        23   1   2   3   4   5   6   8   9  12  13   1.25375688675E-16
        24   1   2   3   4   5   6   8   9  13  14   1.74766114700E-15
        25   1   2   3   4   5   6   8  10  11  13   7.83060331537E-03
        26   1   2   3   4   5   6   8  11  12  13  -6.82062597230E-24
        27   1   2   3   4   5   6   8  11  13  14   9.34647024790E-08
        28   1   2   3   4   5   6   9  10  11  12   2.14120689413E-14
        29   1   2   3   4   5   6   9  10  11  14   1.08860234809E-22
        30   1   2   3   4   5   6   9  10  12  13  -1.08860234809E-22
        31   1   2   3   4   5   6   9  10  13  14   1.22264116820E-15
        32   1   2   3   4   5   6   9  11  12  14  -4.33978484479E-08
        33   1   2   3   4   5   6   9  12  13  14   5.19524540732E-09
        34   1   2   3   4   5   6  10  11  12  13   4.33978484479E-08
        35   1   2   3   4   5   6  10  11  13  14  -5.19524540732E-09
        36   1   2   3   4   5   6  11  12  13  14  -6.31567498950E-07
        37   1   2   3   4   5   7   8   9  10  12   1.03575100915E-01
        38   1   2   3   4   5   7   8   9  10  14  -8.04325818742E-02
        39   1   2   3   4   5   7   8   9  12  14  -5.52338245996E-08
        40   1   2   3   4   5   7   8  10  11  12  -4.38251504553E-10
        41   1   2   3   4   5   7   8  10  11  14   1.32509737541E-10
        42   1   2   3   4   5   7   8  10  12  13  -2.13048773238E-09
        43   1   2   3   4   5   7   8  10  13  14  -1.82404242827E-09
        44   1   2   3   4   5   7   8  11  12  14  -3.74479689238E-21
        45   1   2   3   4   5   7   8  12  13  14  -1.12904822901E-04
        46   1   2   3   4   5   7   9  10  12  14  -1.90878021885E-02
        47   1   2   3   4   5   7  10  11  12  14   7.12994856059E-24
        48   1   2   3   4   5   7  10  12  13  14   8.72516044675E-23
        49   1   2   3   4   5   8   9  10  11  12   1.15757879546E-04
        50   1   2   3   4   5   8   9  10  11  14  -9.05551158375E-05
        51   1   2   3   4   5   8   9  10  12  13  -1.15013965853E-04
        52   1   2   3   4   5   8   9  10  13  14  -8.64865007220E-05
        53   1   2   3   4   5   8   9  11  12  14   1.49298916507E-23
        54   1   2   3   4   5   8   9  12  13  14  -1.66151992477E-23
        55   1   2   3   4   5   8  10  11  12  13  -5.15780432084E-13
        56   1   2   3   4   5   8  10  11  13  14   2.22164640943E-13
        57   1   2   3   4   5   8  11  12  13  14  -8.81666172198E-07
        58   1   2   3   4   5   9  10  11  12  14   3.63370654979E-18
        59   1   2   3   4   5   9  10  12  13  14  -2.04987979555E-19
        60   1   2   3   4   5  10  11  12  13  14   9.23941322319E-08
        61   1   2   3   4   6   7   8   9  10  11  -1.03575100915E-01
        62   1   2   3   4   6   7   8   9  10  13   8.04325818742E-02
        63   1   2   3   4   6   7   8   9  11  12   4.38251504553E-10
        64   1   2   3   4   6   7   8   9  11  14  -2.13048773238E-09
        65   1   2   3   4   6   7   8   9  12  13   1.32509737541E-10
        66   1   2   3   4   6   7   8   9  13  14   1.82404242827E-09
        67   1   2   3   4   6   7   8  10  11  13  -5.52338245996E-08
        68   1   2   3   4   6   7   8  11  12  13   3.74479689238E-21
        69   1   2   3   4   6   7   8  11  13  14   1.12904822901E-04
        70   1   2   3   4   6   7   9  10  11  12  -1.15757879546E-04
        71   1   2   3   4   6   7   9  10  11  14  -1.15013965853E-04
        72   1   2   3   4   6   7   9  10  12  13  -9.05551158375E-05
        73   1   2   3   4   6   7   9  10  13  14   8.64865007220E-05
        74   1   2   3   4   6   7   9  11  12  14  -5.15780432084E-13
        75   1   2   3   4   6   7   9  12  13  14   2.22164640943E-13
        76   1   2   3   4   6   7  10  11  12  13   1.49298916507E-23
        77   1   2   3   4   6   7  10  11  13  14  -1.66151992477E-23
        78   1   2   3   4   6   7  11  12  13  14   8.81666172198E-07
        79   1   2   3   4   6   8   9  10  11  13  -1.90878021885E-02
        80   1   2   3   4   6   8   9  11  12  13   7.12994856059E-24
        81   1   2   3   4   6   8   9  11  13  14   8.72516044675E-23
        82   1   2   3   4   6   9  10  11  12  13  -3.63370654979E-18
        83   1   2   3   4   6   9  10  11  13  14   2.04987979555E-19
        84   1   2   3   4   6   9  11  12  13  14  -9.23941322319E-08
        85   1   2   3   4   7   8   9  10  11  12   2.34091081576E-03
        86   1   2   3   4   7   8   9  10  11  14  -6.79755706366E-05
        87   1   2   3   4   7   8   9  10  12  13   6.79755706366E-05
        88   1   2   3   4   7   8   9  10  13  14   1.02348626585E-05
        89   1   2   3   4   7   8   9  11  12  14   6.22954425933E-04
        90   1   2   3   4   7   8   9  12  13  14   4.10036303632E-06
        91   1   2   3   4   7   8  10  11  12  13  -6.22954425933E-04
        92   1   2   3   4   7   8  10  11  13  14  -4.10036303632E-06
        93   1   2   3   4   7   8  11  12  13  14   1.37007368211E-11
        94   1   2   3   4   7   9  10  11  12  14   8.98879731788E-07
        95   1   2   3   4   7   9  10  12  13  14   4.85974596338E-09
        96   1   2   3   4   7  10  11  12  13  14  -5.13151098835E-21
        97   1   2   3   4   8   9  10  11  12  13  -8.98879731788E-07
        98   1   2   3   4   8   9  10  11  13  14  -4.85974596338E-09
        99   1   2   3   4   8   9  11  12  13  14   5.13151098835E-21
       100   1   2   3   4   9  10  11  12  13  14  -1.65781176027E-15
       101   1   2   3   5   6   7   8   9  10  12  -5.10622389032E-01
       102   1   2   3   5   6   7   8   9  10  14  -6.98702278054E-01
       103   1   2   3   5   6   7   8   9  12  14  -1.05222296154E-02
       104   1   2   3   5   6   7   8  10  11  12   2.12101969623E-03
       105   1   2   3   5   6   7   8  10  11  14   1.15531493270E-03
       106   1   2   3   5   6   7   8  10  12  13   1.08820031176E-02
       107   1   2   3   5   6   7   8  10  13  14  -1.65368112171E-02
       108   1   2   3   5   6   7   8  11  12  14  -5.27841035273E-35
       109   1   2   3   5   6   7   8  12  13  14  -1.70042116534E-18
       110   1   2   3   5   6   7   9  10  12  14   8.29984712810E-02
       111   1   2   3   5   6   7  10  11  12  14  -3.24953809167E-17
       112   1   2   3   5   6   7  10  12  13  14  -4.85667903694E-16
       113   1   2   3   5   6   8   9  10  11  12  -2.35108398541E-01
       114   1   2   3   5   6   8   9  10  11  14  -3.31472172127E-01
       115   1   2   3   5   6   8   9  10  12  13   2.46117801882E-01
       116   1   2   3   5   6   8   9  10  13  14  -3.28457365606E-01
       117   1   2   3   5   6   8   9  11  12  14   1.18054745926E-15
       118   1   2   3   5   6   8   9  12  13  14  -1.39358115650E-15
       119   1   2   3   5   6   8  10  11  12  13   6.09378405498E-03
       120   1   2   3   5   6   8  10  11  13  14  -9.66518204765E-03
       121   1   2   3   5   6   8  11  12  13  14   2.83597133043E-19
       122   1   2   3   5   6   9  10  11  12  14  -1.49538114543E-17
       123   1   2   3   5   6   9  10  12  13  14   9.01043321113E-19
       124   1   2   3   5   6  10  11  12  13  14   3.42423018271E-04
       125   1   2   3   5   7   8   9  10  12  14  -2.39894415404E-01
       126   1   2   3   5   7   8  10  11  12  14   2.77336230619E-10
       127   1   2   3   5   7   8  10  12  13  14   4.12868310131E-09
       128   1   2   3   5   8   9  10  11  12  14  -2.59183826038E-04
       129   1   2   3   5   8   9  10  12  13  14   2.61789444524E-04
       130   1   2   3   5   8  10  11  12  13  14  -1.04030807305E-12
       131   1   2   3   6   7   8   9  10  11  12   1.11320557824E-01
       132   1   2   3   6   7   8   9  10  11  14   1.55560930909E-01
       133   1   2   3   6   7   8   9  10  12  13   9.09997105593E-02
       134   1   2   3   6   7   8   9  10  13  14  -1.19926560860E-01
       135   1   2   3   6   7   8   9  11  12  14  -1.63722924962E-09
       136   1   2   3   6   7   8   9  12  13  14  -1.51673995104E-09
       137   1   2   3   6   7   8  10  11  12  13  -4.38613035854E-08
       138   1   2   3   6   7   8  10  11  13  14   6.94999996093E-08
       139   1   2   3   6   7   8  11  12  13  14  -5.10204246287E-16
       140   1   2   3   6   7   9  10  11  12  14   4.21362447633E-05
       141   1   2   3   6   7   9  10  12  13  14   3.35129786850E-05
       142   1   2   3   6   7  10  11  12  13  14  -4.56189476550E-24
       143   1   2   3   6   8   9  10  11  12  13  -2.07690218770E-02
       144   1   2   3   6   8   9  10  11  13  14   2.82461450876E-02
       145   1   2   3   6   8   9  11  12  13  14  -7.41271439810E-23
       146   1   2   3   6   9  10  11  12  13  14   3.05885038828E-14
       147   1   2   3   7   8   9  10  11  12  14  -4.94645462942E-04
       148   1   2   3   7   8   9  10  12  13  14  -2.96059063329E-06
       149   1   2   3   7   8  10  11  12  13  14   2.23079047948E-05
       150   1   2   3   8   9  10  11  12  13  14   3.55201109779E-08
       151   1   2   4   5   6   7   8   9  10  11   5.10622389032E-01
       152   1   2   4   5   6   7   8   9  10  13   6.98702278054E-01
       153   1   2   4   5   6   7   8   9  11  12  -2.12101969623E-03
       154   1   2   4   5   6   7   8   9  11  14   1.08820031176E-02
       155   1   2   4   5   6   7   8   9  12  13   1.15531493270E-03
       156   1   2   4   5   6   7   8   9  13  14   1.65368112171E-02
       157   1   2   4   5   6   7   8  10  11  13  -1.05222296154E-02
       158   1   2   4   5   6   7   8  11  12  13   5.27841035273E-35
       159   1   2   4   5   6   7   8  11  13  14   1.70042116534E-18
       160   1   2   4   5   6   7   9  10  11  12   2.35108398541E-01
       161   1   2   4   5   6   7   9  10  11  14   2.46117801882E-01
       162   1   2   4   5   6   7   9  10  12  13  -3.31472172127E-01
       163   1   2   4   5   6   7   9  10  13  14   3.28457365606E-01
       164   1   2   4   5   6   7   9  11  12  14   6.09378405498E-03
       165   1   2   4   5   6   7   9  12  13  14  -9.66518204765E-03
       166   1   2   4   5   6   7  10  11  12  13   1.18054745926E-15
       167   1   2   4   5   6   7  10  11  13  14  -1.39358115650E-15
       168   1   2   4   5   6   7  11  12  13  14  -2.83597133043E-19
       169   1   2   4   5   6   8   9  10  11  13   8.29984712810E-02
       170   1   2   4   5   6   8   9  11  12  13  -3.24953809167E-17
       171   1   2   4   5   6   8   9  11  13  14  -4.85667903694E-16
       172   1   2   4   5   6   9  10  11  12  13   1.49538114543E-17
       173   1   2   4   5   6   9  10  11  13  14  -9.01043321113E-19
       174   1   2   4   5   6   9  11  12  13  14  -3.42423018271E-04
       175   1   2   4   5   7   8   9  10  11  12  -1.11320557824E-01
       176   1   2   4   5   7   8   9  10  11  14   9.09997105593E-02
       177   1   2   4   5   7   8   9  10  12  13   1.55560930909E-01
       178   1   2   4   5   7   8   9  10  13  14   1.19926560860E-01
       179   1   2   4   5   7   8   9  11  12  14  -4.38613035854E-08
       180   1   2   4   5   7   8   9  12  13  14   6.94999996093E-08
       181   1   2   4   5   7   8  10  11  12  13  -1.63722924962E-09
       182   1   2   4   5   7   8  10  11  13  14  -1.51673995104E-09
       183   1   2   4   5   7   8  11  12  13  14   5.10204246287E-16
       184   1   2   4   5   7   9  10  11  12  14  -2.07690218770E-02
       185   1   2   4   5   7   9  10  12  13  14   2.82461450876E-02
       186   1   2   4   5   7  10  11  12  13  14  -7.41271439810E-23
       187   1   2   4   5   8   9  10  11  12  13   4.21362447633E-05
       188   1   2   4   5   8   9  10  11  13  14   3.35129786850E-05
       189   1   2   4   5   8   9  11  12  13  14  -4.56189476550E-24
       190   1   2   4   5   9  10  11  12  13  14  -3.05885038828E-14
       191   1   2   4   6   7   8   9  10  11  13  -2.39894415404E-01
       192   1   2   4   6   7   8   9  11  12  13   2.77336230619E-10
       193   1   2   4   6   7   8   9  11  13  14   4.12868310131E-09
       194   1   2   4   6   7   9  10  11  12  13  -2.59183826038E-04
       195   1   2   4   6   7   9  10  11  13  14   2.61789444524E-04
       196   1   2   4   6   7   9  11  12  13  14  -1.04030807305E-12
       197   1   2   4   7   8   9  10  11  12  13   4.94645462942E-04
       198   1   2   4   7   8   9  10  11  13  14   2.96059063329E-06
       199   1   2   4   7   8   9  11  12  13  14  -2.23079047948E-05
       200   1   2   4   7   9  10  11  12  13  14  -3.55201109779E-08
       201   1   2   5   6   7   8   9  10  11  12   4.72846381226E-01
       202   1   2   5   6   7   8   9  10  11  14   7.06139501567E-01
       203   1   2   5   6   7   8   9  10  12  13  -7.06139501567E-01
       204   1   2   5   6   7   8   9  10  13  14   9.53775532404E-01
       205   1   2   5   6   7   8   9  11  12  14  -7.72037392781E-03
       206   1   2   5   6   7   8   9  12  13  14   1.25701176440E-02
       207   1   2   5   6   7   8  10  11  12  13   7.72037392781E-03
       208   1   2   5   6   7   8  10  11  13  14  -1.25701176440E-02
       209   1   2   5   6   7   8  11  12  13  14   2.55996407325E-24
       210   1   2   5   6   7   9  10  11  12  14   8.23143805421E-02
       211   1   2   5   6   7   9  10  12  13  14  -1.15071508137E-01
       212   1   2   5   6   7  10  11  12  13  14   3.57493379616E-16
       213   1   2   5   6   8   9  10  11  12  13  -8.23143805421E-02
       214   1   2   5   6   8   9  10  11  13  14   1.15071508137E-01
       215   1   2   5   6   8   9  11  12  13  14  -3.57493379616E-16
       216   1   2   5   6   9  10  11  12  13  14   6.02778761897E-11
       217   1   2   5   7   8   9  10  11  12  14  -2.40999913677E-01
       218   1   2   5   7   8   9  10  12  13  14   3.35760388151E-01
       219   1   2   5   7   8  10  11  12  13  14  -3.07929170282E-09
       220   1   2   5   8   9  10  11  12  13  14   9.19627796996E-05
       221   1   2   6   7   8   9  10  11  12  13   2.40999913677E-01
       222   1   2   6   7   8   9  10  11  13  14  -3.35760388151E-01
       223   1   2   6   7   8   9  11  12  13  14   3.07929170282E-09
       224   1   2   6   7   9  10  11  12  13  14  -9.19627796996E-05
       225   1   2   7   8   9  10  11  12  13  14   2.20548477858E-04
       226   1   3   4   5   6   7   8   9  10  12   7.05125858378E-01
       227   1   3   4   5   6   7   8   9  10  14   4.64284403939E-01
       228   1   3   4   5   6   7   8   9  12  14   1.65649332946E-02
       229   1   3   4   5   6   7   8  10  11  12  -3.53776976079E-03
       230   1   3   4   5   6   7   8  10  11  14  -9.01857076633E-04
       231   1   3   4   5   6   7   8  10  12  13  -1.72042184895E-02
       232   1   3   4   5   6   7   8  10  13  14   1.22181752537E-02
       233   1   3   4   5   6   7   8  11  12  14   6.19319238943E-24
       234   1   3   4   5   6   7   8  12  13  14   1.83686462349E-07
       235   1   3   4   5   6   7   9  10  12  14   1.08246586331E-01
       236   1   3   4   5   6   7  10  11  12  14  -5.11872545340E-17
       237   1   3   4   5   6   7  10  12  13  14  -7.04165244805E-16
       238   1   3   4   5   6   8   9  10  11  12   3.38090512177E-01
       239   1   3   4   5   6   8   9  10  11  14   2.23083786908E-01
       240   1   3   4   5   6   8   9  10  12  13  -3.35475810020E-01
       241   1   3   4   5   6   8   9  10  13  14   2.09230364935E-01
       242   1   3   4   5   6   8   9  11  12  14  -1.93577604524E-15
       243   1   3   4   5   6   8   9  12  13  14   2.10356942016E-15
       244   1   3   4   5   6   8  10  11  12  13  -9.89694455416E-03
       245   1   3   4   5   6   8  10  11  13  14   7.17167832129E-03
       246   1   3   4   5   6   8  11  12  13  14  -4.33323857995E-08
       247   1   3   4   5   6   9  10  11  12  14  -2.34100035332E-11
       248   1   3   4   5   6   9  10  12  13  14   1.29850155760E-12
       249   1   3   4   5   6  10  11  12  13  14   6.96942682638E-06
       250   1   3   4   5   7   8   9  10  12  14   2.22698630616E-01
       251   1   3   4   5   7   8  10  11  12  14  -3.11054672907E-10
       252   1   3   4   5   7   8  10  12  13  14  -4.26480335925E-09
       253   1   3   4   5   8   9  10  11  12  14   2.50716842636E-04
       254   1   3   4   5   8   9  10  12  13  14  -2.33124575737E-04
       255   1   3   4   5   8  10  11  12  13  14  -1.77152068570E-13
       256   1   3   4   6   7   8   9  10  11  12  -1.58847318560E-01
       257   1   3   4   6   7   8   9  10  11  14  -1.03886662122E-01
       258   1   3   4   6   7   8   9  10  12  13  -1.23081949952E-01
       259   1   3   4   6   7   8   9  10  13  14   7.58048926505E-02
       260   1   3   4   6   7   8   9  11  12  14   2.66379426684E-09
       261   1   3   4   6   7   8   9  12  13  14   2.27180745860E-09
       262   1   3   4   6   7   8  10  11  12  13   7.16489216806E-08
       263   1   3   4   6   7   8  10  11  13  14  -5.16041364703E-08
       264   1   3   4   6   7   8  11  12  13  14   5.69825721828E-05
       265   1   3   4   6   7   9  10  11  12  14   5.67800464316E-05
       266   1   3   4   6   7   9  10  12  13  14   4.15704815610E-05
       267   1   3   4   6   7  10  11  12  13  14  -6.83155982434E-24
       268   1   3   4   6   8   9  10  11  12  13   2.91942059775E-02
       269   1   3   4   6   8   9  10  11  13  14  -1.80604353486E-02
       270   1   3   4   6   8   9  11  12  13  14   1.16880778847E-22
       271   1   3   4   6   9  10  11  12  13  14   4.50831719284E-08
       272   1   3   4   7   8   9  10  11  12  14   4.84120599538E-06
       273   1   3   4   7   8   9  10  12  13  14   2.66781192169E-08
       274   1   3   4   7   8  10  11  12  13  14  -2.43275864780E-07
       275   1   3   4   8   9  10  11  12  13  14  -3.46849717047E-10
       276   1   3   5   6   7   8   9  10  12  14   5.07526760363E-01
       277   1   3   5   6   7   8  10  11  12  14  -6.96020931798E-04
       278   1   3   5   6   7   8  10  12  13  14  -1.01395630686E-02
       279   1   3   5   6   8   9  10  11  12  14   2.35484666953E-01
       280   1   3   5   6   8   9  10  12  13  14  -2.32190958445E-01
       281   1   3   5   6   8  10  11  12  13  14  -5.67290717925E-03
       282   1   3   6   7   8   9  10  11  12  14  -1.13311883996E-01
       283   1   3   6   7   8   9  10  12  13  14  -8.77245222901E-02
       284   1   3   6   7   8  10  11  12  13  14   4.21235881375E-08
       285   1   3   6   8   9  10  11  12  13  14   2.01677971339E-02
       286   1   4   5   6   7   8   9  10  11  12   7.16608894464E-01
       287   1   4   5   6   7   8   9  10  11  14   4.93737296206E-01
       288   1   4   5   6   7   8   9  10  12  13  -1.00000000000E+00
       289   1   4   5   6   7   8   9  10  13  14   6.38918316429E-01
       290   1   4   5   6   7   8   9  11  12  14  -1.24371676052E-02
       291   1   4   5   6   7   8   9  12  13  14   1.92361456138E-02
       292   1   4   5   6   7   8  10  11  12  13   1.24903118745E-02
       293   1   4   5   6   7   8  10  11  13  14  -9.53828838526E-03
       294   1   4   5   6   7   8  11  12  13  14   7.81675432669E-19
       295   1   4   5   6   7   9  10  11  12  14  -1.11162572296E-01
       296   1   4   5   6   7   9  10  12  13  14   1.47620236320E-01
       297   1   4   5   6   7  10  11  12  13  14  -5.23876632620E-16
       298   1   4   5   6   8   9  10  11  12  13  -1.16180742643E-01
       299   1   4   5   6   8   9  10  11  13  14   7.61768646460E-02
       300   1   4   5   6   8   9  11  12  13  14  -5.45354118498E-16
       301   1   4   5   6   9  10  11  12  13  14  -1.78391443791E-07
       302   1   4   5   7   8   9  10  11  12  14  -2.36310420016E-01
       303   1   4   5   7   8   9  10  12  13  14   3.12745774972E-01
       304   1   4   5   7   8  10  11  12  13  14  -3.27838474083E-09
       305   1   4   5   8   9  10  11  12  13  14   8.54233118932E-05
       306   1   4   6   7   8   9  10  11  12  13   3.44303467419E-01
       307   1   4   6   7   8   9  10  11  13  14  -2.24984342285E-01
       308   1   4   6   7   8   9  11  12  13  14   4.75498887261E-09
       309   1   4   6   7   9  10  11  12  13  14   1.18999095581E-04
       310   1   4   7   8   9  10  11  12  13  14   1.94149592693E-07
       311   1   5   6   7   8   9  10  11  12  14  -4.83989465133E-01
       312   1   5   6   7   8   9  10  12  13  14   6.58165282782E-01
       313   1   5   6   7   8  10  11  12  13  14  -7.16923074081E-03
       314   1   5   6   8   9  10  11  12  13  14   7.73924757413E-02
       315   1   6   7   8   9  10  11  12  13  14  -2.31534568852E-01
       316   2   3   4   5   6   7   8   9  10  11  -7.05125858378E-01
       317   2   3   4   5   6   7   8   9  10  13  -4.64284403939E-01
       318   2   3   4   5   6   7   8   9  11  12   3.53776976079E-03
       319   2   3   4   5   6   7   8   9  11  14  -1.72042184895E-02
       320   2   3   4   5   6   7   8   9  12  13  -9.01857076633E-04
       321   2   3   4   5   6   7   8   9  13  14  -1.22181752537E-02
       322   2   3   4   5   6   7   8  10  11  13   1.65649332946E-02
       323   2   3   4   5   6   7   8  11  12  13  -6.19319238943E-24
       324   2   3   4   5   6   7   8  11  13  14  -1.83686462349E-07
       325   2   3   4   5   6   7   9  10  11  12  -3.38090512177E-01
       326   2   3   4   5   6   7   9  10  11  14  -3.35475810020E-01
       327   2   3   4   5   6   7   9  10  12  13   2.23083786908E-01
       328   2   3   4   5   6   7   9  10  13  14  -2.09230364935E-01
       329   2   3   4   5   6   7   9  11  12  14  -9.89694455416E-03
       330   2   3   4   5   6   7   9  12  13  14   7.17167832129E-03
       331   2   3   4   5   6   7  10  11  12  13  -1.93577604524E-15
       332   2   3   4   5   6   7  10  11  13  14   2.10356942016E-15
       333   2   3   4   5   6   7  11  12  13  14   4.33323857995E-08
       334   2   3   4   5   6   8   9  10  11  13   1.08246586331E-01
       335   2   3   4   5   6   8   9  11  12  13  -5.11872545340E-17
       336   2   3   4   5   6   8   9  11  13  14  -7.04165244805E-16
       337   2   3   4   5   6   9  10  11  12  13   2.34100035332E-11
       338   2   3   4   5   6   9  10  11  13  14  -1.29850155760E-12
       339   2   3   4   5   6   9  11  12  13  14  -6.96946573289E-06
       340   2   3   4   5   7   8   9  10  11  12   1.58847318560E-01
       341   2   3   4   5   7   8   9  10  11  14  -1.23081949952E-01
       342   2   3   4   5   7   8   9  10  12  13  -1.03886662122E-01
       343   2   3   4   5   7   8   9  10  13  14  -7.58048926505E-02
       344   2   3   4   5   7   8   9  11  12  14   7.16489216806E-08
       345   2   3   4   5   7   8   9  12  13  14  -5.16041364703E-08
       346   2   3   4   5   7   8  10  11  12  13   2.66379426684E-09
       347   2   3   4   5   7   8  10  11  13  14   2.27180745860E-09
       348   2   3   4   5   7   8  11  12  13  14  -5.69825721828E-05
       349   2   3   4   5   7   9  10  11  12  14   2.91942059775E-02
       350   2   3   4   5   7   9  10  12  13  14  -1.80604353486E-02
       351   2   3   4   5   7  10  11  12  13  14   1.16880778847E-22
       352   2   3   4   5   8   9  10  11  12  13   5.67800464316E-05
       353   2   3   4   5   8   9  10  11  13  14   4.15704815610E-05
       354   2   3   4   5   8   9  11  12  13  14  -6.83155982434E-24
       355   2   3   4   5   9  10  11  12  13  14  -4.50831719284E-08
       356   2   3   4   6   7   8   9  10  11  13   2.22698630616E-01
       357   2   3   4   6   7   8   9  11  12  13  -3.11054672907E-10
       358   2   3   4   6   7   8   9  11  13  14  -4.26480335925E-09
       359   2   3   4   6   7   9  10  11  12  13   2.50716842636E-04
       360   2   3   4   6   7   9  10  11  13  14  -2.33124575737E-04
       361   2   3   4   6   7   9  11  12  13  14  -1.77152068570E-13
       362   2   3   4   7   8   9  10  11  12  13  -4.84120599538E-06
       363   2   3   4   7   8   9  10  11  13  14  -2.66781192169E-08
       364   2   3   4   7   8   9  11  12  13  14   2.43275864780E-07
       365   2   3   4   7   9  10  11  12  13  14   3.46849717047E-10
       366   2   3   5   6   7   8   9  10  11  12  -7.16608894464E-01
       367   2   3   5   6   7   8   9  10  11  14  -1.00000000000E+00
       368   2   3   5   6   7   8   9  10  12  13   4.93737296206E-01
       369   2   3   5   6   7   8   9  10  13  14  -6.38918316429E-01
       370   2   3   5   6   7   8   9  11  12  14   1.24903118745E-02
       371   2   3   5   6   7   8   9  12  13  14  -9.53828838526E-03
       372   2   3   5   6   7   8  10  11  12  13  -1.24371676052E-02
       373   2   3   5   6   7   8  10  11  13  14   1.92361456138E-02
       374   2   3   5   6   7   8  11  12  13  14  -7.81675432669E-19
       375   2   3   5   6   7   9  10  11  12  14  -1.16180742643E-01
       376   2   3   5   6   7   9  10  12  13  14   7.61768646460E-02
       377   2   3   5   6   7  10  11  12  13  14  -5.45354118498E-16
       378   2   3   5   6   8   9  10  11  12  13  -1.11162572296E-01
       379   2   3   5   6   8   9  10  11  13  14   1.47620236320E-01
       380   2   3   5   6   8   9  11  12  13  14  -5.23876632620E-16
       381   2   3   5   6   9  10  11  12  13  14   1.78391443791E-07
       382   2   3   5   7   8   9  10  11  12  14   3.44303467419E-01
       383   2   3   5   7   8   9  10  12  13  14  -2.24984342285E-01
       384   2   3   5   7   8  10  11  12  13  14   4.75498887261E-09
       385   2   3   5   8   9  10  11  12  13  14   1.18999095581E-04
       386   2   3   6   7   8   9  10  11  12  13  -2.36310420016E-01
       387   2   3   6   7   8   9  10  11  13  14   3.12745774972E-01
       388   2   3   6   7   8   9  11  12  13  14  -3.27838474083E-09
       389   2   3   6   7   9  10  11  12  13  14   8.54233118932E-05
       390   2   3   7   8   9  10  11  12  13  14  -1.94149592693E-07
       391   2   4   5   6   7   8   9  10  11  13   5.07526760363E-01
       392   2   4   5   6   7   8   9  11  12  13  -6.96020931798E-04
       393   2   4   5   6   7   8   9  11  13  14  -1.01395630686E-02
       394   2   4   5   6   7   9  10  11  12  13   2.35484666953E-01
       395   2   4   5   6   7   9  10  11  13  14  -2.32190958445E-01
       396   2   4   5   6   7   9  11  12  13  14  -5.67290717925E-03
       397   2   4   5   7   8   9  10  11  12  13  -1.13311883996E-01
       398   2   4   5   7   8   9  10  11  13  14  -8.77245222901E-02
       399   2   4   5   7   8   9  11  12  13  14   4.21235881375E-08
       400   2   4   5   7   9  10  11  12  13  14   2.01677971339E-02
       401   2   5   6   7   8   9  10  11  12  13   4.83989465133E-01
       402   2   5   6   7   8   9  10  11  13  14  -6.58165282782E-01
       403   2   5   6   7   8   9  11  12  13  14   7.16923074081E-03
       404   2   5   6   7   9  10  11  12  13  14  -7.73924757413E-02
       405   2   5   7   8   9  10  11  12  13  14   2.31534568852E-01
       406   3   4   5   6   7   8   9  10  11  12   1.00000433802E+00
       407   3   4   5   6   7   8   9  10  11  14   6.59851534645E-01
       408   3   4   5   6   7   8   9  10  12  13  -6.59851534645E-01
       409   3   4   5   6   7   8   9  10  13  14   3.95675591450E-01
       410   3   4   5   6   7   8   9  11  12  14  -1.99264758057E-02
       411   3   4   5   6   7   8   9  12  13  14   1.43672065071E-02
       412   3   4   5   6   7   8  10  11  12  13   1.99264758057E-02
       413   3   4   5   6   7   8  10  11  13  14  -1.43672065071E-02
       414   3   4   5   6   7   8  11  12  13  14   5.18057536419E-13
       415   3   4   5   6   7   9  10  11  12  14  -1.54328930718E-01
       416   3   4   5   6   7   9  10  12  13  14   9.55391425018E-02
       417   3   4   5   6   7  10  11  12  13  14  -8.19892172806E-16
       418   3   4   5   6   8   9  10  11  12  13   1.54328930718E-01
       419   3   4   5   6   8   9  10  11  13  14  -9.55391425018E-02
       420   3   4   5   6   8   9  11  12  13  14   8.19892172806E-16
       421   3   4   5   6   9  10  11  12  13  14   1.18189801803E-04
       422   3   4   5   7   8   9  10  11  12  14  -3.24291482558E-01
       423   3   4   5   7   8   9  10  12  13  14   2.00073986866E-01
       424   3   4   5   7   8  10  11  12  13  14  -5.07164536457E-09
       425   3   4   5   8   9  10  11  12  13  14  -1.09998655026E-04
       426   3   4   6   7   8   9  10  11  12  13   3.24291482558E-01
       427   3   4   6   7   8   9  10  11  13  14  -2.00073986866E-01
       428   3   4   6   7   8   9  11  12  13  14   5.07164536457E-09
       429   3   4   6   7   9  10  11  12  13  14   1.09998655026E-04
       430   3   4   7   8   9  10  11  12  13  14   1.94215052765E-06
       431   3   5   6   7   8   9  10  11  12  14  -6.81770112874E-01
       432   3   5   6   7   8   9  10  12  13  14   4.45988083955E-01
       433   3   5   6   7   8  10  11  12  13  14  -1.11092585937E-02
       434   3   5   6   8   9  10  11  12  13  14  -1.01042379141E-01
       435   3   6   7   8   9  10  11  12  13  14  -2.18642300912E-01
       436   4   5   6   7   8   9  10  11  12  13   6.81770112874E-01
       437   4   5   6   7   8   9  10  11  13  14  -4.45988083955E-01
       438   4   5   6   7   8   9  11  12  13  14   1.11092585937E-02
       439   4   5   6   7   9  10  11  12  13  14   1.01042379141E-01
       440   4   5   7   8   9  10  11  12  13  14   2.18642300912E-01
       441   5   6   7   8   9  10  11  12  13  14   4.21373982314E-01
