# No.Blocks      Mean       Error        Error_in_Error
        2219  -10572.037088967812        7.7349980299756274E-002   1.1613535148947173E-003
        1109  -10572.035827548061       0.10841358293655956        2.3030258863867455E-003
         554  -10572.032869142960       0.15080101387450701        4.5344717225397815E-003
         277  -10572.032869142955       0.20652141370776145        8.7901351080130648E-003
         138  -10572.033218197959       0.28019478910696921        1.6927186253550972E-002
          69  -10572.033218197963       0.36626712765278974        3.1407147088332053E-002
          34  -10572.034255956482       0.47998273275904840        5.9081790219645880E-002
          17  -10572.034255956478       0.61327504294650670       0.10841273539998650     
           8  -10572.312730892823       0.49675977623521350       0.13276463472876121     
           4  -10572.312730892823       0.50535265462178602       0.20630935733071917     
           2  -10572.312730892823       0.54948487682862590       0.38854448256497615     
