# No.Blocks      Mean       Error        Error_in_Error
        2219   15438.493835204099       0.20670328073486738        3.1034989367988777E-003
        1109   15438.494004606535       0.28979856655356445        6.1561806420619989E-003
         554   15438.491616971291       0.40405596339484084        1.2149655319042956E-002
         277   15438.491616971292       0.55354175636473490        2.3560301757657436E-002
         138   15438.517895725405       0.73291094800525503        4.4276769613353917E-002
          69   15438.517895725407       0.92905972938611592        7.9666214551300504E-002
          34   15438.626505164619        1.1735002612748566       0.14444789682495862     
          17   15438.626505164611        1.4078377205302812       0.24887289974929333     
           8   15439.264904622414        1.3058838187167667       0.34901213118358237     
           4   15439.264904622412       0.90398862577258654       0.36905181107043533     
           2   15439.264904622412        1.4033521890567637       0.99231984927502348     
