2.624115094428417505e-01 -8.585768585791880184e-11 -2.576309556182184157e-01 -1.593843465714460015e-10 -2.586597807183944053e-01 -2.033614943294267525e-10 2.069133458802338565e-01 -1.465785172071113070e-10 -1.991925125876421732e-01 -2.653951306681914812e-01 2.142908357417393318e-10 -1.757975958783268612e-10 1.877036346775696474e-01 -2.896307066439309241e-01 -1.982550089515218944e-10 1.540559426552547684e-01 -1.574385775561352398e-10 -2.815635805821563576e-10 -1.530881274500995037e-01 -1.521564162119009450e-10 -2.852735212505791984e-01 -1.870644528552670716e-01 2.652717533491644130e-12 5.447585063232667505e-11 1.984658608697874582e-01 -2.647017589663770432e-01 -1.943571385510647551e-12 -2.138300855241908049e-01 -1.235678456800760883e-11 -2.600822614596173254e-01 -2.001667390595218005e-11 -2.592096789473973262e-01 -1.500458742307144225e-11 2.688175547182259373e-01
-1.992449246085884751e-01 -2.559584540257879848e-01 -1.253683367089322431e-01 -1.004561486370171702e-01 -2.506808362164659743e-01 2.029302725752464287e-01 1.564165117308792818e-01 2.009166513026231227e-01 9.962617415435026658e-02 -1.715657426151802681e-02 -7.272920507834428061e-02 2.368892127652180712e-01 -1.810443591122682383e-01 2.518328642622147395e-01 -1.382174256987483696e-01 -1.089718161484160702e-02 -1.059400119382640920e-01 -1.071268694005383937e-01 -1.007362266171258139e-02 -1.390873930978225870e-01 -2.506390271419342564e-01 -1.769095419352204324e-01 -2.307642998915216959e-01 -6.192724076378620934e-02 1.115800170171993289e-01 4.809694635450743883e-03 2.060101582477963655e-01 1.555013022938235290e-01 -2.115286868138628873e-01 2.460930614115902360e-01 8.497059489172495428e-02 1.407997045076714859e-01 2.622957671435051652e-01 1.987040131448447877e-01
-1.290769924553102355e-01 -2.255442691689727996e-01 -2.588418657012462876e-01 2.124192696030277605e-01 9.437680348342779302e-02 6.214101066276365298e-02 -1.007152444135697988e-01 -1.757493698796202264e-01 -2.008221459379589680e-01 2.053009916650729849e-01 -1.636018305947112284e-01 -2.724621788989116666e-01 -7.284251426151744369e-02 -2.072207122248120870e-01 3.992110923914846815e-02 -1.240037958588156575e-01 -1.237013660255408404e-01 1.245664037155049669e-01 1.213225848991289629e-01 -3.177045032790807438e-02 -2.088302266038858657e-01 8.451791883493711688e-02 -2.693617678037693586e-01 1.736504403164806365e-01 2.041441890472000809e-01 1.901877299164101143e-01 1.709680279089162425e-01 9.384465187259866115e-02 3.736192816400792788e-02 1.197690542357909144e-01 2.295803244071387417e-01 -2.640577327252174866e-01 -2.208892846656784759e-01 -1.224393042512885305e-01
2.460450508064651598e-01 -1.674347286962052095e-01 -1.304928430250656135e-01 -2.524466426663916074e-01 3.254503427142691613e-02 -2.357741073051575209e-01 1.937700767452251172e-01 -1.318348075640111416e-01 -9.972230174541017733e-02 1.815475204061865189e-01 1.914148572821942618e-01 -1.370168809346729577e-01 -2.565917916008349578e-02 2.799915127159100514e-01 -1.578659291265847864e-01 -1.053974136962708974e-01 -6.084926819087912303e-02 6.140106296457073509e-02 1.051868970526689540e-01 1.561086825147982859e-01 2.763320411792047904e-01 2.876506098451744181e-02 -1.319576396565704524e-01 -1.911562537893357061e-01 9.350978185616952432e-02 1.858382809794595081e-01 1.385370867028249409e-01 -1.984533473880967791e-01 -2.328954525646015072e-01 4.015363395739168784e-02 -2.551228197952932764e-01 -1.241779398446174743e-01 -1.749711036021011634e-01 2.506269592756396047e-01
-2.624115086345221171e-01 -3.263079461570116229e-11 2.576309549583306047e-01 -6.537407118396023185e-11 2.586597802623047948e-01 -9.272936623213043679e-11 2.069133460706230332e-01 5.438817697169655493e-11 -1.991925127907163418e-01 2.653951303995087385e-01 -9.770363802689324674e-11 -9.230248153108157805e-11 1.877036348987879688e-01 2.896307064710171852e-01 1.109826619312440878e-10 1.540559428591282143e-01 1.037372667485817496e-10 -2.408292155891823483e-10 1.530881273037441315e-01 -1.811391361245497219e-10 -2.852735217565311454e-01 1.870644524841720280e-01 -5.294925781138234616e-12 1.223682662488011752e-10 -1.984658602035919983e-01 -2.647017594968621990e-01 -6.205914834005264708e-11 2.138300845686206819e-01 4.656848743691001358e-12 -2.600822620983548883e-01 8.037700803545990433e-12 -2.592096797239206163e-01 4.295482450712611645e-12 2.688175556293053159e-01
-4.986565126869774850e-02 -1.011071753127278233e-01 -1.521097299059179508e-01 1.991928037570033228e-01 2.380585447756060069e-01 -2.637208618311840946e-01 -3.799564015517586241e-02 -7.692703790127061736e-02 -1.151012910110308651e-01 -2.686639028883246461e-01 -1.491502679048904989e-01 2.385488828826152763e-01 -1.745497966106999421e-01 1.525437026539903096e-01 -1.843788391017757433e-01 1.679165895757428473e-01 1.119350453157094555e-01 -1.149764548607820763e-01 -1.721564002769209734e-01 1.872897813615929941e-01 1.623954165261569382e-01 1.740453237110904661e-01 2.527140853338640802e-01 1.444034546346503189e-01 1.066298569503525279e-01 -2.785357133039475519e-01 6.705146153770863426e-02 3.089943362579115546e-02 -2.646885151228168809e-01 2.299993954943858887e-01 1.846776629605577924e-01 -1.349050052821387513e-01 -8.532971081194681839e-02 -3.988626675181720233e-02
2.058921579444057959e-01 -7.178593592486456898e-02 -1.746217177851936697e-01 -1.276339777251942476e-01 -1.250689939477372392e-01 -1.587077928277118577e-01 -2.623521183520297062e-01 9.262330959367137684e-02 2.260563632799318656e-01 -6.108857475653143437e-02 -1.702658934380985312e-01 -1.396931648379959590e-01 -1.706615794277009379e-01 1.212507921674780371e-03 2.331299011844365221e-01 -1.002121569193125394e-01 3.054974701901779222e-01 -3.028518136176381326e-01 9.793431964321958061e-02 -2.314717530604660789e-01 1.640476227129734378e-03 1.668422546750271407e-01 -1.333864574055197427e-01 1.707890869276444679e-01 -2.209382321789261083e-01 -5.715845934237263892e-02 -9.688496998198654897e-02 2.673929060472132191e-01 -1.574573928836423276e-01 -1.216578282550055956e-01 -1.289101671321858378e-01 -1.718495488605324972e-01 -7.449553028729306858e-02 2.080849842102836522e-01
1.305955570862731840e-01 2.023489409388691818e-01 1.792985671291072169e-01 -6.998350312177792354e-02 7.032833586901690581e-02 -1.671635868456592677e-01 1.649465349753265475e-01 2.585773554431458066e-01 2.347069088088439837e-01 -1.696507250320232751e-01 9.846272400422380333e-02 8.839618834188854579e-02 -8.928521394776664510e-02 4.296461930968485145e-03 -2.398057285251836424e-01 2.788777427377076568e-01 1.879509744973315855e-01 1.880823660220448390e-01 2.763043272572873743e-01 -2.307550342487695305e-01 -6.564527856525046758e-03 -7.303342507362374503e-02 -8.941443349056610312e-02 1.164596536333807053e-01 2.457386695565411949e-01 1.661844873563948499e-01 2.573207168512335885e-01 1.580679132485376115e-01 1.559225697709613889e-01 -5.312920613495557970e-02 8.633955896728044699e-02 -1.881984475309768645e-01 -2.021117979956164323e-01 -1.267237850514656428e-01
1.305955570822429079e-01 -2.023489409289705998e-01 1.792985671159023076e-01 6.998350311132572887e-02 7.032833587345352355e-02 1.671635868445311701e-01 -1.649465349727295138e-01 2.585773554369484861e-01 -2.347069087997205872e-01 -1.696507250264381594e-01 9.846272399845802659e-02 -8.839618833326937097e-02 8.928521394046223802e-02 4.296461923163195744e-03 -2.398057285029867591e-01 -2.788777427129053299e-01 1.879509744841401653e-01 -1.880823660429435662e-01 2.763043272869641909e-01 2.307550342703981461e-01 6.564527845993337572e-03 -7.303342507710790243e-02 -8.941443347981663237e-02 -1.164596536448748026e-01 2.457386695738231208e-01 -1.661844873544623957e-01 -2.573207168669617295e-01 1.580679132579280166e-01 1.559225697760124596e-01 5.312920613978687479e-02 8.633955896560009668e-02 1.881984475304234461e-01 -2.021117979939960063e-01 1.267237850494956075e-01
-4.986565126338690646e-02 1.011071753028478515e-01 -1.521097298923594909e-01 -1.991928037414001096e-01 2.380585447601774318e-01 2.637208618167918295e-01 -3.799564015696134389e-02 7.692703790449588463e-02 -1.151012910158242947e-01 -2.686639028744902680e-01 1.491502679113598517e-01 -2.385488828702687913e-01 -1.745497966182411043e-01 1.525437026462142243e-01 1.843788391097733459e-01 1.679165895835709188e-01 -1.119350453213732305e-01 1.149764548553127985e-01 -1.721564002681368333e-01 -1.872897813521461896e-01 1.623954165335320943e-01 1.740453237033901812e-01 -2.527140853456495972e-01 -1.444034546291325105e-01 1.066298569464625146e-01 -2.785357133182179701e-01 -6.705146153549317034e-02 3.089943362512506675e-02 2.646885151384242851e-01 2.299993955103631915e-01 -1.846776629761175126e-01 -1.349050052960854562e-01 8.532971082233184457e-02 -3.988626675713109054e-02
-6.722804444083126107e-02 1.290414613782056852e-01 -1.768609593252663537e-01 -2.014778921398938105e-01 1.970458660828886821e-01 1.632322857561877283e-01 8.326064376407954493e-02 -1.613326270049716127e-01 2.246624133425624559e-01 -1.067623341078683952e-01 -2.631706744863119285e-01 -4.369768140329250566e-02 2.699259979852163815e-01 1.029223039061987052e-03 -2.418734374380815400e-01 -1.809892573639266811e-01 9.708135894700950508e-02 -1.026420875670415456e-01 1.904358724437359429e-01 2.517351590537627581e-01 8.922775295490785463e-03 -2.759773409771102415e-01 -5.653443670088690448e-02 2.621258567045057775e-01 -2.154667284209586253e-01 -1.211529706022619335e-01 1.469174617006918371e-01 -7.154744704427248858e-02 1.745034535432967993e-01 2.015950255960521353e-01 -1.982725683492123359e-01 -1.676807979378182600e-01 1.175832486836715651e-01 -5.884086179011647350e-02
-1.290769924487958076e-01 2.255442691554407075e-01 -2.588418656830967501e-01 -2.124192695839523803e-01 9.437680346561870548e-02 -6.214101067689231650e-02 -1.007152444305248196e-01 1.757493699060505288e-01 -2.008221459592864633e-01 2.053009916722261519e-01 1.636018305963435338e-01 2.724621788986393844e-01 -7.284251423782227286e-02 -2.072207122214052288e-01 -3.992110928254741925e-02 -1.240037959070654228e-01 1.237013660588956732e-01 -1.245664036974485633e-01 1.213225848681947355e-01 3.177045029768896939e-02 -2.088302266136221330e-01 8.451791884738220351e-02 2.693617678050893027e-01 -1.736504403030534605e-01 2.041441890139459314e-01 1.901877299002972532e-01 -1.709680278717346791e-01 9.384465184862546272e-02 -3.736192813296394105e-02 1.197690542721012996e-01 -2.295803244368352924e-01 -2.640577327419817988e-01 2.208892846720579006e-01 -1.224393042529985237e-01
6.722804443675393926e-02 1.290414613722757065e-01 1.768609593208951558e-01 -2.014778921404005718e-01 -1.970458660897598246e-01 1.632322857676620498e-01 -8.326064375587224897e-02 -1.613326269916232070e-01 -2.246624133291796055e-01 1.067623341202330600e-01 -2.631706744785834440e-01 -4.369768141363452457e-02 -2.699259979872247195e-01 -1.029223045434773031e-03 -2.418734374497684136e-01 1.809892573803486004e-01 9.708135896004996268e-02 -1.026420875609338895e-01 -1.904358724346885412e-01 2.517351590448143051e-01 -8.922775276778812520e-03 2.759773409710951642e-01 -5.653443667553179064e-02 2.621258567032822007e-01 2.154667284238912239e-01 1.211529705816854208e-01 1.469174617047569187e-01 7.154744704673035582e-02 1.745034535337224302e-01 -2.015950255984973183e-01 -1.982725683611691048e-01 1.676807979543905036e-01 1.175832486987267167e-01 5.884086179871290956e-02
2.460450502947180151e-01 1.674347284615585185e-01 -1.304928426632597227e-01 2.524466423053084996e-01 3.254503443499832949e-02 2.357741069439024673e-01 -1.937700768091395465e-01 -1.318348075535709096e-01 9.972230175958107790e-02 1.815475204034859569e-01 1.914148572055724695e-01 1.370168806761968283e-01 2.565917917632264469e-02 2.799915126083052375e-01 -1.578659289478799577e-01 1.053974136956184610e-01 -6.084926790720106976e-02 -6.140106342862379496e-02 1.051868968832243845e-01 -1.561086828773670110e-01 -2.763320410121230530e-01 2.876506071262640088e-02 -1.319576398097172532e-01 1.911562540686128076e-01 9.350978221161829196e-02 -1.858382807645083401e-01 -1.385370868708264147e-01 -1.984533478247868798e-01 -2.328954527796789908e-01 -4.015363364439993726e-02 -2.551228200100546517e-01 1.241779402792300008e-01 -1.749711037427648941e-01 -2.506269598175905888e-01
6.722804441337533465e-02 1.290414613288574375e-01 1.768609592669646013e-01 -2.014778920893817715e-01 -1.970458660537891815e-01 1.632322857554903694e-01 8.326064373669675445e-02 1.613326269557574244e-01 2.246624132841650856e-01 1.067623341347299776e-01 2.631706744358208727e-01 -4.369768144598984438e-02 2.699259979576919544e-01 -1.029223073859421517e-03 2.418734374403406218e-01 -1.809892573895693912e-01 -9.708135897496980582e-02 -1.026420875437245306e-01 -1.904358724225193311e-01 2.517351590537690309e-01 8.922775254701626954e-03 2.759773410050427866e-01 5.653443665360229770e-02 2.621258567536446926e-01 2.154667284763212842e-01 -1.211529705774904569e-01 1.469174617462027099e-01 7.154744706904359042e-02 -1.745034535522730912e-01 2.015950256350168557e-01 1.982725684058663507e-01 -1.676807979966160322e-01 -1.175832487300910861e-01 -5.884086181487753475e-02
1.305955570746366590e-01 -2.023489409229090041e-01 1.792985671170279072e-01 6.998350311414085201e-02 7.032833587711345702e-02 1.671635868518656365e-01 1.649465349638295775e-01 -2.585773554153071307e-01 2.347069087710444701e-01 -1.696507250256542587e-01 -9.846272397718995595e-02 -8.839618832092285827e-02 -8.928521394626037777e-02 4.296461910686710621e-03 2.398057284970951941e-01 2.788777427027788747e-01 -1.879509744756590051e-01 -1.880823660414344400e-01 2.763043272853466514e-01 2.307550342709268343e-01 -6.564527862082589031e-03 -7.303342507321455845e-02 8.941443349951870567e-02 -1.164596536604897981e-01 2.457386695960764866e-01 1.661844873659766852e-01 -2.573207168840412895e-01 1.580679132651366670e-01 -1.559225697760906748e-01 -5.312920613304266543e-02 -8.633955897471269625e-02 -1.881984475422871228e-01 2.021117980087322186e-01 -1.267237850609920780e-01
-2.058921577118183466e-01 -7.178593596075005800e-02 1.746217175617006678e-01 -1.276339777715207180e-01 1.250689937570163557e-01 -1.587077928655264980e-01 2.623521176746264616e-01 9.262330947527161462e-02 -2.260563628120885182e-01 6.108857464021742734e-02 -1.702658932956198079e-01 -1.396931648659538727e-01 1.706615792447009339e-01 -1.212507948779883472e-03 2.331299011488435491e-01 1.002121569444787141e-01 3.054974703520239032e-01 -3.028518138204752685e-01 -9.793431955589441962e-02 -2.314717533216382739e-01 -1.640476419316474425e-03 -1.668422545919284183e-01 -1.333864576388138767e-01 1.707890872132995230e-01 2.209382321600062427e-01 5.715845924918231541e-02 -9.688497018386960091e-02 -2.673929060925731016e-01 -1.574573932034394608e-01 1.216578283119048171e-01 -1.289101674172561107e-01 1.718495490618514310e-01 -7.449553045694955189e-02 -2.080849845110299412e-01
2.058921574586542180e-01 -7.178593575357591905e-02 -1.746217174070274769e-01 -1.276339774443939479e-01 -1.250689937347579106e-01 -1.587077925298672754e-01 2.623521172989939920e-01 -9.262330920831902958e-02 -2.260563626179784014e-01 -6.108857473311433278e-02 1.702658929213711758e-01 -1.396931646382173209e-01 1.706615792753958527e-01 1.212507788979649880e-03 -2.331299008469779055e-01 1.002121571030546027e-01 -3.054974702052837832e-01 -3.028518137765052187e-01 9.793431956203862976e-02 -2.314717534819820399e-01 -1.640476821104513462e-03 1.668422547760012864e-01 1.333864577847996002e-01 1.707890874926162872e-01 -2.209382325983675899e-01 5.715845895398255494e-02 -9.688497041774639384e-02 2.673929067751776856e-01 1.574573934623391125e-01 1.216578281817918411e-01 1.289101677039629079e-01 1.718495491283825727e-01 7.449553065756878145e-02 -2.080849847355194515e-01
-1.305955570728484783e-01 -2.023489409143612028e-01 -1.792985671003320403e-01 6.998350309406477232e-02 -7.032833589519552064e-02 1.671635868641115352e-01 1.649465349636501377e-01 2.585773554166461152e-01 2.347069087707243373e-01 1.696507250259396415e-01 9.846272396915227432e-02 -8.839618830404340211e-02 -8.928521395849391140e-02 -4.296461887695521807e-03 -2.398057284968827807e-01 2.788777426791952396e-01 1.879509744450303665e-01 -1.880823660780122919e-01 -2.763043273196697514e-01 2.307550342781184427e-01 -6.564527881645703181e-03 7.303342505742238533e-02 -8.941443350439674809e-02 -1.164596536803667315e-01 -2.457386696099614631e-01 1.661844873465037342e-01 -2.573207168931563316e-01 -1.580679132707510370e-01 1.559225697496982033e-01 -5.312920611669495058e-02 8.633955897848105687e-02 -1.881984475390617861e-01 -2.021117980036970518e-01 -1.267237850574539360e-01
6.722804442155223825e-02 -1.290414613432273871e-01 1.768609592839038291e-01 2.014778921047841176e-01 -1.970458660641664916e-01 -1.632322857586091247e-01 8.326064374060025697e-02 -1.613326269643773625e-01 2.246624132967517951e-01 1.067623341306803558e-01 -2.631706744487991578e-01 4.369768143807890165e-02 2.699259979657957498e-01 -1.029223067460486316e-03 -2.418734374393384789e-01 -1.809892573798777826e-01 9.708135896394118336e-02 1.026420875471236727e-01 -1.904358724242812828e-01 -2.517351590497772795e-01 8.922775272575001609e-03 2.759773409946269518e-01 -5.653443667509551462e-02 -2.621258567396075323e-01 2.154667284620979950e-01 -1.211529705906058824e-01 -1.469174617344508882e-01 7.154744706220612926e-02 1.745034535528781072e-01 2.015950256257074136e-01 -1.982725683921463811e-01 -1.676807979833840334e-01 1.175832487202989607e-01 -5.884086180981693698e-02
2.460450505947222033e-01 1.674347284793248902e-01 -1.304928429456944927e-01 2.524466423573230034e-01 3.254503420026077370e-02 2.357741070237404646e-01 1.937700766878173442e-01 1.318348075479693349e-01 -9.972230168915612036e-02 1.815475202423313950e-01 -1.914148572405704463e-01 1.370168807502548658e-01 -2.565917919797187224e-02 2.799915125130801319e-01 1.578659290672234927e-01 -1.053974137086194085e-01 6.084926812159749399e-02 -6.140106329838306010e-02 1.051868969315899460e-01 -1.561086828182138841e-01 2.763320411637296692e-01 2.876506077659820443e-02 1.319576397029229853e-01 1.911562540672609167e-01 9.350978217493298439e-02 1.858382809512616196e-01 -1.385370868882524753e-01 -1.984533478209199453e-01 2.328954526575345019e-01 4.015363387858783550e-02 2.551228199209257808e-01 -1.241779400143598749e-01 1.749711037029471339e-01 2.506269595384866822e-01
-1.794980498008242609e-01 1.805768259374603835e-01 -3.246979269291488512e-03 1.720409016151927262e-01 -1.662926486083054212e-01 6.562731727275129476e-03 2.280896946904619749e-01 -2.323293564071358119e-01 7.169777471887517351e-03 -1.526063360663266477e-01 2.260868582979921326e-01 -1.213717971266955048e-01 -2.306887241037954561e-01 3.315789402835108996e-03 -5.093376647130036343e-03 -2.505208859934301979e-01 2.629896094916855387e-01 -2.615105610793773128e-01 2.460858021302865517e-01 -5.511993793880523790e-04 4.738680024404774531e-03 2.315389068237407588e-01 -1.180331213243342031e-01 -2.171997750048950959e-01 -2.096635239245424678e-02 -1.452293281277892700e-01 2.396996785257588802e-01 -2.284926665861164718e-01 -1.807002840174862452e-03 -1.688083438352841747e-01 1.658162177852446073e-01 -1.291640930769425745e-02 1.851707979037498508e-01 -1.793560155134109324e-01
1.290769924453117889e-01 2.255442691425490753e-01 2.588418656621675473e-01 -2.124192695641068662e-01 -9.437680345252053016e-02 -6.214101068242071368e-02 -1.007152444316919138e-01 -1.757493699086150329e-01 -2.008221459593875491e-01 -2.053009916677683289e-01 -1.636018305849374632e-01 2.724621788831907976e-01 -7.284251420677617661e-02 2.072207122046087757e-01 3.992110933157537456e-02 -1.240037959597423550e-01 -1.237013660946726379e-01 -1.245664036662241791e-01 -1.213225848216008818e-01 3.177045025207889811e-02 -2.088302266251656492e-01 -8.451791888166439171e-02 -2.693617678092077861e-01 -1.736504403263671725e-01 -2.041441890317426955e-01 1.901877298891081203e-01 -1.709680278861920033e-01 -9.384465185730385406e-02 3.736192811125829683e-02 1.197690542960341831e-01 2.295803244560792322e-01 -2.640577327519771922e-01 -2.208892846726299986e-01 -1.224393042497902567e-01
-1.794980498717785311e-01 1.805768259887879368e-01 -3.246979223684702803e-03 1.720409017037502764e-01 -1.662926486100938239e-01 6.562731817790430459e-03 -2.280896946135781700e-01 2.323293563632172209e-01 -7.169777536974860851e-03 -1.526063361094881221e-01 -2.260868582138393923e-01 -1.213717970620283026e-01 2.306887241481568596e-01 3.315789330388790954e-03 5.093376526604374843e-03 2.505208860094573775e-01 -2.629896096508418935e-01 -2.615105609663601616e-01 2.460858020530487800e-01 -5.511993113949630301e-04 -4.738679945258778350e-03 2.315389067227076048e-01 1.180331213772941312e-01 -2.171997750336363275e-01 -2.096635229615023341e-02 1.452293282200954050e-01 2.396996785338066371e-01 -2.284926666780685289e-01 1.807002899663147409e-03 1.688083439447801704e-01 -1.658162177336338083e-01 1.291640943839109795e-02 -1.851707978745730510e-01 1.793560153659643219e-01
2.058921577755638277e-01 7.178593583143871859e-02 -1.746217176447653618e-01 1.276339775685881861e-01 -1.250689938575612614e-01 1.587077926573824405e-01 2.623521177681357175e-01 9.262330935879217741e-02 -2.260563629503208050e-01 -6.108857473464179844e-02 -1.702658931184757862e-01 1.396931647208893013e-01 1.706615794391337926e-01 1.212507879171851244e-03 2.331299009791795163e-01 1.002121571476427553e-01 3.054974702247109652e-01 3.028518137025708601e-01 9.793431962366258570e-02 2.314717532967378588e-01 -1.640476837277630127e-03 1.668422547585684534e-01 -1.333864576718362671e-01 -1.707890872419096095e-01 -2.209382324253515717e-01 5.715845888764355814e-02 9.688497021976757995e-02 2.673929064404596545e-01 -1.574573932817419364e-01 1.216578280132550177e-01 -1.289101675147558412e-01 1.718495488314664976e-01 -7.449553052856375257e-02 -2.080849843233989194e-01
4.986565125670214260e-02 1.011071752905565724e-01 1.521097298730653413e-01 -1.991928037127869699e-01 -2.380585447238664498e-01 2.637208617779995268e-01 -3.799564015288555557e-02 -7.692703789645606582e-02 -1.151012910054184935e-01 2.686639028382684091e-01 -1.491502679016562805e-01 -2.385488828411571338e-01 -1.745497966123126243e-01 -1.525437026293852694e-01 -1.843788391095382839e-01 1.679165895888636295e-01 1.119350453282699220e-01 1.149764548519733309e-01 1.721564002662037407e-01 -1.872897813535450984e-01 1.623954165583575970e-01 -1.740453237076084736e-01 2.527140853854145108e-01 -1.444034546344353243e-01 -1.066298569513873806e-01 -2.785357133620928183e-01 -6.705146153926568042e-02 -3.089943362720393161e-02 -2.646885151781845358e-01 2.299993955410313540e-01 1.846776629958473415e-01 -1.349050053062097465e-01 -8.532971082632369308e-02 -3.988626675830095336e-02
1.794980498301590177e-01 1.805768259502404383e-01 3.246979220276802105e-03 1.720409016863941876e-01 1.662926485919313802e-01 6.562731848162021986e-03 -2.280896946470651609e-01 -2.323293563647967075e-01 -7.169777472665890376e-03 1.526063361421025055e-01 2.260868582606621602e-01 -1.213717970354573905e-01 2.306887240794626981e-01 -3.315789250158463798e-03 -5.093376632633747625e-03 2.505208859795615139e-01 2.629896095108302245e-01 -2.615105610798274527e-01 -2.460858020831336035e-01 -5.511994030918805588e-04 -4.738680016469955930e-03 -2.315389068010656470e-01 -1.180331213734637230e-01 -2.171997749994439841e-01 2.096635237274372537e-02 1.452293281756447396e-01 2.396996785397273177e-01 2.284926666294093411e-01 -1.807002898080455533e-03 1.688083439347740633e-01 1.658162177692351913e-01 1.291640941163882395e-02 1.851707979245018898e-01 1.793560154438020027e-01
-1.794980499033336507e-01 -1.805768260156878913e-01 -3.246979217862330271e-03 -1.720409017331587520e-01 -1.662926486234036494e-01 -6.562731849136239221e-03 -2.280896947230467708e-01 -2.323293564213243512e-01 -7.169777458361957338e-03 -1.526063361491253323e-01 2.260868583125827114e-01 1.213717970355477349e-01 2.306887241214797268e-01 3.315789253020780085e-03 -5.093376629099494006e-03 2.505208860218271494e-01 2.629896095625871566e-01 2.615105610311957429e-01 2.460858020329254603e-01 5.511994103790291994e-04 -4.738680007313323880e-03 2.315389067582634963e-01 -1.180331213651344691e-01 2.171997749450672865e-01 -2.096635238243408847e-02 1.452293281625263166e-01 -2.396996784879663334e-01 -2.284926665683376656e-01 -1.807002892576647620e-03 1.688083438876676057e-01 1.658162177239993484e-01 1.291640939349135604e-02 1.851707978534258836e-01 1.793560153849294847e-01
4.986565126112854629e-02 -1.011071752996161449e-01 1.521097298866487812e-01 1.991928037297889253e-01 -2.380585447423447520e-01 -2.637208617959877488e-01 -3.799564014751876523e-02 7.692703788859492353e-02 -1.151012909991517841e-01 2.686639028536557672e-01 1.491502678998753162e-01 2.385488828515256732e-01 -1.745497966154183067e-01 -1.525437026338774538e-01 1.843788391159201234e-01 1.679165895957745180e-01 -1.119350453327491446e-01 -1.149764548520318536e-01 1.721564002676817251e-01 1.872897813572344805e-01 1.623954165521037385e-01 -1.740453237141049159e-01 -2.527140853711097312e-01 1.444034546440248756e-01 -1.066298569622989856e-01 -2.785357133411028863e-01 6.705146154804425551e-02 -3.089943363165124912e-02 2.646885151541028547e-01 2.299993955168513626e-01 -1.846776629737971742e-01 -1.349050052887632023e-01 8.532971081533463620e-02 -3.988626675349831591e-02
1.992449244645111139e-01 2.559584538375324070e-01 1.253683366211474082e-01 1.004561485508904672e-01 2.506808360313516060e-01 -2.029302724511745926e-01 1.564165117905994551e-01 2.009166513904243057e-01 9.962617421471683943e-02 1.715657422083350508e-02 -7.272920509119698562e-02 -2.368892125946727989e-01 -1.810443591932692220e-01 -2.518328641044908500e-01 -1.382174257895380509e-01 -1.089718157739310959e-02 -1.059400119575648475e-01 1.071268693884542961e-01 1.007362271473938829e-02 1.390873929995205538e-01 -2.506390273030735250e-01 1.769095418668550634e-01 -2.307643000639607311e-01 6.192724077070554251e-02 -1.115800169480307275e-01 4.809694670700690941e-03 -2.060101581627716560e-01 -1.555013022385608734e-01 -2.115286869426711847e-01 2.460930615916052944e-01 8.497059497244421888e-02 1.407997045906930200e-01 2.622957673241659293e-01 1.987040132870822318e-01
-2.460450501589663275e-01 1.674347283939414677e-01 1.304928425437604789e-01 2.524466421698513541e-01 -3.254503451326394570e-02 2.357741067527816536e-01 1.937700766825027343e-01 -1.318348075074035897e-01 -9.972230164326000013e-02 -1.815475203982431229e-01 1.914148571313336877e-01 1.370168804981845567e-01 -2.565917930631043259e-02 -2.799915124999383664e-01 -1.578659288155138951e-01 -1.053974138245234449e-01 -6.084926765069008370e-02 -6.140106371955943859e-02 -1.051868967241860603e-01 -1.561086830349846521e-01 2.763320410986588316e-01 -2.876506052364368599e-02 -1.319576399793213617e-01 1.911562541320432629e-01 -9.350978238087111205e-02 1.858382807484792176e-01 -1.385370868827636992e-01 1.984533479719141347e-01 -2.328954529687476682e-01 4.015363353758920339e-02 -2.551228201438118792e-01 -1.241779404291103034e-01 -1.749711038095202453e-01 2.506269599857463559e-01
-1.290769924460165585e-01 2.255442691429853097e-01 -2.588418656603310719e-01 -2.124192695607017012e-01 9.437680345179330632e-02 -6.214101067944908380e-02 1.007152443954359156e-01 -1.757493698490417977e-01 2.008221458992970887e-01 2.053009916664751133e-01 -1.636018305477314194e-01 2.724621788877505946e-01 7.284251420348177020e-02 -2.072207122112393607e-01 3.992110930902142973e-02 1.240037959315887922e-01 -1.237013660777127322e-01 -1.245664036841086786e-01 1.213225848480969649e-01 3.177045027012865425e-02 2.088302266231456539e-01 8.451791888986330548e-02 -2.693617678070917010e-01 -1.736504403646035311e-01 2.041441890859553854e-01 -1.901877298875984945e-01 -1.709680279348811394e-01 9.384465188464113927e-02 3.736192811019974774e-02 -1.197690542986230428e-01 2.295803244618855044e-01 2.640577327584236467e-01 -2.208892846754921813e-01 1.224393042493960582e-01
-1.992449245108503797e-01 2.559584538961741651e-01 -1.253683366490426221e-01 1.004561485733268950e-01 -2.506808360888578835e-01 -2.029302725053120648e-01 -1.564165117815645711e-01 2.009166513715238134e-01 -9.962617419671226937e-02 -1.715657421441538905e-02 -7.272920508186016264e-02 -2.368892126547387234e-01 1.810443591438416489e-01 2.518328641825378078e-01 -1.382174257376618531e-01 1.089718157200811853e-02 -1.059400119030145526e-01 1.071268694382008224e-01 -1.007362272494132828e-02 1.390873930455304719e-01 2.506390272020128651e-01 -1.769095419196586583e-01 -2.307642999920978266e-01 6.192724078502017532e-02 1.115800169745224807e-01 -4.809694686723554533e-03 -2.060101582043213642e-01 1.555013022675171275e-01 -2.115286868817101706e-01 -2.460930615403814359e-01 8.497059495080490354e-02 -1.407997045730011165e-01 2.622957672675214069e-01 -1.987040132313068752e-01
1.992449245291342264e-01 -2.559584539343519594e-01 1.253683366854907166e-01 -1.004561485718756947e-01 2.506808361230549176e-01 2.029302725369894478e-01 -1.564165117661108773e-01 2.009166513468690907e-01 -9.962617417873143033e-02 1.715657421500425828e-02 -7.272920508327986033e-02 2.368892126765366479e-01 1.810443591364872262e-01 -2.518328641984236005e-01 -1.382174257301434783e-01 1.089718158314082266e-02 -1.059400119164323889e-01 -1.071268694280929218e-01 1.007362271275877297e-02 -1.390873930545724613e-01 2.506390271842968143e-01 1.769095419238073674e-01 -2.307642999627968761e-01 -6.192724077864256854e-02 -1.115800169965131122e-01 -4.809694681747576570e-03 2.060101582344602833e-01 -1.555013022888365182e-01 -2.115286868435377610e-01 -2.460930614996930110e-01 8.497059495846211175e-02 -1.407997045274484438e-01 2.622957672348498748e-01 -1.987040132270338488e-01
