# No.Blocks      Mean       Error        Error_in_Error
        2014  -65.124455480214678        2.3156535548431632E-002   3.6495279982729666E-004
        1007  -65.124455480214593        3.2247818594955666E-002   7.1892958181240152E-004
         503  -65.122684855904510        4.4478294106639026E-002   1.4037225149724278E-003
         251  -65.120943264264966        6.0025615878676025E-002   2.6844271499202070E-003
         125  -65.120117420881044        7.9103160716297763E-002   5.0230557285431479E-003
          62  -65.122691333314421       0.10179130674499409        9.2157518968008882E-003
          31  -65.122691333314435       0.12149578000804588        1.5685037753521390E-002
          15  -65.123125486500470       0.15482708730824901        2.9259569231007976E-002
           7  -65.153131021022318       0.19001352691854381        5.4852180458045741E-002
           3  -65.178735123891016       0.34327284986252288       0.17163642493126144     
