# No.Blocks      Mean       Error        Error_in_Error
        2270  -44.587800730832058        3.3901435248530828E-002   5.0325238188653058E-004
        1135  -44.587800730832051        4.6989071991765691E-002   9.8667776847557553E-004
         567  -44.586710351876057        6.3685736131984583E-002   1.8928620305431812E-003
         283  -44.589747317059427        8.4177911045649936E-002   3.5445294749230321E-003
         141  -44.591196727605329       0.10896964377757683        6.5121817895968702E-003
          70  -44.583418985399042       0.13138173514474991        1.1183956006438456E-002
          35  -44.583418985399021       0.15533650391024639        1.8837318033415196E-002
          17  -44.517054868755650       0.14309018537148399        2.5295010099354111E-002
           8  -44.520954136250545       0.15689403231980592        4.1931693926439383E-002
           4  -44.520954136250545       0.17918649669207620        7.3152580948748755E-002
           2  -44.520954136250538        1.9375012274456694E-002   1.3700202564840920E-002
