# Block_length   Mean       Error        Error_in_Error
        2270  -1.6776562364260756        1.1233386229359110E-003   1.6675483899524036E-005
        1135  -1.6776562364260696        1.5441271638739933E-003   3.2423622764048139E-005
         567  -1.6776934367528702        2.0564749867269445E-003   6.1122374578037616E-005
         283  -1.6775296462206506        2.6329870537322724E-003   1.1086875527219535E-004
         141  -1.6773766340031735        3.2889849480570959E-003   1.9655444527940177E-004
          70  -1.6773774537684447        3.8014620864864632E-003   3.2360194275533806E-004
          35  -1.6773774537684458        4.2875191380068508E-003   5.1993806699586552E-004
          17  -1.6790341684004055        4.1001285145980488E-003   7.2480716910215161E-004
           8  -1.6784357397336214        4.3049671090295448E-003   1.1505508559513755E-003
           4  -1.6784357397336214        5.6365798338810216E-003   2.3011240812450123E-003
           2  -1.6784357397336218        1.6659514115720856E-003   1.1780055402499227E-003
