# No.Blocks      Mean       Error        Error_in_Error
        2270  -1.6785648859030859        5.9812161272270165E-005   8.8788608521687054E-007
        1135  -1.6785648859030824        7.7078418063769715E-005   1.6184946479920901E-006
         567  -1.6785656794532635        8.8618754829948815E-005   2.6339190908304577E-006
         283  -1.6785621373674908        9.0785450506882442E-005   3.8227570774630213E-006
         141  -1.6785638510638301        9.0567177570562965E-005   5.4124240849502530E-006
          70  -1.6785506665178564        8.1830118016548283E-005   6.9658422374345864E-006
          35  -1.6785506665178573        8.1824734458881348E-005   9.9227065577083803E-006
          17  -1.6785689829963233        8.2681268836699623E-005   1.4616121467884567E-005
           8  -1.6785515429687501        7.1191985096968682E-005   1.9026858351226658E-005
           4  -1.6785515429687499        7.0062294448631284E-005   2.8602811934629524E-005
           2  -1.6785515429687501        8.4760739314542185E-005   5.9934893547697970E-005
