# No.Blocks      Mean       Error        Error_in_Error
        2220   10034.846391924897        9.0488375787760950E-002   1.3583107693642983E-003
        1110   10034.846391924895       0.12715829171802528        2.7000009311562382E-003
         555   10034.846391924912       0.17752298149465576        5.3331611042133804E-003
         277   10034.854737256410       0.24635881104162419        1.0485727340457156E-002
         138   10034.859589771968       0.33747457920868168        2.0387584923726939E-002
          69   10034.859589771964       0.44327235489361444        3.8010290848521464E-002
          34   10034.879308147976       0.58913149749474947        7.2517074409515728E-002
          17   10034.879308147980       0.72049258847342512       0.12736629877605185     
           8   10035.074668145022       0.71247151585997315       0.19041602215596398     
           4   10035.074668145020       0.58831319868601994       0.24017785762089464     
           2   10035.074668145022       0.82196273541027898       0.58121542409125215     
