# No.Blocks      Mean       Error        Error_in_Error
        2220 -0.68352709630630570        4.2081347258180670E-006   6.3167834180395062E-008
        1110 -0.68352709630630670        5.4639329651729213E-006   1.1601779085280759E-007
         555 -0.68352709630630659        6.3534498455982394E-006   1.9087090194649023E-007
         277 -0.68352757576714818        6.7567916496394641E-006   2.8758815093658864E-007
         138 -0.68352804646739129        6.3484285447691519E-006   3.8352259418229893E-007
          69 -0.68352804646739129        6.6566605425586152E-006   5.7080393241138386E-007
          34 -0.68352783795955863        7.2882647208539601E-006   8.9712337114198414E-007
          17 -0.68352783795955885        7.6357487399381164E-006   1.3498224283617193E-006
           8 -0.68352805834960928        7.7698460136040985E-006   2.0765786950641310E-006
           4 -0.68352805834960928        8.5408470227288296E-006   3.4867861961424194E-006
           2 -0.68352805834960928        4.7378523136748126E-006   3.3501674992598334E-006
