# No.Blocks      Mean       Error        Error_in_Error
        2278   141786.91612229735        1.5838451361359465        2.3470168206081523E-002
        1139   141786.91612229709        2.1111896567991115        4.4252837263578697E-002
         569   141787.01994672822        2.7258427259110181        8.0874503755808277E-002
         284   141787.19928892644        3.3582566126150337       0.14115805413668317     
         142   141787.19928892658        3.7836899767181498       0.22531545923420310     
          71   141787.19928892649        3.8059016351866077       0.32165739600561799     
          35   141786.93706734109        3.8088589092761547       0.46189198811824883     
          17   141786.67645498758        4.6404324850805656       0.82032031945970252     
           8   141787.84198915184        4.8474526415500119        1.2955362130923183     
           4   141787.84198915184        3.3397871513512785        1.3634623950523346     
           2   141787.84198915184        4.5459279893917648        3.2144565080846443     
