# FIXED-NODE: TRIAL WAVE FUNCTION DUMP FILE [ nI | twfn amp. ]
 # Size of Hilbert Space:          441
 # Type of Trial Wave Function |  Slater =           1  |  Jastrow = F  |  Backflow = F
 
         1   1   2   3   4   5   6   7   8   9  10   5.29337311033E-01
         2   1   2   3   4   5   6   7   8   9  12  -3.01125376201E-03
         3   1   2   3   4   5   6   7   8   9  14  -8.72545516004E-03
         4   1   2   3   4   5   6   7   8  10  11   3.01125376201E-03
         5   1   2   3   4   5   6   7   8  10  13   8.72545516004E-03
         6   1   2   3   4   5   6   7   8  11  12   1.71301909580E-05
         7   1   2   3   4   5   6   7   8  11  14   4.96367044760E-05
         8   1   2   3   4   5   6   7   8  12  13  -4.96367044760E-05
         9   1   2   3   4   5   6   7   8  13  14   1.43828077415E-04
        10   1   2   3   4   5   6   7   9  10  12  -1.94346483816E-01
        11   1   2   3   4   5   6   7   9  10  14  -1.95264824802E-01
        12   1   2   3   4   5   6   7   9  12  14  -2.09274798637E-03
        13   1   2   3   4   5   6   7  10  11  12  -1.10558346885E-03
        14   1   2   3   4   5   6   7  10  11  14  -1.11080765708E-03
        15   1   2   3   4   5   6   7  10  12  13   3.20355564345E-03
        16   1   2   3   4   5   6   7  10  13  14  -3.21869333152E-03
        17   1   2   3   4   5   6   7  11  12  14   1.19050652874E-05
        18   1   2   3   4   5   6   7  12  13  14  -3.44963000638E-05
        19   1   2   3   4   5   6   8   9  10  11   1.94346483816E-01
        20   1   2   3   4   5   6   8   9  10  13   1.95264824802E-01
        21   1   2   3   4   5   6   8   9  11  12   1.10558346885E-03
        22   1   2   3   4   5   6   8   9  11  14   3.20355564345E-03
        23   1   2   3   4   5   6   8   9  12  13  -1.11080765708E-03
        24   1   2   3   4   5   6   8   9  13  14   3.21869333152E-03
        25   1   2   3   4   5   6   8  10  11  13  -2.09274798637E-03
        26   1   2   3   4   5   6   8  11  12  13  -1.19050652874E-05
        27   1   2   3   4   5   6   8  11  13  14   3.44963000638E-05
        28   1   2   3   4   5   6   9  10  11  12   7.13544180326E-02
        29   1   2   3   4   5   6   9  10  11  14   7.16915874289E-02
        30   1   2   3   4   5   6   9  10  12  13  -7.16915874289E-02
        31   1   2   3   4   5   6   9  10  13  14   7.20303500441E-02
        32   1   2   3   4   5   6   9  11  12  14  -7.68353569997E-04
        33   1   2   3   4   5   6   9  12  13  14   7.71984253513E-04
        34   1   2   3   4   5   6  10  11  12  13   7.68353569997E-04
        35   1   2   3   4   5   6  10  11  13  14  -7.71984253513E-04
        36   1   2   3   4   5   6  11  12  13  14   8.27373027213E-06
        37   1   2   3   4   5   7   8   9  10  12   9.51773623626E-02
        38   1   2   3   4   5   7   8   9  10  14  -7.01854424617E-02
        39   1   2   3   4   5   7   8   9  12  14   1.96814387250E-03
        40   1   2   3   4   5   7   8  10  11  12   5.41437726944E-04
        41   1   2   3   4   5   7   8  10  11  14  -3.99265597277E-04
        42   1   2   3   4   5   7   8  10  12  13  -1.56887827522E-03
        43   1   2   3   4   5   7   8  10  13  14  -1.15691812824E-03
        44   1   2   3   4   5   7   8  11  12  14  -1.11962268986E-05
        45   1   2   3   4   5   7   8  12  13  14   3.24423590593E-05
        46   1   2   3   4   5   7   9  10  12  14   6.08781664786E-02
        47   1   2   3   4   5   7  10  11  12  14   3.46319074835E-04
        48   1   2   3   4   5   7  10  12  13  14  -1.00349947144E-03
        49   1   2   3   4   5   8   9  10  11  12   3.49444207475E-02
        50   1   2   3   4   5   8   9  10  11  14  -2.57686236606E-02
        51   1   2   3   4   5   8   9  10  12  13  -3.51095428180E-02
        52   1   2   3   4   5   8   9  10  13  14  -2.58903875474E-02
        53   1   2   3   4   5   8   9  11  12  14  -7.22605101308E-04
        54   1   2   3   4   5   8   9  12  13  14   7.26019610634E-04
        55   1   2   3   4   5   8  10  11  12  13   3.76286026473E-04
        56   1   2   3   4   5   8  10  11  13  14   2.77479860805E-04
        57   1   2   3   4   5   8  11  12  13  14   7.78110486493E-06
        58   1   2   3   4   5   9  10  11  12  14  -2.23514521831E-02
        59   1   2   3   4   5   9  10  12  13  14   2.24570689879E-02
        60   1   2   3   4   5  10  11  12  13  14  -2.40683317908E-04
        61   1   2   3   4   6   7   8   9  10  11  -9.51773623626E-02
        62   1   2   3   4   6   7   8   9  10  13   7.01854424617E-02
        63   1   2   3   4   6   7   8   9  11  12  -5.41437726944E-04
        64   1   2   3   4   6   7   8   9  11  14  -1.56887827522E-03
        65   1   2   3   4   6   7   8   9  12  13  -3.99265597277E-04
        66   1   2   3   4   6   7   8   9  13  14   1.15691812824E-03
        67   1   2   3   4   6   7   8  10  11  13   1.96814387250E-03
        68   1   2   3   4   6   7   8  11  12  13   1.11962268986E-05
        69   1   2   3   4   6   7   8  11  13  14  -3.24423590593E-05
        70   1   2   3   4   6   7   9  10  11  12  -3.49444207475E-02
        71   1   2   3   4   6   7   9  10  11  14  -3.51095428180E-02
        72   1   2   3   4   6   7   9  10  12  13  -2.57686236606E-02
        73   1   2   3   4   6   7   9  10  13  14   2.58903875474E-02
        74   1   2   3   4   6   7   9  11  12  14   3.76286026473E-04
        75   1   2   3   4   6   7   9  12  13  14   2.77479860805E-04
        76   1   2   3   4   6   7  10  11  12  13  -7.22605101308E-04
        77   1   2   3   4   6   7  10  11  13  14   7.26019610634E-04
        78   1   2   3   4   6   7  11  12  13  14  -7.78110486493E-06
        79   1   2   3   4   6   8   9  10  11  13   6.08781664786E-02
        80   1   2   3   4   6   8   9  11  12  13   3.46319074835E-04
        81   1   2   3   4   6   8   9  11  13  14  -1.00349947144E-03
        82   1   2   3   4   6   9  10  11  12  13   2.23514521831E-02
        83   1   2   3   4   6   9  10  11  13  14  -2.24570689879E-02
        84   1   2   3   4   6   9  11  12  13  14   2.40683317908E-04
        85   1   2   3   4   7   8   9  10  11  12   1.71133417530E-02
        86   1   2   3   4   7   8   9  10  11  14  -1.26196758674E-02
        87   1   2   3   4   7   8   9  10  12  13   1.26196758674E-02
        88   1   2   3   4   7   8   9  10  13  14   9.30596848336E-03
        89   1   2   3   4   7   8   9  11  12  14  -3.53881615051E-04
        90   1   2   3   4   7   8   9  12  13  14  -2.60958458134E-04
        91   1   2   3   4   7   8  10  11  12  13   3.53881615051E-04
        92   1   2   3   4   7   8  10  11  13  14   2.60958458134E-04
        93   1   2   3   4   7   8  11  12  13  14   7.31781082144E-06
        94   1   2   3   4   7   9  10  11  12  14  -1.09461834451E-02
        95   1   2   3   4   7   9  10  12  13  14  -8.07190606348E-03
        96   1   2   3   4   7  10  11  12  13  14  -2.26352814787E-04
        97   1   2   3   4   8   9  10  11  12  13   1.09461834451E-02
        98   1   2   3   4   8   9  10  11  13  14   8.07190606348E-03
        99   1   2   3   4   8   9  11  12  13  14   2.26352814787E-04
       100   1   2   3   4   9  10  11  12  13  14   7.00149238784E-03
       101   1   2   3   5   6   7   8   9  10  12  -5.35852028827E-01
       102   1   2   3   5   6   7   8   9  10  14  -7.22363358330E-01
       103   1   2   3   5   6   7   8   9  12  14  -4.72351639971E-03
       104   1   2   3   5   6   7   8  10  11  12  -3.04831419220E-03
       105   1   2   3   5   6   7   8  10  11  14  -4.10932563220E-03
       106   1   2   3   5   6   7   8  10  12  13   8.83284203191E-03
       107   1   2   3   5   6   7   8  10  13  14  -1.19072450798E-02
       108   1   2   3   5   6   7   8  11  12  14   2.68707801851E-05
       109   1   2   3   5   6   7   8  12  13  14  -7.78611854566E-05
       110   1   2   3   5   6   7   9  10  12  14   6.75480935402E-02
       111   1   2   3   5   6   7  10  11  12  14   3.84262447686E-04
       112   1   2   3   5   6   7  10  12  13  14  -1.11344477150E-03
       113   1   2   3   5   6   8   9  10  11  12  -1.96738366024E-01
       114   1   2   3   5   6   8   9  10  11  14  -2.65216102857E-01
       115   1   2   3   5   6   8   9  10  12  13   1.97668009317E-01
       116   1   2   3   5   6   8   9  10  13  14  -2.66469322430E-01
       117   1   2   3   5   6   8   9  11  12  14   1.73424163458E-03
       118   1   2   3   5   6   8   9  12  13  14  -1.74243640684E-03
       119   1   2   3   5   6   8  10  11  12  13  -2.11850408227E-03
       120   1   2   3   5   6   8  10  11  13  14   2.85588117834E-03
       121   1   2   3   5   6   8  11  12  13  14  -1.86745374416E-05
       122   1   2   3   5   6   9  10  11  12  14  -2.48003195588E-02
       123   1   2   3   5   6   9  10  12  13  14   2.49175079405E-02
       124   1   2   3   5   6  10  11  12  13  14  -2.67053037436E-04
       125   1   2   3   5   7   8   9  10  12  14  -2.00933598735E-01
       126   1   2   3   5   7   8  10  11  12  14  -1.14305574629E-03
       127   1   2   3   5   7   8  10  12  13  14   3.31213589022E-03
       128   1   2   3   5   8   9  10  11  12  14  -7.37728808846E-02
       129   1   2   3   5   8   9  10  12  13  14   7.41214781881E-02
       130   1   2   3   5   8  10  11  12  13  14  -7.94395889695E-04
       131   1   2   3   6   7   8   9  10  11  12   9.63487395606E-02
       132   1   2   3   6   7   8   9  10  11  14   1.29884362353E-01
       133   1   2   3   6   7   8   9  10  12  13   7.10492363817E-02
       134   1   2   3   6   7   8   9  10  13  14  -9.57789879265E-02
       135   1   2   3   6   7   8   9  11  12  14  -8.49310680791E-04
       136   1   2   3   6   7   8   9  12  13  14  -6.26296468394E-04
       137   1   2   3   6   7   8  10  11  12  13   1.99236642708E-03
       138   1   2   3   6   7   8  10  11  13  14  -2.68583942183E-03
       139   1   2   3   6   7   8  11  12  13  14   1.75626385388E-05
       140   1   2   3   6   7   9  10  11  12  14   1.21454680065E-02
       141   1   2   3   6   7   9  10  12  13  14   8.95627935864E-03
       142   1   2   3   6   7  10  11  12  13  14   2.51152457288E-04
       143   1   2   3   6   8   9  10  11  12  13   6.16274128782E-02
       144   1   2   3   6   8   9  10  11  13  14  -8.30777575467E-02
       145   1   2   3   6   8   9  11  12  13  14   5.43243432406E-04
       146   1   2   3   6   9  10  11  12  13  14  -7.76858913615E-03
       147   1   2   3   7   8   9  10  11  12  14  -3.61288152922E-02
       148   1   2   3   7   8   9  10  12  13  14  -2.66420167985E-02
       149   1   2   3   7   8  10  11  12  13  14  -7.47096837663E-04
       150   1   2   3   8   9  10  11  12  13  14  -2.31090248504E-02
       151   1   2   4   5   6   7   8   9  10  11   5.35852028827E-01
       152   1   2   4   5   6   7   8   9  10  13   7.22363358330E-01
       153   1   2   4   5   6   7   8   9  11  12   3.04831419220E-03
       154   1   2   4   5   6   7   8   9  11  14   8.83284203191E-03
       155   1   2   4   5   6   7   8   9  12  13  -4.10932563220E-03
       156   1   2   4   5   6   7   8   9  13  14   1.19072450798E-02
       157   1   2   4   5   6   7   8  10  11  13  -4.72351639971E-03
       158   1   2   4   5   6   7   8  11  12  13  -2.68707801851E-05
       159   1   2   4   5   6   7   8  11  13  14   7.78611854566E-05
       160   1   2   4   5   6   7   9  10  11  12   1.96738366024E-01
       161   1   2   4   5   6   7   9  10  11  14   1.97668009317E-01
       162   1   2   4   5   6   7   9  10  12  13  -2.65216102857E-01
       163   1   2   4   5   6   7   9  10  13  14   2.66469322430E-01
       164   1   2   4   5   6   7   9  11  12  14  -2.11850408227E-03
       165   1   2   4   5   6   7   9  12  13  14   2.85588117834E-03
       166   1   2   4   5   6   7  10  11  12  13   1.73424163458E-03
       167   1   2   4   5   6   7  10  11  13  14  -1.74243640684E-03
       168   1   2   4   5   6   7  11  12  13  14   1.86745374416E-05
       169   1   2   4   5   6   8   9  10  11  13   6.75480935402E-02
       170   1   2   4   5   6   8   9  11  12  13   3.84262447686E-04
       171   1   2   4   5   6   8   9  11  13  14  -1.11344477150E-03
       172   1   2   4   5   6   9  10  11  12  13   2.48003195588E-02
       173   1   2   4   5   6   9  10  11  13  14  -2.49175079405E-02
       174   1   2   4   5   6   9  11  12  13  14   2.67053037436E-04
       175   1   2   4   5   7   8   9  10  11  12  -9.63487395606E-02
       176   1   2   4   5   7   8   9  10  11  14   7.10492363817E-02
       177   1   2   4   5   7   8   9  10  12  13   1.29884362353E-01
       178   1   2   4   5   7   8   9  10  13  14   9.57789879265E-02
       179   1   2   4   5   7   8   9  11  12  14   1.99236642708E-03
       180   1   2   4   5   7   8   9  12  13  14  -2.68583942183E-03
       181   1   2   4   5   7   8  10  11  12  13  -8.49310680791E-04
       182   1   2   4   5   7   8  10  11  13  14  -6.26296468394E-04
       183   1   2   4   5   7   8  11  12  13  14  -1.75626385388E-05
       184   1   2   4   5   7   9  10  11  12  14   6.16274128782E-02
       185   1   2   4   5   7   9  10  12  13  14  -8.30777575467E-02
       186   1   2   4   5   7  10  11  12  13  14   5.43243432406E-04
       187   1   2   4   5   8   9  10  11  12  13   1.21454680065E-02
       188   1   2   4   5   8   9  10  11  13  14   8.95627935864E-03
       189   1   2   4   5   8   9  11  12  13  14   2.51152457288E-04
       190   1   2   4   5   9  10  11  12  13  14   7.76858913615E-03
       191   1   2   4   6   7   8   9  10  11  13  -2.00933598735E-01
       192   1   2   4   6   7   8   9  11  12  13  -1.14305574629E-03
       193   1   2   4   6   7   8   9  11  13  14   3.31213589022E-03
       194   1   2   4   6   7   9  10  11  12  13  -7.37728808846E-02
       195   1   2   4   6   7   9  10  11  13  14   7.41214781881E-02
       196   1   2   4   6   7   9  11  12  13  14  -7.94395889695E-04
       197   1   2   4   7   8   9  10  11  12  13   3.61288152922E-02
       198   1   2   4   7   8   9  10  11  13  14   2.66420167985E-02
       199   1   2   4   7   8   9  11  12  13  14   7.47096837663E-04
       200   1   2   4   7   9  10  11  12  13  14   2.31090248504E-02
       201   1   2   5   6   7   8   9  10  11  12   5.42446925266E-01
       202   1   2   5   6   7   8   9  10  11  14   7.31253707312E-01
       203   1   2   5   6   7   8   9  10  12  13  -7.31253707312E-01
       204   1   2   5   6   7   8   9  10  13  14   9.85777519516E-01
       205   1   2   5   6   7   8   9  11  12  14  -4.78165017510E-03
       206   1   2   5   6   7   8   9  12  13  14   6.44597518162E-03
       207   1   2   5   6   7   8  10  11  12  13   4.78165017510E-03
       208   1   2   5   6   7   8  10  11  13  14  -6.44597518162E-03
       209   1   2   5   6   7   8  11  12  13  14   4.21500746563E-05
       210   1   2   5   6   7   9  10  11  12  14   6.83794287924E-02
       211   1   2   5   6   7   9  10  12  13  14  -9.21799137930E-02
       212   1   2   5   6   7  10  11  12  13  14   6.02762210327E-04
       213   1   2   5   6   8   9  10  11  12  13  -6.83794287924E-02
       214   1   2   5   6   8   9  10  11  13  14   9.21799137930E-02
       215   1   2   5   6   8   9  11  12  13  14  -6.02762210327E-04
       216   1   2   5   6   9  10  11  12  13  14   8.61973045507E-03
       217   1   2   5   7   8   9  10  11  12  14  -2.03406550601E-01
       218   1   2   5   7   8   9  10  12  13  14   2.74205249012E-01
       219   1   2   5   7   8  10  11  12  13  14  -1.79302144227E-03
       220   1   2   5   8   9  10  11  12  13  14   2.56408933204E-02
       221   1   2   6   7   8   9  10  11  12  13   2.03406550601E-01
       222   1   2   6   7   8   9  10  11  13  14  -2.74205249012E-01
       223   1   2   6   7   8   9  11  12  13  14   1.79302144227E-03
       224   1   2   6   7   9  10  11  12  13  14  -2.56408933204E-02
       225   1   2   7   8   9  10  11  12  13  14   7.62733143101E-02
       226   1   3   4   5   6   7   8   9  10  12   7.32785384155E-01
       227   1   3   4   5   6   7   8   9  10  14   4.90781123462E-01
       228   1   3   4   5   6   7   8   9  12  14   9.28712071597E-03
       229   1   3   4   5   6   7   8  10  11  12   4.16861365860E-03
       230   1   3   4   5   6   7   8  10  11  14   2.79191825995E-03
       231   1   3   4   5   6   7   8  10  12  13  -1.20790389759E-02
       232   1   3   4   5   6   7   8  10  13  14   8.08990523982E-03
       233   1   3   4   5   6   7   8  11  12  14  -5.28318646944E-05
       234   1   3   4   5   6   7   8  12  13  14   1.53086422748E-04
       235   1   3   4   5   6   7   9  10  12  14   9.01232975502E-02
       236   1   3   4   5   6   7  10  11  12  14   5.12686548135E-04
       237   1   3   4   5   6   7  10  12  13  14  -1.48556841783E-03
       238   1   3   4   5   6   8   9  10  11  12   2.69042555350E-01
       239   1   3   4   5   6   8   9  10  11  14   1.80190558421E-01
       240   1   3   4   5   6   8   9  10  12  13  -2.70313855971E-01
       241   1   3   4   5   6   8   9  10  13  14   1.81042008737E-01
       242   1   3   4   5   6   8   9  11  12  14  -3.40977146010E-03
       243   1   3   4   5   6   8   9  12  13  14   3.42588357504E-03
       244   1   3   4   5   6   8  10  11  12  13   2.89708491196E-03
       245   1   3   4   5   6   8  10  11  13  14  -1.94031515721E-03
       246   1   3   4   5   6   8  11  12  13  14   3.67168585559E-05
       247   1   3   4   5   6   9  10  11  12  14  -3.30888180820E-02
       248   1   3   4   5   6   9  10  12  13  14   3.32451719158E-02
       249   1   3   4   5   6  10  11  12  13  14  -3.56304657810E-04
       250   1   3   4   5   7   8   9  10  12  14   1.85405633042E-01
       251   1   3   4   5   7   8  10  11  12  14   1.05472143822E-03
       252   1   3   4   5   7   8  10  12  13  14  -3.05617704214E-03
       253   1   3   4   5   8   9  10  11  12  14   6.80717797714E-02
       254   1   3   4   5   8   9  10  12  13  14  -6.83934377924E-02
       255   1   3   4   5   8  10  11  12  13  14   7.33005698112E-04
       256   1   3   4   6   7   8   9  10  11  12  -1.31758292091E-01
       257   1   3   4   6   7   8   9  10  11  14  -8.82447767328E-02
       258   1   3   4   6   7   8   9  10  12  13  -9.71608563092E-02
       259   1   3   4   6   7   8   9  10  13  14   6.50732332372E-02
       260   1   3   4   6   7   8   9  11  12  14   1.66986840955E-03
       261   1   3   4   6   7   8   9  12  13  14   1.23139000985E-03
       262   1   3   4   6   7   8  10  11  12  13  -2.72458984777E-03
       263   1   3   4   6   7   8  10  11  13  14   1.82478703229E-03
       264   1   3   4   6   7   8  11  12  13  14  -3.45307034841E-05
       265   1   3   4   6   7   9  10  11  12  14   1.62045968978E-02
       266   1   3   4   6   7   9  10  12  13  14   1.19495516051E-02
       267   1   3   4   6   7  10  11  12  13  14   3.35089955207E-04
       268   1   3   4   6   8   9  10  11  12  13  -8.42763766692E-02
       269   1   3   4   6   8   9  10  11  13  14   5.64438861873E-02
       270   1   3   4   6   8   9  11  12  13  14  -1.06809565332E-03
       271   1   3   4   6   9  10  11  12  13  14  -1.03649242128E-02
       272   1   3   4   7   8   9  10  11  12  14   3.33368133179E-02
       273   1   3   4   7   8   9  10  12  13  14   2.45831459803E-02
       274   1   3   4   7   8  10  11  12  13  14   6.89361873787E-04
       275   1   3   4   8   9  10  11  12  13  14   2.13231804355E-02
       276   1   3   5   6   7   8   9  10  12  14   5.03178681654E-01
       277   1   3   5   6   7   8  10  11  12  14   2.86244454436E-03
       278   1   3   5   6   7   8  10  12  13  14  -8.29426328496E-03
       279   1   3   5   6   8   9  10  11  12  14   1.84742328705E-01
       280   1   3   5   6   8   9  10  12  13  14  -1.85615287397E-01
       281   1   3   5   6   8  10  11  12  13  14   1.98932920629E-03
       282   1   3   6   7   8   9  10  11  12  14  -9.04739165721E-02
       283   1   3   6   7   8   9  10  12  13  14  -6.67170397270E-02
       284   1   3   6   7   8  10  11  12  13  14  -1.87088274042E-03
       285   1   3   6   8   9  10  11  12  13  14  -5.78697078625E-02
       286   1   4   5   6   7   8   9  10  11  12   7.41804000229E-01
       287   1   4   5   6   7   8   9  10  11  14   4.96821318346E-01
       288   1   4   5   6   7   8   9  10  12  13  -1.00000000000E+00
       289   1   4   5   6   7   8   9  10  13  14   6.69747424108E-01
       290   1   4   5   6   7   8   9  11  12  14  -9.40142017933E-03
       291   1   4   5   6   7   8   9  12  13  14   1.26737253728E-02
       292   1   4   5   6   7   8  10  11  12  13   6.53897563497E-03
       293   1   4   5   6   7   8  10  11  13  14  -4.37946208783E-03
       294   1   4   5   6   7   8  11  12  13  14   8.28731814170E-05
       295   1   4   5   6   7   9  10  11  12  14  -9.12324728115E-02
       296   1   4   5   6   7   9  10  12  13  14   1.22987302284E-01
       297   1   4   5   6   7  10  11  12  13  14  -8.04210973045E-04
       298   1   4   5   6   8   9  10  11  12  13  -9.35098558936E-02
       299   1   4   5   6   8   9  10  11  13  14   6.26279851134E-02
       300   1   4   5   6   8   9  11  12  13  14  -1.18511823324E-03
       301   1   4   5   6   9  10  11  12  13  14  -1.15005249133E-02
       302   1   4   5   7   8   9  10  11  12  14  -1.87687477438E-01
       303   1   4   5   7   8   9  10  12  13  14   2.53014916852E-01
       304   1   4   5   7   8  10  11  12  13  14  -1.65445837658E-03
       305   1   4   5   8   9  10  11  12  13  14   2.36593884137E-02
       306   1   4   6   7   8   9  10  11  12  13   2.78161394010E-01
       307   1   4   6   7   8   9  10  11  13  14  -1.86297877125E-01
       308   1   4   6   7   8   9  11  12  13  14   3.52534111700E-03
       309   1   4   6   7   9  10  11  12  13  14   3.42103194488E-02
       310   1   4   7   8   9  10  11  12  13  14   7.03789819768E-02
       311   1   5   6   7   8   9  10  11  12  14  -5.09371457116E-01
       312   1   5   6   7   8   9  10  12  13  14   6.86665826768E-01
       313   1   5   6   7   8  10  11  12  13  14  -4.49009111060E-03
       314   1   5   6   8   9  10  11  12  13  14   6.42100225081E-02
       315   1   6   7   8   9  10  11  12  13  14  -1.91003923593E-01
       316   2   3   4   5   6   7   8   9  10  11  -7.32785384155E-01
       317   2   3   4   5   6   7   8   9  10  13  -4.90781123462E-01
       318   2   3   4   5   6   7   8   9  11  12  -4.16861365860E-03
       319   2   3   4   5   6   7   8   9  11  14  -1.20790389759E-02
       320   2   3   4   5   6   7   8   9  12  13   2.79191825995E-03
       321   2   3   4   5   6   7   8   9  13  14  -8.08990523982E-03
       322   2   3   4   5   6   7   8  10  11  13   9.28712071597E-03
       323   2   3   4   5   6   7   8  11  12  13   5.28318646944E-05
       324   2   3   4   5   6   7   8  11  13  14  -1.53086422748E-04
       325   2   3   4   5   6   7   9  10  11  12  -2.69042555350E-01
       326   2   3   4   5   6   7   9  10  11  14  -2.70313855971E-01
       327   2   3   4   5   6   7   9  10  12  13   1.80190558421E-01
       328   2   3   4   5   6   7   9  10  13  14  -1.81042008737E-01
       329   2   3   4   5   6   7   9  11  12  14   2.89708491196E-03
       330   2   3   4   5   6   7   9  12  13  14  -1.94031515721E-03
       331   2   3   4   5   6   7  10  11  12  13  -3.40977146010E-03
       332   2   3   4   5   6   7  10  11  13  14   3.42588357504E-03
       333   2   3   4   5   6   7  11  12  13  14  -3.67168585559E-05
       334   2   3   4   5   6   8   9  10  11  13   9.01232975502E-02
       335   2   3   4   5   6   8   9  11  12  13   5.12686548135E-04
       336   2   3   4   5   6   8   9  11  13  14  -1.48556841783E-03
       337   2   3   4   5   6   9  10  11  12  13   3.30888180820E-02
       338   2   3   4   5   6   9  10  11  13  14  -3.32451719158E-02
       339   2   3   4   5   6   9  11  12  13  14   3.56304657810E-04
       340   2   3   4   5   7   8   9  10  11  12   1.31758292091E-01
       341   2   3   4   5   7   8   9  10  11  14  -9.71608563092E-02
       342   2   3   4   5   7   8   9  10  12  13  -8.82447767328E-02
       343   2   3   4   5   7   8   9  10  13  14  -6.50732332372E-02
       344   2   3   4   5   7   8   9  11  12  14  -2.72458984777E-03
       345   2   3   4   5   7   8   9  12  13  14   1.82478703229E-03
       346   2   3   4   5   7   8  10  11  12  13   1.66986840955E-03
       347   2   3   4   5   7   8  10  11  13  14   1.23139000985E-03
       348   2   3   4   5   7   8  11  12  13  14   3.45307034841E-05
       349   2   3   4   5   7   9  10  11  12  14  -8.42763766692E-02
       350   2   3   4   5   7   9  10  12  13  14   5.64438861873E-02
       351   2   3   4   5   7  10  11  12  13  14  -1.06809565332E-03
       352   2   3   4   5   8   9  10  11  12  13   1.62045968978E-02
       353   2   3   4   5   8   9  10  11  13  14   1.19495516051E-02
       354   2   3   4   5   8   9  11  12  13  14   3.35089955207E-04
       355   2   3   4   5   9  10  11  12  13  14   1.03649242128E-02
       356   2   3   4   6   7   8   9  10  11  13   1.85405633042E-01
       357   2   3   4   6   7   8   9  11  12  13   1.05472143822E-03
       358   2   3   4   6   7   8   9  11  13  14  -3.05617704214E-03
       359   2   3   4   6   7   9  10  11  12  13   6.80717797714E-02
       360   2   3   4   6   7   9  10  11  13  14  -6.83934377924E-02
       361   2   3   4   6   7   9  11  12  13  14   7.33005698112E-04
       362   2   3   4   7   8   9  10  11  12  13  -3.33368133179E-02
       363   2   3   4   7   8   9  10  11  13  14  -2.45831459803E-02
       364   2   3   4   7   8   9  11  12  13  14  -6.89361873787E-04
       365   2   3   4   7   9  10  11  12  13  14  -2.13231804355E-02
       366   2   3   5   6   7   8   9  10  11  12  -7.41804000229E-01
       367   2   3   5   6   7   8   9  10  11  14  -1.00000000000E+00
       368   2   3   5   6   7   8   9  10  12  13   4.96821318346E-01
       369   2   3   5   6   7   8   9  10  13  14  -6.69747424108E-01
       370   2   3   5   6   7   8   9  11  12  14   6.53897563497E-03
       371   2   3   5   6   7   8   9  12  13  14  -4.37946208783E-03
       372   2   3   5   6   7   8  10  11  12  13  -9.40142017933E-03
       373   2   3   5   6   7   8  10  11  13  14   1.26737253728E-02
       374   2   3   5   6   7   8  11  12  13  14  -8.28731814170E-05
       375   2   3   5   6   7   9  10  11  12  14  -9.35098558936E-02
       376   2   3   5   6   7   9  10  12  13  14   6.26279851134E-02
       377   2   3   5   6   7  10  11  12  13  14  -1.18511823324E-03
       378   2   3   5   6   8   9  10  11  12  13  -9.12324728115E-02
       379   2   3   5   6   8   9  10  11  13  14   1.22987302284E-01
       380   2   3   5   6   8   9  11  12  13  14  -8.04210973045E-04
       381   2   3   5   6   9  10  11  12  13  14   1.15005249133E-02
       382   2   3   5   7   8   9  10  11  12  14   2.78161394010E-01
       383   2   3   5   7   8   9  10  12  13  14  -1.86297877125E-01
       384   2   3   5   7   8  10  11  12  13  14   3.52534111700E-03
       385   2   3   5   8   9  10  11  12  13  14   3.42103194488E-02
       386   2   3   6   7   8   9  10  11  12  13  -1.87687477438E-01
       387   2   3   6   7   8   9  10  11  13  14   2.53014916852E-01
       388   2   3   6   7   8   9  11  12  13  14  -1.65445837658E-03
       389   2   3   6   7   9  10  11  12  13  14   2.36593884137E-02
       390   2   3   7   8   9  10  11  12  13  14  -7.03789819768E-02
       391   2   4   5   6   7   8   9  10  11  13   5.03178681654E-01
       392   2   4   5   6   7   8   9  11  12  13   2.86244454436E-03
       393   2   4   5   6   7   8   9  11  13  14  -8.29426328496E-03
       394   2   4   5   6   7   9  10  11  12  13   1.84742328705E-01
       395   2   4   5   6   7   9  10  11  13  14  -1.85615287397E-01
       396   2   4   5   6   7   9  11  12  13  14   1.98932920629E-03
       397   2   4   5   7   8   9  10  11  12  13  -9.04739165721E-02
       398   2   4   5   7   8   9  10  11  13  14  -6.67170397270E-02
       399   2   4   5   7   8   9  11  12  13  14  -1.87088274042E-03
       400   2   4   5   7   9  10  11  12  13  14  -5.78697078625E-02
       401   2   5   6   7   8   9  10  11  12  13   5.09371457116E-01
       402   2   5   6   7   8   9  10  11  13  14  -6.86665826768E-01
       403   2   5   6   7   8   9  11  12  13  14   4.49009111060E-03
       404   2   5   6   7   9  10  11  12  13  14  -6.42100225081E-02
       405   2   5   7   8   9  10  11  12  13  14   1.91003923593E-01
       406   3   4   5   6   7   8   9  10  11  12   1.01442767785E+00
       407   3   4   5   6   7   8   9  10  11  14   6.79410324184E-01
       408   3   4   5   6   7   8   9  10  12  13  -6.79410324184E-01
       409   3   4   5   6   7   8   9  10  13  14   4.55033314535E-01
       410   3   4   5   6   7   8   9  11  12  14  -1.28565777996E-02
       411   3   4   5   6   7   8   9  12  13  14   8.61065986415E-03
       412   3   4   5   6   7   8  10  11  12  13   1.28565777996E-02
       413   3   4   5   6   7   8  10  11  13  14  -8.61065986415E-03
       414   3   4   5   6   7   8  11  12  13  14   1.62940736266E-04
       415   3   4   5   6   7   9  10  11  12  14  -1.24761723461E-01
       416   3   4   5   6   7   9  10  12  13  14   8.35588429152E-02
       417   3   4   5   6   7  10  11  12  13  14  -1.58119582018E-03
       418   3   4   5   6   8   9  10  11  12  13   1.24761723461E-01
       419   3   4   5   6   8   9  10  11  13  14  -8.35588429152E-02
       420   3   4   5   6   8   9  11  12  13  14   1.58119582018E-03
       421   3   4   5   6   9  10  11  12  13  14   1.53441077967E-02
       422   3   4   5   7   8   9  10  11  12  14  -2.56665334563E-01
       423   3   4   5   7   8   9  10  12  13  14   1.71900946682E-01
       424   3   4   5   7   8  10  11  12  13  14  -3.25290596297E-03
       425   3   4   5   8   9  10  11  12  13  14  -3.15665770877E-02
       426   3   4   6   7   8   9  10  11  12  13   2.56665334563E-01
       427   3   4   6   7   8   9  10  11  13  14  -1.71900946682E-01
       428   3   4   6   7   8   9  11  12  13  14   3.25290596297E-03
       429   3   4   6   7   9  10  11  12  13  14   3.15665770877E-02
       430   3   4   7   8   9  10  11  12  13  14   6.49401582832E-02
       431   3   5   6   7   8   9  10  11  12  14  -6.96572820107E-01
       432   3   5   6   7   8   9  10  12  13  14   4.66527851971E-01
       433   3   5   6   7   8  10  11  12  13  14  -8.82817262419E-03
       434   3   5   6   8   9  10  11  12  13  14  -8.56696119893E-02
       435   3   6   7   8   9  10  11  12  13  14  -1.76243314161E-01
       436   4   5   6   7   8   9  10  11  12  13   6.96572820107E-01
       437   4   5   6   7   8   9  10  11  13  14  -4.66527851971E-01
       438   4   5   6   7   8   9  11  12  13  14   8.82817262419E-03
       439   4   5   6   7   9  10  11  12  13  14   8.56696119893E-02
       440   4   5   7   8   9  10  11  12  13  14   1.76243314161E-01
       441   5   6   7   8   9  10  11  12  13  14   4.78312751423E-01
