-3.492016666858134277e-01 -1.233055198296522800e-11 3.383137619191356471e-01 -2.689396347961763856e-01 1.140694761912067064e-11 -1.111646948537437109e-11 2.334061749346238446e-01 3.669500744762057010e-01 -2.076870938464912193e-11 1.510901392728278817e-13 3.600127456318124586e-01 -2.282594876545776807e-01 1.201096486809147268e-12 2.772133541868975204e-01 -1.610413993997916737e-11 3.368019582676569645e-01 8.946518791639115897e-12 3.607607158572020967e-01
2.826897415586652196e-01 3.208051673105003498e-01 7.037468909148246465e-02 2.195309561302085655e-01 -2.548465549729310164e-01 2.416458714609545921e-01 4.490032627113160063e-02 3.373885627904369966e-01 1.483376696808437201e-01 -1.453343564274906241e-01 3.325866002784045317e-01 -5.317127802236196188e-02 -2.470125561895521460e-01 -2.201719466013021820e-01 -2.417092779117095414e-01 9.272917070065951617e-02 3.334364009966409581e-01 -2.838618928019785992e-01
3.492016665713970069e-01 1.226929262602509934e-11 -3.383137618090737431e-01 -2.689396348101576462e-01 -1.924907074290718446e-11 -8.126267321199799725e-12 2.334061749450155876e-01 -3.669500743718141500e-01 -3.185959060845649025e-11 2.992621318753454185e-11 3.600127457123996066e-01 2.282594876416262075e-01 5.508643725633116661e-12 -2.772133541740983698e-01 -3.322701993104318352e-11 3.368019583703404929e-01 2.888064337376941570e-11 3.607607160019498105e-01
2.630874570644285981e-01 -1.592480899221594970e-01 -1.492927735990771942e-01 -3.389201834338266828e-01 2.163989493395378494e-01 2.112140072792250134e-01 2.119415594163675809e-01 3.424792512291767021e-03 3.672776307866913448e-01 -3.612245048777495970e-01 5.581918483865050407e-03 -2.007241150903283089e-01 -2.175509081733403571e-01 3.437946452391580920e-01 2.067410250614861444e-01 -1.375144459446976941e-01 -1.665951188207772105e-01 -2.669691068433820424e-01
1.213158073348449689e-01 -2.360511364850512994e-01 3.228961532164661419e-01 9.501717830721539970e-02 -3.469630538366372807e-01 -1.804584535405967527e-01 2.332147541061894147e-01 -2.623457467741915350e-01 2.052096217407940182e-01 -2.086976615867158213e-01 -2.725922998018635579e-01 -2.338860945807225422e-01 1.741889385651587130e-01 -8.655953485099171507e-02 -3.567878118372255214e-01 3.181762137832349624e-01 -2.191488420716677377e-01 -1.050711631772097698e-01
1.586917542855638685e-01 -2.569123420143329950e-01 2.475258459890376517e-01 -2.043201919318075876e-01 -1.335715817343161027e-01 3.382760152583971780e-01 -3.484772493889713441e-01 -2.399814222021703219e-03 -2.258142795106771461e-01 2.341795634916400692e-01 -1.561553835063852341e-02 3.551460864176060328e-01 -3.336384466849774966e-01 1.934253883866571821e-01 -1.467556841060616013e-01 2.540417198661422127e-01 -2.510777127962918742e-01 -1.484446879044559742e-01
1.586917542967129779e-01 2.569123420198757279e-01 2.475258459775362407e-01 -2.043201919338706596e-01 1.335715817150678053e-01 -3.382760152502957141e-01 -3.484772493780598501e-01 -2.399814210414478056e-03 2.258142795068915076e-01 -2.341795634963510231e-01 -1.561553835786738849e-02 3.551460864255175376e-01 3.336384466913666635e-01 1.934253883902529725e-01 1.467556841217105834e-01 2.540417198779527097e-01 2.510777127920468810e-01 -1.484446878919607193e-01
-2.826897415509405653e-01 3.208051672824435707e-01 -7.037468906360662413e-02 -2.195309561013059074e-01 -2.548465549771030125e-01 2.416458714335185110e-01 -4.490032625792337445e-02 -3.373885627710546120e-01 1.483376696964725516e-01 -1.453343563977132769e-01 -3.325866002969440349e-01 5.317127803374990802e-02 -2.470125562029497901e-01 2.201719466335143871e-01 -2.417092779062796626e-01 -9.272917072294917240e-02 3.334364010198558881e-01 2.838618928320314483e-01
2.630874570513260235e-01 1.592480899290287244e-01 -1.492927735774405018e-01 -3.389201833960970300e-01 -2.163989493464284763e-01 -2.112140072772201171e-01 2.119415593845601908e-01 3.424792544793667931e-03 -3.672776307884181302e-01 3.612245048810363013e-01 5.581918445542902868e-03 -2.007241151107225785e-01 2.175509081703685954e-01 3.437946452538388487e-01 -2.067410250646300740e-01 -1.375144459765748894e-01 1.665951188211613754e-01 -2.669691068760960406e-01
2.630874570309782445e-01 1.592480899142500739e-01 -1.492927735557778302e-01 3.389201833813319520e-01 -2.163989493344144754e-01 2.112140072688009906e-01 -2.119415593688024346e-01 3.424792567720560954e-03 3.672776307774404114e-01 3.612245048960379679e-01 -5.581918428206864881e-03 -2.007241151352859021e-01 2.175509081794501087e-01 3.437946452777044803e-01 2.067410250681133155e-01 1.375144459947205688e-01 -1.665951188220532730e-01 2.669691068904050391e-01
-2.826897415208843301e-01 -3.208051672664820053e-01 -7.037468907856481160e-02 2.195309561381388330e-01 2.548465549467490709e-01 2.416458714584462653e-01 4.490032626256601489e-02 -3.373885627490516570e-01 1.483376696947348861e-01 1.453343563971159491e-01 3.325866003247393010e-01 5.317127803053542379e-02 2.470125561813553139e-01 2.201719465940798481e-01 -2.417092779379567125e-01 9.272917072201497524e-02 3.334364010426967839e-01 -2.838618928443866207e-01
1.586917542931737257e-01 -2.569123420085649978e-01 2.475258459516360976e-01 2.043201919320864479e-01 -1.335715816741135098e-01 -3.382760152395654640e-01 3.484772493517881431e-01 -2.399814171668613032e-03 2.258142794766677675e-01 2.341795635324294134e-01 1.561553838418921862e-02 3.551460864632077774e-01 -3.336384467156078282e-01 1.934253883997991141e-01 1.467556841448068305e-01 -2.540417198879912908e-01 2.510777127878985326e-01 1.484446878807674786e-01
1.586917542833562178e-01 2.569123419978253664e-01 2.475258459625964691e-01 2.043201919190305305e-01 1.335715817141683581e-01 3.382760152256508723e-01 3.484772493547322880e-01 -2.399814213968165782e-03 -2.258142794970045553e-01 -2.341795635054823577e-01 1.561553835287105875e-02 3.551460864479997204e-01 3.336384467202329618e-01 1.934253884092776710e-01 -1.467556841211281327e-01 -2.540417198885709937e-01 -2.510777128115379009e-01 1.484446879085504212e-01
-2.630874570406638302e-01 1.592480899332507638e-01 1.492927735601190520e-01 -3.389201833900086225e-01 -2.163989493440746925e-01 2.112140072758866838e-01 2.119415593847585044e-01 -3.424792555824713366e-03 3.672776307770269644e-01 3.612245048937027803e-01 5.581918448806462429e-03 2.007241151249751221e-01 2.175509081831394909e-01 -3.437946452763636085e-01 2.067410250576516006e-01 -1.375144459842554123e-01 -1.665951188022050666e-01 -2.669691068657798483e-01
-1.213158072986171426e-01 2.360511364251276778e-01 -3.228961531497746007e-01 9.501717829542724592e-02 3.469630537806938086e-01 -1.804584535158004488e-01 2.332147540814064612e-01 2.623457467433443213e-01 2.052096217332385342e-01 2.086976615886898812e-01 -2.725922998487785298e-01 2.338860945849194906e-01 -1.741889385619904695e-01 8.655953484334764914e-02 -3.567878119118086389e-01 3.181762138591855971e-01 -2.191488421318462942e-01 -1.050711632111834826e-01
1.213158073091382821e-01 2.360511364421151448e-01 3.228961531676864949e-01 -9.501717830275460686e-02 3.469630537932821834e-01 -1.804584535284314284e-01 -2.332147540908970640e-01 -2.623457467493334194e-01 2.052096217331098871e-01 2.086976615926869061e-01 2.725922998287212407e-01 -2.338860945929390200e-01 -1.741889385727648787e-01 -8.655953485221826171e-02 -3.567878118856820935e-01 -3.181762138363496417e-01 -2.191488421129709763e-01 1.050711631984813238e-01
2.826897415331392494e-01 -3.208051672849235869e-01 7.037468908288987968e-02 -2.195309561305414103e-01 2.548465549542657804e-01 2.416458714644708627e-01 -4.490032628183326241e-02 3.373885627555828770e-01 1.483376696850333132e-01 1.453343564015993905e-01 -3.325866003199837717e-01 -5.317127802576551016e-02 2.470125561756097432e-01 -2.201719465902619854e-01 -2.417092779215151144e-01 -9.272917073622272133e-02 3.334364010373268017e-01 2.838618928263248464e-01
1.213158073178287888e-01 2.360511364596702133e-01 3.228961531912622474e-01 9.501717830742069382e-02 3.469630538187684632e-01 1.804584535389543998e-01 2.332147541010413938e-01 -2.623457467669207399e-01 -2.052096217356933205e-01 2.086976615908417709e-01 -2.725922998101192318e-01 -2.338860945854782103e-01 -1.741889385659235179e-01 -8.655953484904271855e-02 3.567878118570221857e-01 3.181762138100832082e-01 2.191488420968381590e-01 -1.050711631916317057e-01
