# No.Blocks      Mean       Error        Error_in_Error
        2257  -1.1885698985378812        1.2444610931644142E-005   1.8526644917446772E-007
        1128  -1.1885695855496454        1.6177034705419336E-005   3.4073909167895525E-007
         564  -1.1885695855496452        1.9057506127598180E-005   5.6793269730744312E-007
         282  -1.1885695855496450        2.0140260358181012E-005   8.4956560733473996E-007
         141  -1.1885695855496445        2.1295492656890715E-005   1.2726491036693140E-006
          70  -1.1885680933035718        2.3395251478701967E-005   1.9915360609988321E-006
          35  -1.1885680933035714        2.4083323262840036E-005   2.9205319302524830E-006
          17  -1.1885740326286767        2.8714725105007758E-005   5.0760942104146459E-006
           8  -1.1885922592773437        2.9125564151405895E-005   7.7841344465047261E-006
           4  -1.1885922592773439        2.9341638693192609E-005   1.1978673835904219E-005
           2  -1.1885922592773439        2.6182124178334795E-005   1.8513557552368797E-005
