# Block_length   Mean       Error        Error_in_Error
        1745  -1.1918732475782261        1.2836846931157990E-004   2.1735524494248607E-006
         872  -1.1918798602310903        1.7736905812328123E-004   4.2496560797929505E-006
         436  -1.1918798602310903        2.4133205744154631E-004   8.1819230202416784E-006
         218  -1.1918798602310900        3.1751765655414034E-004   1.5241335245130393E-005
         109  -1.1918798602310912        4.0356064583907890E-004   2.7458823960382739E-005
          54  -1.1919504592832457        4.5082822587928984E-004   4.3788308214816152E-005
          27  -1.1919504592832455        4.7904542822376492E-004   6.6431648259130337E-005
          13  -1.1918514185797100        5.2152693312002279E-004   1.0645623943855537E-004
           6  -1.1917636329579251        6.4610382014147435E-004   2.0431596765828328E-004
           3  -1.1917636329579251        5.2785508366073495E-004   2.6392754183036747E-004
