# No.Blocks      Mean       Error        Error_in_Error
        1745   938.76896538946050        5.8565481525555678E-002   9.9163872954380469E-004
         872   938.76907479710235        8.2082223420889569E-002   1.9666407630188620E-003
         436   938.76907479710212       0.11408545377985845        3.8678591251070423E-003
         218   938.76907479710189       0.15649088138945977        7.5118026882262578E-003
         109   938.76907479710235       0.21159728099997138        1.4397371372506660E-002
          54   938.79681540620891       0.28057523061527545        2.7251875482424609E-002
          27   938.79681540620891       0.36211737682031742        5.0216644994698828E-002
          13   938.95651362345620       0.46322132714561798        9.4554657456800195E-002
           6   939.00514506635147       0.53630002387705811       0.16959295846541891     
           3   939.00514506635170        3.3078709717687415E-003   1.6539354858843708E-003
