# No.Blocks      Mean       Error        Error_in_Error
        2257  -805.33071997950856        7.9715248842357256E-002   1.1867434971815107E-003
        1128  -805.33365879550377       0.11078151765122812        2.3334062383293342E-003
         564  -805.33365879550274       0.15185689428565532        4.5254869655525533E-003
         282  -805.33365879550342       0.20190245853293085        8.5167411818601931E-003
         141  -805.33365879550342       0.25219218907816798        1.5071365971844759E-002
          70  -805.33928601239938       0.30061333072313906        2.5589906101121170E-002
          35  -805.33928601239927       0.34343124409089520        4.1647155721295348E-002
          17  -805.38602527728585       0.41396186379103539        7.3178810259815763E-002
           8  -805.28491526082075       0.51940648314696680       0.13881722174322308     
           4  -805.28491526082075       0.31464764972447445       0.12845436509848909     
           2  -805.28491526082075        9.0158539889535816E-002   6.3751714937768614E-002
