# No.Blocks      Mean       Error        Error_in_Error
        2257   958.14581838850961        4.6943077771951065E-002   6.9885490031798363E-004
        1128   958.14650472067478        6.5553373263882497E-002   1.3807596552255670E-003
         564   958.14650472067342        9.0557334378569318E-002   2.6986989184337052E-003
         282   958.14650472067376       0.12311094055179228        5.1931215942275285E-003
         141   958.14650472067319       0.16420827769938032        9.8133215697913129E-003
          70   958.16561576511242       0.21177643175461944        1.8027607059190424E-002
          35   958.16561576511242       0.25278222130719968        3.0654347021407159E-002
          17   958.21317390720731       0.31872173722970376        5.6342575426670108E-002
           8   958.13946864226330       0.36972398280986046        9.8812890810571152E-002
           4   958.13946864226318       0.44970918360485707       0.18359300541258242     
           2   958.13946864226318       0.55332200904020412       0.39125774477209246     
