# Block_length   Mean       Error        Error_in_Error
        2257  -1.1897544631265144        1.0504333659471546E-004   1.5638099163756040E-006
        1128  -1.1897509737190488        1.4481952968088566E-004   3.0503535350831381E-006
         564  -1.1897509737190486        1.9481529431857376E-004   5.8056901484536061E-006
         282  -1.1897509737190479        2.5254437927767518E-004   1.0652941677234137E-005
         141  -1.1897509737190473        3.0214384769209187E-004   1.8056548544798090E-005
          70  -1.1897663908952283        3.3129001424211176E-004   2.8201278819875648E-005
          35  -1.1897663908952285        3.8348266989970931E-004   4.6504104517363874E-005
          17  -1.1897563948633261        4.7423532207480426E-004   8.3833753029320115E-005
           8  -1.1898142514341461        6.6200687754575148E-004   1.7692878024744380E-004
           4  -1.1898142514341461        4.7462949167795487E-004   1.9376667858125740E-004
           2  -1.1898142514341461        6.3114128866436291E-004   4.4628428510138724E-004
