Run started: Wed Feb  4 23:12:30 CET 2026
Using VDAGGER_ARCH = gnu7_fkfamd_cluster
Running 1x128 MPI processes.

                               xx
                              +##
                               #X
                               Xx
                          X##XxXxxX##x
                           +   Xx  ++
                               ##
                              +##
                              +##
     ++++         ++          +##
   xX+++##+      ####         +##
  Xx    ###      +X##          ##
 xX    X##+        ##          #X
 +    x##X         #x          #X
      ###         +#           x+
     X##+         #+
     ###         Xx                    _______
     ##X       +X+   __________________VDAGGER
     +##x    +xX     2nd quantized variational
       +xxxxx+       ______quantum Monte Carlo

* Running 512 MPI processes.
* Input file: "input.dump.casl"

############# Start of input file dump #############
General:
  Random seed: timer

Plan:
  VMC-optimization:
    Maximum cycles: 0

System:
  Hubbard model:
    Primitive cell:
      a_1: [ 1.0, 1.0 ]
      a_2: [ -1.0, 1.0 ]
    Simulation cell:
      a_1: [ 10.0, 0.0 ]
      a_2: [ 0.0, 10.0 ]
    U: 10.0
    Dump Hamiltonian: FCIDUMP.new
    Dump orbitals: LTSC.new
  netot: 50

VMC:
  nstep: 40000000
  nconfig: 1000000

Jastrow: wfn.casl

Backflow: wfn.casl

Jastrow dump: jastrow.dat

Backflow dump: backflow.dat
############## End of input file dump ##############

General setup:
* Random seed: 726635232 (from timer)

Hubbard system:
* Dimensionality        : 2
* Simulation cell:
  > a_1 =   1.000000000000E+01   0.000000000000E+00
  > a_2 =   0.000000000000E+00   1.000000000000E+01
* Primitive cell:
  > a_1 =   1.000000000000E+00   1.000000000000E+00
  > a_2 =  -1.000000000000E+00   1.000000000000E+00
* Prim.cells in sim.cell: 50
* Number of sublattices : 1
* # real-space shells   : 11
  > Shell #1: 4 sites, rij =  1.4142E+00
  > Shell #2: 4 sites, rij =  2.0000E+00
  > Shell #3: 4 sites, rij =  2.8284E+00
  > Shell #4: 8 sites, rij =  3.1623E+00
  > Shell #5: 4 sites, rij =  4.0000E+00
  > Shell #6: 4 sites, rij =  4.2426E+00
  > Shell #7: 8 sites, rij =  4.4721E+00
  > Shell #8: 4 sites, rij =  5.0990E+00
  > Shell #9: 4 sites, rij =  5.6569E+00
  > Shell #10: 4 sites, rij =  5.8310E+00
  > Shell #11: 1 sites, rij =  7.0711E+00
* Site labels:
  +-----------------------------+
  |   10    19    28    37    46|
  |45     9    18    27    36   |
  |   44     8    17    26    35|
  |34    43     7    16    25   |
  |   33    42     6    15    24|
  |23    32    41     5    14   |
  |   22    31    50     4    13|
  |12    21    40    49     3   |
  |   11    30    39    48     2|
  | 1    20    29    38    47   |
  +-----------------------------+
* Shell diagram:
  +-----------------------------+
  |   10     8     8    10    11|
  | 9     7     5     7     9   |
  |    6     4     4     6    10|
  | 7     3     2     3     7   |
  |    4     1     1     4     8|
  | 5     2     0     2     5   |
  |    4     1     1     4     8|
  | 7     3     2     3     7   |
  |    6     4     4     6    10|
  | 9     7     5     7     9   |
  +-----------------------------+
* Hop multiplicity diagram:
  +-------------------+
  |  -   -   -   -   -|
  |-   -   -   -   -  |
  |  -   -   -   -   -|
  |-   -   -   -   -  |
  |  -   1   1   -   -|
  |-   -   0   -   -  |
  |  -   1   1   -   -|
  |-   -   -   -   -  |
  |  -   -   -   -   -|
  |-   -   -   -   -  |
  +-------------------+
* Reciprocal lattice of the simulation cell:
  > b_1 =   6.283185307180E-01  -0.000000000000E+00
  > b_2 =  -0.000000000000E+00   6.283185307180E-01
* k-vector offset:
  > Fractional:   0.000000000000E+00   0.000000000000E+00
  > Absolute  :   0.000000000000E+00   0.000000000000E+00
* G-vector occupation diagram:
  +----------0----------+
  |          -          |
  |        - - -        |
  |      - - - - -      |
  |    - 2 2 2 2 2 -    |
  |  - - 2 2 2 2 2 - -  |
  0- - - 2 2 2 2 2 - - -0
  |  - - 2 2 2 2 2 - -  |
  |    - 2 2 2 2 2 -    |
  |      - - - - -      |
  |        - - -        |
  |          -          |
  +----------0----------+
* G-vectors and non-interacting energy levels:
  > G_1 = [   0.0000E+00,  0.0000E+00,  0.0000E+00 ], e =  -4.0000E+00
  > G_2 = [   6.2832E-01,  0.0000E+00,  0.0000E+00 ], e =  -3.2361E+00
  > G_3 = [  -6.2832E-01,  0.0000E+00,  0.0000E+00 ], e =  -3.2361E+00
  > G_4 = [   0.0000E+00, -6.2832E-01,  0.0000E+00 ], e =  -3.2361E+00
  > G_5 = [   0.0000E+00,  6.2832E-01,  0.0000E+00 ], e =  -3.2361E+00
  > G_6 = [   6.2832E-01,  6.2832E-01,  0.0000E+00 ], e =  -2.6180E+00
  > G_7 = [  -6.2832E-01, -6.2832E-01,  0.0000E+00 ], e =  -2.6180E+00
  > G_8 = [  -6.2832E-01,  6.2832E-01,  0.0000E+00 ], e =  -2.6180E+00
  > G_9 = [   6.2832E-01, -6.2832E-01,  0.0000E+00 ], e =  -2.6180E+00
  > G_10 = [   1.2566E+00,  0.0000E+00,  0.0000E+00 ], e =  -1.2361E+00
  > G_11 = [  -1.2566E+00,  0.0000E+00,  0.0000E+00 ], e =  -1.2361E+00
  > G_12 = [   0.0000E+00, -1.2566E+00,  0.0000E+00 ], e =  -1.2361E+00
  > G_13 = [   0.0000E+00,  1.2566E+00,  0.0000E+00 ], e =  -1.2361E+00
  > G_14 = [  -1.2566E+00,  6.2832E-01,  0.0000E+00 ], e =  -1.0000E+00
  > G_15 = [   1.2566E+00, -6.2832E-01,  0.0000E+00 ], e =  -1.0000E+00
  > G_16 = [  -6.2832E-01,  1.2566E+00,  0.0000E+00 ], e =  -1.0000E+00
  > G_17 = [   6.2832E-01, -1.2566E+00,  0.0000E+00 ], e =  -1.0000E+00
  > G_18 = [  -6.2832E-01, -1.2566E+00,  0.0000E+00 ], e =  -1.0000E+00
  > G_19 = [   6.2832E-01,  1.2566E+00,  0.0000E+00 ], e =  -1.0000E+00
  > G_20 = [   1.2566E+00,  6.2832E-01,  0.0000E+00 ], e =  -1.0000E+00
  > G_21 = [  -1.2566E+00, -6.2832E-01,  0.0000E+00 ], e =  -1.0000E+00
  > G_22 = [  -1.2566E+00,  1.2566E+00,  0.0000E+00 ], e =  -3.8197E-01
  > G_23 = [   1.2566E+00, -1.2566E+00,  0.0000E+00 ], e =  -3.8197E-01
  > G_24 = [   1.2566E+00,  1.2566E+00,  0.0000E+00 ], e =  -3.8197E-01
  > G_25 = [  -1.2566E+00, -1.2566E+00,  0.0000E+00 ], e =  -3.8197E-01 = e_F
  > G_26 = [   1.8850E+00, -1.2566E+00,  0.0000E+00 ], e =   3.8197E-01
  > G_27 = [  -1.8850E+00,  1.2566E+00,  0.0000E+00 ], e =   3.8197E-01
  > G_28 = [   1.2566E+00, -1.8850E+00,  0.0000E+00 ], e =   3.8197E-01
  > G_29 = [  -1.2566E+00,  1.8850E+00,  0.0000E+00 ], e =   3.8197E-01
  > ...
* U/t                   :  1.00000000000E+01
* Hartree-Fock Etot/t   :  4.12229123600E+01
  > Ttot/t              : -8.37770876400E+01
  > Utot/t              :  1.25000000000E+02
* Writing Hamiltonian to "FCIDUMP.new".
* Writing orbitals to "LTSC.new".
* Analysis of Hamiltonian connecitivity performed:
  - U_iiii [opp] (local, 1-site): 50 (i) values
  - T_ji (single, 2-site): 200 contribs. from 50 (i) values
  - Max. no. wfn. ratios in Eloc: 4
* Site labels:
  +-----------------------------+
  |   10    19    28    37    46|
  |45     9    18    27    36   |
  |   44     8    17    26    35|
  |34    43     7    16    25   |
  |   33    42     6    15    24|
  |23    32    41     5    14   |
  |   22    31    50     4    13|
  |12    21    40    49     3   |
  |   11    30    39    48     2|
  | 1    20    29    38    47   |
  +-----------------------------+
* Model system Site kinds:
  [ 1, 1, 1, 1, 1, 1, 1, 1, 1, 1, 1, 1, 1, 1, 1, 1, 1, 1, 1, 1, 1, 1, 1, 1, 1, 1, 1, 1, 1, 1, 1, 1, 1, 1, 1, 1, 1, 1, 1, 1, 1, 1, 1, 1, 1, 1, 1, 1, 1, 1 ]
  +-------------------+
  |  1   1   1   1   1|
  |1   1   1   1   1  |
  |  1   1   1   1   1|
  |1   1   1   1   1  |
  |  1   1   1   1   1|
  |1   1   1   1   1  |
  |  1   1   1   1   1|
  |1   1   1   1   1  |
  |  1   1   1   1   1|
  |1   1   1   1   1  |
  +-------------------+
* Maximum Site kind: 1
* Model system Site pair kinds:
  Site 1: [ 0, 1, 3, 6, 9, 11, 9, 6, 3, 1, 1, 2, 4, 7, 10, 9, 10, 7, 4, 2, 3, 4, 5, 8, 7, 6, 7, 8, 5, 4, 6, 7, 8, 5, 4, 3, 4, 5, 8, 7, 9, 10, 7, 4, 2, 1, 2, 4, 7, 10 ]
  Site 2: [ 1, 0, 1, 3, 6, 9, 11, 9, 6, 3, 2, 1, 2, 4, 7, 10, 9, 10, 7, 4, 4, 3, 4, 5, 8, 7, 6, 7, 8, 5, 7, 6, 7, 8, 5, 4, 3, 4, 5, 8, 10, 9, 10, 7, 4, 2, 1, 2, 4, 7 ]
  Site 3: [ 3, 1, 0, 1, 3, 6, 9, 11, 9, 6, 4, 2, 1, 2, 4, 7, 10, 9, 10, 7, 5, 4, 3, 4, 5, 8, 7, 6, 7, 8, 8, 7, 6, 7, 8, 5, 4, 3, 4, 5, 7, 10, 9, 10, 7, 4, 2, 1, 2, 4 ]
  Site 4: [ 6, 3, 1, 0, 1, 3, 6, 9, 11, 9, 7, 4, 2, 1, 2, 4, 7, 10, 9, 10, 8, 5, 4, 3, 4, 5, 8, 7, 6, 7, 5, 8, 7, 6, 7, 8, 5, 4, 3, 4, 4, 7, 10, 9, 10, 7, 4, 2, 1, 2 ]
  Site 5: [ 9, 6, 3, 1, 0, 1, 3, 6, 9, 11, 10, 7, 4, 2, 1, 2, 4, 7, 10, 9, 7, 8, 5, 4, 3, 4, 5, 8, 7, 6, 4, 5, 8, 7, 6, 7, 8, 5, 4, 3, 2, 4, 7, 10, 9, 10, 7, 4, 2, 1 ]
  Site 6: [ 11, 9, 6, 3, 1, 0, 1, 3, 6, 9, 9, 10, 7, 4, 2, 1, 2, 4, 7, 10, 6, 7, 8, 5, 4, 3, 4, 5, 8, 7, 3, 4, 5, 8, 7, 6, 7, 8, 5, 4, 1, 2, 4, 7, 10, 9, 10, 7, 4, 2 ]
  Site 7: [ 9, 11, 9, 6, 3, 1, 0, 1, 3, 6, 10, 9, 10, 7, 4, 2, 1, 2, 4, 7, 7, 6, 7, 8, 5, 4, 3, 4, 5, 8, 4, 3, 4, 5, 8, 7, 6, 7, 8, 5, 2, 1, 2, 4, 7, 10, 9, 10, 7, 4 ]
  Site 8: [ 6, 9, 11, 9, 6, 3, 1, 0, 1, 3, 7, 10, 9, 10, 7, 4, 2, 1, 2, 4, 8, 7, 6, 7, 8, 5, 4, 3, 4, 5, 5, 4, 3, 4, 5, 8, 7, 6, 7, 8, 4, 2, 1, 2, 4, 7, 10, 9, 10, 7 ]
  Site 9: [ 3, 6, 9, 11, 9, 6, 3, 1, 0, 1, 4, 7, 10, 9, 10, 7, 4, 2, 1, 2, 5, 8, 7, 6, 7, 8, 5, 4, 3, 4, 8, 5, 4, 3, 4, 5, 8, 7, 6, 7, 7, 4, 2, 1, 2, 4, 7, 10, 9, 10 ]
  Site 10: [ 1, 3, 6, 9, 11, 9, 6, 3, 1, 0, 2, 4, 7, 10, 9, 10, 7, 4, 2, 1, 4, 5, 8, 7, 6, 7, 8, 5, 4, 3, 7, 8, 5, 4, 3, 4, 5, 8, 7, 6, 10, 7, 4, 2, 1, 2, 4, 7, 10, 9 ]
  Site 11: [ 1, 2, 4, 7, 10, 9, 10, 7, 4, 2, 0, 1, 3, 6, 9, 11, 9, 6, 3, 1, 1, 2, 4, 7, 10, 9, 10, 7, 4, 2, 3, 4, 5, 8, 7, 6, 7, 8, 5, 4, 6, 7, 8, 5, 4, 3, 4, 5, 8, 7 ]
  Site 12: [ 2, 1, 2, 4, 7, 10, 9, 10, 7, 4, 1, 0, 1, 3, 6, 9, 11, 9, 6, 3, 2, 1, 2, 4, 7, 10, 9, 10, 7, 4, 4, 3, 4, 5, 8, 7, 6, 7, 8, 5, 7, 6, 7, 8, 5, 4, 3, 4, 5, 8 ]
  Site 13: [ 4, 2, 1, 2, 4, 7, 10, 9, 10, 7, 3, 1, 0, 1, 3, 6, 9, 11, 9, 6, 4, 2, 1, 2, 4, 7, 10, 9, 10, 7, 5, 4, 3, 4, 5, 8, 7, 6, 7, 8, 8, 7, 6, 7, 8, 5, 4, 3, 4, 5 ]
  Site 14: [ 7, 4, 2, 1, 2, 4, 7, 10, 9, 10, 6, 3, 1, 0, 1, 3, 6, 9, 11, 9, 7, 4, 2, 1, 2, 4, 7, 10, 9, 10, 8, 5, 4, 3, 4, 5, 8, 7, 6, 7, 5, 8, 7, 6, 7, 8, 5, 4, 3, 4 ]
  Site 15: [ 10, 7, 4, 2, 1, 2, 4, 7, 10, 9, 9, 6, 3, 1, 0, 1, 3, 6, 9, 11, 10, 7, 4, 2, 1, 2, 4, 7, 10, 9, 7, 8, 5, 4, 3, 4, 5, 8, 7, 6, 4, 5, 8, 7, 6, 7, 8, 5, 4, 3 ]
  Site 16: [ 9, 10, 7, 4, 2, 1, 2, 4, 7, 10, 11, 9, 6, 3, 1, 0, 1, 3, 6, 9, 9, 10, 7, 4, 2, 1, 2, 4, 7, 10, 6, 7, 8, 5, 4, 3, 4, 5, 8, 7, 3, 4, 5, 8, 7, 6, 7, 8, 5, 4 ]
  Site 17: [ 10, 9, 10, 7, 4, 2, 1, 2, 4, 7, 9, 11, 9, 6, 3, 1, 0, 1, 3, 6, 10, 9, 10, 7, 4, 2, 1, 2, 4, 7, 7, 6, 7, 8, 5, 4, 3, 4, 5, 8, 4, 3, 4, 5, 8, 7, 6, 7, 8, 5 ]
  Site 18: [ 7, 10, 9, 10, 7, 4, 2, 1, 2, 4, 6, 9, 11, 9, 6, 3, 1, 0, 1, 3, 7, 10, 9, 10, 7, 4, 2, 1, 2, 4, 8, 7, 6, 7, 8, 5, 4, 3, 4, 5, 5, 4, 3, 4, 5, 8, 7, 6, 7, 8 ]
  Site 19: [ 4, 7, 10, 9, 10, 7, 4, 2, 1, 2, 3, 6, 9, 11, 9, 6, 3, 1, 0, 1, 4, 7, 10, 9, 10, 7, 4, 2, 1, 2, 5, 8, 7, 6, 7, 8, 5, 4, 3, 4, 8, 5, 4, 3, 4, 5, 8, 7, 6, 7 ]
  Site 20: [ 2, 4, 7, 10, 9, 10, 7, 4, 2, 1, 1, 3, 6, 9, 11, 9, 6, 3, 1, 0, 2, 4, 7, 10, 9, 10, 7, 4, 2, 1, 4, 5, 8, 7, 6, 7, 8, 5, 4, 3, 7, 8, 5, 4, 3, 4, 5, 8, 7, 6 ]
  Site 21: [ 3, 4, 5, 8, 7, 6, 7, 8, 5, 4, 1, 2, 4, 7, 10, 9, 10, 7, 4, 2, 0, 1, 3, 6, 9, 11, 9, 6, 3, 1, 1, 2, 4, 7, 10, 9, 10, 7, 4, 2, 3, 4, 5, 8, 7, 6, 7, 8, 5, 4 ]
  Site 22: [ 4, 3, 4, 5, 8, 7, 6, 7, 8, 5, 2, 1, 2, 4, 7, 10, 9, 10, 7, 4, 1, 0, 1, 3, 6, 9, 11, 9, 6, 3, 2, 1, 2, 4, 7, 10, 9, 10, 7, 4, 4, 3, 4, 5, 8, 7, 6, 7, 8, 5 ]
  Site 23: [ 5, 4, 3, 4, 5, 8, 7, 6, 7, 8, 4, 2, 1, 2, 4, 7, 10, 9, 10, 7, 3, 1, 0, 1, 3, 6, 9, 11, 9, 6, 4, 2, 1, 2, 4, 7, 10, 9, 10, 7, 5, 4, 3, 4, 5, 8, 7, 6, 7, 8 ]
  Site 24: [ 8, 5, 4, 3, 4, 5, 8, 7, 6, 7, 7, 4, 2, 1, 2, 4, 7, 10, 9, 10, 6, 3, 1, 0, 1, 3, 6, 9, 11, 9, 7, 4, 2, 1, 2, 4, 7, 10, 9, 10, 8, 5, 4, 3, 4, 5, 8, 7, 6, 7 ]
  Site 25: [ 7, 8, 5, 4, 3, 4, 5, 8, 7, 6, 10, 7, 4, 2, 1, 2, 4, 7, 10, 9, 9, 6, 3, 1, 0, 1, 3, 6, 9, 11, 10, 7, 4, 2, 1, 2, 4, 7, 10, 9, 7, 8, 5, 4, 3, 4, 5, 8, 7, 6 ]
  Site 26: [ 6, 7, 8, 5, 4, 3, 4, 5, 8, 7, 9, 10, 7, 4, 2, 1, 2, 4, 7, 10, 11, 9, 6, 3, 1, 0, 1, 3, 6, 9, 9, 10, 7, 4, 2, 1, 2, 4, 7, 10, 6, 7, 8, 5, 4, 3, 4, 5, 8, 7 ]
  Site 27: [ 7, 6, 7, 8, 5, 4, 3, 4, 5, 8, 10, 9, 10, 7, 4, 2, 1, 2, 4, 7, 9, 11, 9, 6, 3, 1, 0, 1, 3, 6, 10, 9, 10, 7, 4, 2, 1, 2, 4, 7, 7, 6, 7, 8, 5, 4, 3, 4, 5, 8 ]
  Site 28: [ 8, 7, 6, 7, 8, 5, 4, 3, 4, 5, 7, 10, 9, 10, 7, 4, 2, 1, 2, 4, 6, 9, 11, 9, 6, 3, 1, 0, 1, 3, 7, 10, 9, 10, 7, 4, 2, 1, 2, 4, 8, 7, 6, 7, 8, 5, 4, 3, 4, 5 ]
  Site 29: [ 5, 8, 7, 6, 7, 8, 5, 4, 3, 4, 4, 7, 10, 9, 10, 7, 4, 2, 1, 2, 3, 6, 9, 11, 9, 6, 3, 1, 0, 1, 4, 7, 10, 9, 10, 7, 4, 2, 1, 2, 5, 8, 7, 6, 7, 8, 5, 4, 3, 4 ]
  Site 30: [ 4, 5, 8, 7, 6, 7, 8, 5, 4, 3, 2, 4, 7, 10, 9, 10, 7, 4, 2, 1, 1, 3, 6, 9, 11, 9, 6, 3, 1, 0, 2, 4, 7, 10, 9, 10, 7, 4, 2, 1, 4, 5, 8, 7, 6, 7, 8, 5, 4, 3 ]
  Site 31: [ 6, 7, 8, 5, 4, 3, 4, 5, 8, 7, 3, 4, 5, 8, 7, 6, 7, 8, 5, 4, 1, 2, 4, 7, 10, 9, 10, 7, 4, 2, 0, 1, 3, 6, 9, 11, 9, 6, 3, 1, 1, 2, 4, 7, 10, 9, 10, 7, 4, 2 ]
  Site 32: [ 7, 6, 7, 8, 5, 4, 3, 4, 5, 8, 4, 3, 4, 5, 8, 7, 6, 7, 8, 5, 2, 1, 2, 4, 7, 10, 9, 10, 7, 4, 1, 0, 1, 3, 6, 9, 11, 9, 6, 3, 2, 1, 2, 4, 7, 10, 9, 10, 7, 4 ]
  Site 33: [ 8, 7, 6, 7, 8, 5, 4, 3, 4, 5, 5, 4, 3, 4, 5, 8, 7, 6, 7, 8, 4, 2, 1, 2, 4, 7, 10, 9, 10, 7, 3, 1, 0, 1, 3, 6, 9, 11, 9, 6, 4, 2, 1, 2, 4, 7, 10, 9, 10, 7 ]
  Site 34: [ 5, 8, 7, 6, 7, 8, 5, 4, 3, 4, 8, 5, 4, 3, 4, 5, 8, 7, 6, 7, 7, 4, 2, 1, 2, 4, 7, 10, 9, 10, 6, 3, 1, 0, 1, 3, 6, 9, 11, 9, 7, 4, 2, 1, 2, 4, 7, 10, 9, 10 ]
  Site 35: [ 4, 5, 8, 7, 6, 7, 8, 5, 4, 3, 7, 8, 5, 4, 3, 4, 5, 8, 7, 6, 10, 7, 4, 2, 1, 2, 4, 7, 10, 9, 9, 6, 3, 1, 0, 1, 3, 6, 9, 11, 10, 7, 4, 2, 1, 2, 4, 7, 10, 9 ]
  Site 36: [ 3, 4, 5, 8, 7, 6, 7, 8, 5, 4, 6, 7, 8, 5, 4, 3, 4, 5, 8, 7, 9, 10, 7, 4, 2, 1, 2, 4, 7, 10, 11, 9, 6, 3, 1, 0, 1, 3, 6, 9, 9, 10, 7, 4, 2, 1, 2, 4, 7, 10 ]
  Site 37: [ 4, 3, 4, 5, 8, 7, 6, 7, 8, 5, 7, 6, 7, 8, 5, 4, 3, 4, 5, 8, 10, 9, 10, 7, 4, 2, 1, 2, 4, 7, 9, 11, 9, 6, 3, 1, 0, 1, 3, 6, 10, 9, 10, 7, 4, 2, 1, 2, 4, 7 ]
  Site 38: [ 5, 4, 3, 4, 5, 8, 7, 6, 7, 8, 8, 7, 6, 7, 8, 5, 4, 3, 4, 5, 7, 10, 9, 10, 7, 4, 2, 1, 2, 4, 6, 9, 11, 9, 6, 3, 1, 0, 1, 3, 7, 10, 9, 10, 7, 4, 2, 1, 2, 4 ]
  Site 39: [ 8, 5, 4, 3, 4, 5, 8, 7, 6, 7, 5, 8, 7, 6, 7, 8, 5, 4, 3, 4, 4, 7, 10, 9, 10, 7, 4, 2, 1, 2, 3, 6, 9, 11, 9, 6, 3, 1, 0, 1, 4, 7, 10, 9, 10, 7, 4, 2, 1, 2 ]
  Site 40: [ 7, 8, 5, 4, 3, 4, 5, 8, 7, 6, 4, 5, 8, 7, 6, 7, 8, 5, 4, 3, 2, 4, 7, 10, 9, 10, 7, 4, 2, 1, 1, 3, 6, 9, 11, 9, 6, 3, 1, 0, 2, 4, 7, 10, 9, 10, 7, 4, 2, 1 ]
  Site 41: [ 9, 10, 7, 4, 2, 1, 2, 4, 7, 10, 6, 7, 8, 5, 4, 3, 4, 5, 8, 7, 3, 4, 5, 8, 7, 6, 7, 8, 5, 4, 1, 2, 4, 7, 10, 9, 10, 7, 4, 2, 0, 1, 3, 6, 9, 11, 9, 6, 3, 1 ]
  Site 42: [ 10, 9, 10, 7, 4, 2, 1, 2, 4, 7, 7, 6, 7, 8, 5, 4, 3, 4, 5, 8, 4, 3, 4, 5, 8, 7, 6, 7, 8, 5, 2, 1, 2, 4, 7, 10, 9, 10, 7, 4, 1, 0, 1, 3, 6, 9, 11, 9, 6, 3 ]
  Site 43: [ 7, 10, 9, 10, 7, 4, 2, 1, 2, 4, 8, 7, 6, 7, 8, 5, 4, 3, 4, 5, 5, 4, 3, 4, 5, 8, 7, 6, 7, 8, 4, 2, 1, 2, 4, 7, 10, 9, 10, 7, 3, 1, 0, 1, 3, 6, 9, 11, 9, 6 ]
  Site 44: [ 4, 7, 10, 9, 10, 7, 4, 2, 1, 2, 5, 8, 7, 6, 7, 8, 5, 4, 3, 4, 8, 5, 4, 3, 4, 5, 8, 7, 6, 7, 7, 4, 2, 1, 2, 4, 7, 10, 9, 10, 6, 3, 1, 0, 1, 3, 6, 9, 11, 9 ]
  Site 45: [ 2, 4, 7, 10, 9, 10, 7, 4, 2, 1, 4, 5, 8, 7, 6, 7, 8, 5, 4, 3, 7, 8, 5, 4, 3, 4, 5, 8, 7, 6, 10, 7, 4, 2, 1, 2, 4, 7, 10, 9, 9, 6, 3, 1, 0, 1, 3, 6, 9, 11 ]
  Site 46: [ 1, 2, 4, 7, 10, 9, 10, 7, 4, 2, 3, 4, 5, 8, 7, 6, 7, 8, 5, 4, 6, 7, 8, 5, 4, 3, 4, 5, 8, 7, 9, 10, 7, 4, 2, 1, 2, 4, 7, 10, 11, 9, 6, 3, 1, 0, 1, 3, 6, 9 ]
  Site 47: [ 2, 1, 2, 4, 7, 10, 9, 10, 7, 4, 4, 3, 4, 5, 8, 7, 6, 7, 8, 5, 7, 6, 7, 8, 5, 4, 3, 4, 5, 8, 10, 9, 10, 7, 4, 2, 1, 2, 4, 7, 9, 11, 9, 6, 3, 1, 0, 1, 3, 6 ]
  Site 48: [ 4, 2, 1, 2, 4, 7, 10, 9, 10, 7, 5, 4, 3, 4, 5, 8, 7, 6, 7, 8, 8, 7, 6, 7, 8, 5, 4, 3, 4, 5, 7, 10, 9, 10, 7, 4, 2, 1, 2, 4, 6, 9, 11, 9, 6, 3, 1, 0, 1, 3 ]
  Site 49: [ 7, 4, 2, 1, 2, 4, 7, 10, 9, 10, 8, 5, 4, 3, 4, 5, 8, 7, 6, 7, 5, 8, 7, 6, 7, 8, 5, 4, 3, 4, 4, 7, 10, 9, 10, 7, 4, 2, 1, 2, 3, 6, 9, 11, 9, 6, 3, 1, 0, 1 ]
  Site 50: [ 10, 7, 4, 2, 1, 2, 4, 7, 10, 9, 7, 8, 5, 4, 3, 4, 5, 8, 7, 6, 4, 5, 8, 7, 6, 7, 8, 5, 4, 3, 2, 4, 7, 10, 9, 10, 7, 4, 2, 1, 1, 3, 6, 9, 11, 9, 6, 3, 1, 0 ]
  For site 1 of kind 1:
  +-----------------------------+
  |    1     4     8     4     1|
  | 2     3     7     7     3   |
  |    4     6    10     6     4|
  | 5     7     9     9     7   |
  |    8    10    11    10     8|
  | 5     7     9     9     7   |
  |    4     6    10     6     4|
  | 2     3     7     7     3   |
  |    1     4     8     4     1|
  | 0     2     5     5     2   |
  +-----------------------------+
* Maximum (unsigned) Site pair kind: 11

General system setup:
* Number of sites       : 50
* Number of electrons   : 50
* Spin imbalance MS2    : 0
* Filling               : 0.500000
* Number of orbitals in pool: 53
* Using real-valued orbitals
* Using double-precision arithmetic for orbitals

Trial wave function setup:
* Jastrow parameter file: "wfn.casl"
* Writing full Jastrow parameter lists to "jastrow.dat".
* Not using multideterminants
* Not using an orbital rotation
* Backflow parameter file: "wfn.casl"
* Writing full backflow parameter lists to "backflow.dat".
* Not using wave function manipulation

VMC #1:
* Size of Hilbert space =   1.5980E+28
* Number of equil. steps   = 1000
* Running VMC equilibration.
  Done. [total walltime: 2.83s]
* Equil. acc.ratio (%)     =   2.0714
* Sample config after equilibration:
  +-------------------+
  |  d   d   d   d   d|
  |u   u   u   u   u  |
  |  d   0   d   d   d|
  |u   2   u   u   u  |
  |  d   d   d   d   d|
  |u   u   u   0   u  |
  |  d   d   2   d   d|
  |u   u   u   u   u  |
  |  d   d   d   d   d|
  |u   u   u   u   u  |
  +-------------------+
* Number of accum. steps   = 40017920 x 10
* Running VMC accumulation.
    [walltime: 1m elapsed, 48m23s remaining]
  Done. [total walltime: 49m29s]
* Acceptance ratio (%)     =   1.7044
* Etot/t                   =  -2.081198900659E+01 +/-   4.633512902381E-04
  > Ttot/t                 =  -3.878684177333E+01 +/-   3.843702693116E-03
  > Utot/t                 =   1.797485276596E+01 +/-   4.899544068917E-03
* var[Eloc/t]              =   7.341001879003E+00 +/-   4.551632125265E-02
* Correlation length       =   1.170361238452E+00
* log10 Psi^2 range: -56.477831967929703 -- -26.994561577057762
* log10 Pgen range : -56.477831967929703 -- -26.994561577057762
* Site occupation (ave. no. electrons per config.):
  > Site_  ___eu____  ___ed____
      1        0.494      0.506
      2        0.507      0.494
      3        0.493      0.507
      4        0.506      0.494
      5        0.494      0.506
      6        0.506      0.494
      7        0.494      0.506
      8        0.506      0.494
      9        0.494      0.506
     10        0.506      0.494
     11        0.506      0.494
     12        0.493      0.506
     13        0.506      0.494
     14        0.494      0.506
     15        0.506      0.494
     16        0.494      0.506
     17        0.506      0.494
     18        0.494      0.506
     19        0.506      0.494
     20        0.494      0.506
     21        0.494      0.506
     22        0.506      0.494
     23        0.494      0.506
     24        0.506      0.494
     25        0.494      0.506
     26        0.506      0.494
     27        0.494      0.506
     28        0.506      0.494
     29        0.494      0.506
     30        0.506      0.494
     31        0.505      0.494
     32        0.494      0.506
     33        0.506      0.494
     34        0.494      0.506
     35        0.506      0.494
     36        0.494      0.506
     37        0.506      0.494
     38        0.493      0.506
     39        0.506      0.494
     40        0.494      0.506
     41        0.494      0.506
     42        0.506      0.494
     43        0.494      0.506
     44        0.506      0.494
     45        0.493      0.506
     46        0.506      0.494
     47        0.494      0.506
     48        0.506      0.494
     49        0.494      0.505
     50        0.506      0.494
* Pair-correlation analysis (ave. no. pairs per config.):
  > Shell  nsite  ___dh____  __eueu___  __eued___
      0      1        0          0          1.798
      1      4        1.781     11.448     86.915
      2      4        0.300     84.916     14.993
      3      4        0.282     85.009     14.958
      4      8        0.539     29.848    170.126
      5      4        0.262     85.015     14.982
      6      4        0.260     15.015     84.983
      7      8        0.521    170.026     29.970
      8      4        0.260     14.982     85.018
      9      4        0.259     84.951     15.049
     10      4        0.259     15.020     84.979
     11      1        0.065      3.771     21.229

VDAGGER finished.
Total VDAGGER walltime: 1h1m

Run ended: Thu Feb  5 00:14:14 CET 2026
