# No.Blocks      Mean       Error        Error_in_Error
        2257   961.00910775991110        5.6029035314478288E-002   8.3412012479950118E-004
        1128   961.00839447881549        7.8507542141885073E-002   1.6536150837589368E-003
         564   961.00839447881674       0.10904729332605304        3.2497181435012074E-003
         282   961.00839447881515       0.14949353346962457        6.3060041079929926E-003
         141   961.00839447881572       0.20134580372189614        1.2032713248891885E-002
          70   960.99442284697659       0.25845144616811006        2.2000848143464685E-002
          35   960.99442284697682       0.33889083000439135        4.1096549637098363E-002
          17   960.93759379323910       0.37259384427084719        6.5865908478070126E-002
           8   960.80601478360245       0.45687881440306793       0.12210599934083999     
           4   960.80601478360245       0.27168005503723530       0.11091291802207953     
           2   960.80601478360256       0.17628152465717539       0.12464986148299230     
