# No.Blocks      Mean       Error        Error_in_Error
        2278  -4.6659718661106231        2.4417934452929339E-005   3.6183653046628065E-007
        1139  -4.6659718661106213        3.2099913830951813E-005   6.7284919588405187E-007
         569  -4.6659714710017584        3.8229065896970250E-005   1.1342388554102110E-006
         284  -4.6659740889084516        4.0494456502803334E-005   1.7021089638552671E-006
         142  -4.6659740889084533        3.9709585892501922E-005   2.3646714282679154E-006
          71  -4.6659740889084507        4.4514894216967523E-005   3.7621952246259940E-006
          35  -4.6659721446428568        3.5070802567119894E-005   4.2529595105711269E-006
          17  -4.6659783414522060        3.9084398338171225E-005   6.9092107758792749E-006
           8  -4.6659772578125001        4.5095674286711096E-005   1.2052325914744590E-005
           4  -4.6659772578125009        5.9479316890674025E-005   2.4282329438576044E-005
           2  -4.6659772578125001        8.8084991117218196E-005   6.2285494539741790E-005
