# Block_length   Mean       Error        Error_in_Error
        2278  -4.6658020113454635        8.6243624562294373E-005   1.2779989211050326E-006
        1139  -4.6658020113454493        1.1247591785888962E-004   2.3576178829085207E-006
         569  -4.6657986692054108        1.3804903144411896E-004   4.0958514612326724E-006
         284  -4.6657954403624222        1.5649271112013477E-004   6.5778792797763379E-006
         142  -4.6657954403624160        1.6530094284311110E-004   9.8435278994098025E-006
          71  -4.6657954403624204        1.6258534579661151E-004   1.3740969675651336E-005
          35  -4.6657950411068470        1.3094858338718560E-004   1.5879848259716715E-005
          17  -4.6657828417341012        1.3472561949978297E-004   2.3816349786963771E-005
           8  -4.6657125186352584        1.4398045393406141E-004   3.8480394929531864E-005
           4  -4.6657125186352584        1.5865278084305093E-004   6.4769726556513469E-005
           2  -4.6657125186352584        1.5254662503842549E-004   1.0786675301179224E-004
