# No.Blocks      Mean       Error        Error_in_Error
        2257   959.94824328349705        5.7881000419521371E-002   8.6169085408071156E-004
        1128   959.94976915641757        8.1124278770066074E-002   1.7087317647876763E-003
         564   959.94976915641678       0.11289465762720770        3.3643734383991507E-003
         282   959.94976915641689       0.15506662554901979        6.5410908086095797E-003
         141   959.94976915641678       0.20892757295083680        1.2485810623481938E-002
          70   959.96215331401061       0.27570645801854460        2.3469692296064885E-002
          35   959.96215331401038       0.33387164902628635        4.0487884539250778E-002
          17   959.98042831750445       0.43588810463350375        7.7054858656225467E-002
           8   959.94879564398093       0.55137725560887674       0.14736177009629267     
           4   959.94879564398093       0.57996549728961866       0.23676992279651102     
           2   959.94879564398093       0.29819411847881261       0.21085508328631317     
