# No.Blocks      Mean       Error        Error_in_Error
        1964  -14707.539266797956       0.21698640849993195        3.4630390112594272E-003
         982  -14707.539266797947       0.30412158926600458        6.8659043643876675E-003
         491  -14707.539266797961       0.42319329243203535        1.3518413849999690E-002
         245  -14707.573462721282       0.57692145869495748        2.6116007335443007E-002
         122  -14707.626847603584       0.76757008596742793        4.9341273893046322E-002
          61  -14707.626847603584       0.99136455956331893        9.0498788664000601E-002
          30  -14707.709211554065        1.2599911309523422       0.16544494084023961     
          15  -14707.709211554064        1.5063596276707063       0.28467521141746710     
           7  -14707.966491516014        1.3042772824259123       0.37651242005325702     
           3  -14707.556881325065       0.25479000185557343       0.12739500092778672     
