# Block_length   Mean       Error        Error_in_Error
        1964 -0.68350004118778329        8.2447388215650109E-006   1.3158359721288105E-007
         982 -0.68350004118778318        1.1465758604280050E-005   2.5885305358340001E-007
         491 -0.68350004118778296        1.5720058466000242E-005   5.0215884771782299E-007
         245 -0.68349940798800579        2.0923101942495392E-005   9.4714432194374447E-007
         122 -0.68349854076330996        2.6296205323302675E-005   1.6903841003255555E-006
          61 -0.68349854076331029        3.3292420203662751E-005   3.0391682565811375E-006
          30 -0.68349972400331249        3.9920069407698560E-005   5.2417619134374347E-006
          15 -0.68349972400331238        4.0836877323606145E-005   7.7174444084796283E-006
           7 -0.68350045253321690        3.5892087647838844E-005   1.0361153232628700E-005
           3 -0.68350955615041376        1.2630330686887822E-005   6.3151653434439108E-006
