# No.Blocks      Mean       Error        Error_in_Error
        2257   963.33983215576802        5.5028230377307571E-002   8.1922085811737279E-004
        1128   963.33962782916115        7.7180604336949871E-002   1.6256656115224322E-003
         564   963.33962782916217       0.10724279642496283        3.1959423354045243E-003
         282   963.33962782916262       0.14695154447680500        6.1987767740799152E-003
         141   963.33962782916217       0.19892533985217514        1.1888062865644346E-002
          70   963.33710150616139       0.26209458016077669        2.2310972303833353E-002
          35   963.33710150616139       0.32646086327378970        3.9589194762004710E-002
          17   963.36150183587506       0.42404392968762927        7.4961084550778545E-002
           8   963.37794977388569       0.47522770345554083       0.12700994621671718     
           4   963.37794977388580       0.46693765371348633       0.19062649888173808     
           2   963.37794977388569       0.19758728365994974       0.13971530815218036     
