# No.Blocks      Mean       Error        Error_in_Error
        2257  -1.1895017598582196        1.2451592588634851E-005   1.8537038708037151E-007
        1128  -1.1895020208333353        1.6133066802288168E-005   3.3981298972957120E-007
         564  -1.1895020208333329        1.8648220829372310E-005   5.5573558705422478E-007
         282  -1.1895020208333336        1.9358338146181608E-005   8.1658220954783104E-007
         141  -1.1895020208333329        2.0552306514430715E-005   1.2282352366928612E-006
          70  -1.1895026183035706        2.3408488098903008E-005   1.9926628369379631E-006
          35  -1.1895026183035711        1.9219930168964724E-005   2.3307588883422658E-006
          17  -1.1894958970588234        1.9148642832706510E-005   3.3850337993814881E-006
           8  -1.1894954023437501        2.5644367588492313E-005   6.8537455297591791E-006
           4  -1.1894954023437501        2.6378542831206885E-005   1.0768995015768000E-005
           2  -1.1894954023437498        2.5347659587594049E-005   1.7923501981595957E-005
