TERM-SELF
#mode=discrete
#policy=dx
  1 1.2914877859338167
  2 1.2914877859338167
  3 1.2914877859338167
  4 1.2914877859338167
  5 1.2914877859338167
  6 1.2914877859338167
  7 1.2914877859338167
  8 1.2914877859338167
  9 1.2914877859338167
  10 1.2914877859338167
  11 1.2914877859338167
  12 1.2914877859338167
  13 1.2914877859338167
  14 1.2914877859338167
  15 1.2914877859338167
  16 1.2914877859338167
  17 1.2914877859338167
  18 1.2914877859338167
TERM-u0
  1 1 2 0.30687321499600691E-001
  1 1 3 0.75318386293081090E-002
  1 1 4 -0.42442545751140807E-002
  1 1 5 0.75318386293081090E-002
  1 1 6 0.30687321499600691E-001
  1 1 7 0.30687321499600691E-001
  1 1 8 0.12194196235534952E-001
  1 1 9 0.19954331401016583E-001
  1 1 10 0.75318386293081090E-002
  1 1 11 0.19954331401016583E-001
  1 1 12 0.12194196235534952E-001
  1 1 13 0.75318386293081090E-002
  1 1 14 0.19954331401016583E-001
  1 1 15 0.12194196235534952E-001
  1 1 16 0.30687321499600691E-001
  1 1 17 0.12194196235534952E-001
  1 1 18 0.19954331401016583E-001
  1 2 1 0.30687321499600691E-001
  1 2 3 0.30687321499600691E-001
  1 2 4 0.75318386293081090E-002
  1 2 5 -0.42442545751140807E-002
  1 2 6 0.75318386293081090E-002
  1 2 7 0.12194196235534952E-001
  1 2 8 0.30687321499600691E-001
  1 2 9 0.12194196235534952E-001
  1 2 10 0.19954331401016583E-001
  1 2 11 0.75318386293081090E-002
  1 2 12 0.19954331401016583E-001
  1 2 13 0.19954331401016583E-001
  1 2 14 0.75318386293081090E-002
  1 2 15 0.19954331401016583E-001
  1 2 16 0.12194196235534952E-001
  1 2 17 0.30687321499600691E-001
  1 2 18 0.12194196235534952E-001
  1 3 1 0.75318386293081090E-002
  1 3 2 0.30687321499600691E-001
  1 3 4 0.30687321499600691E-001
  1 3 5 0.75318386293081090E-002
  1 3 6 -0.42442545751140807E-002
  1 3 7 0.19954331401016583E-001
  1 3 8 0.12194196235534952E-001
  1 3 9 0.30687321499600691E-001
  1 3 10 0.12194196235534952E-001
  1 3 11 0.19954331401016583E-001
  1 3 12 0.75318386293081090E-002
  1 3 13 0.12194196235534952E-001
  1 3 14 0.19954331401016583E-001
  1 3 15 0.75318386293081090E-002
  1 3 16 0.19954331401016583E-001
  1 3 17 0.12194196235534952E-001
  1 3 18 0.30687321499600691E-001
  1 4 1 -0.42442545751140807E-002
  1 4 2 0.75318386293081090E-002
  1 4 3 0.30687321499600691E-001
  1 4 5 0.30687321499600691E-001
  1 4 6 0.75318386293081090E-002
  1 4 7 0.75318386293081090E-002
  1 4 8 0.19954331401016583E-001
  1 4 9 0.12194196235534952E-001
  1 4 10 0.30687321499600691E-001
  1 4 11 0.12194196235534952E-001
  1 4 12 0.19954331401016583E-001
  1 4 13 0.30687321499600691E-001
  1 4 14 0.12194196235534952E-001
  1 4 15 0.19954331401016583E-001
  1 4 16 0.75318386293081090E-002
  1 4 17 0.19954331401016583E-001
  1 4 18 0.12194196235534952E-001
  1 5 1 0.75318386293081090E-002
  1 5 2 -0.42442545751140807E-002
  1 5 3 0.75318386293081090E-002
  1 5 4 0.30687321499600691E-001
  1 5 6 0.30687321499600691E-001
  1 5 7 0.19954331401016583E-001
  1 5 8 0.75318386293081090E-002
  1 5 9 0.19954331401016583E-001
  1 5 10 0.12194196235534952E-001
  1 5 11 0.30687321499600691E-001
  1 5 12 0.12194196235534952E-001
  1 5 13 0.12194196235534952E-001
  1 5 14 0.30687321499600691E-001
  1 5 15 0.12194196235534952E-001
  1 5 16 0.19954331401016583E-001
  1 5 17 0.75318386293081090E-002
  1 5 18 0.19954331401016583E-001
  1 6 1 0.30687321499600691E-001
  1 6 2 0.75318386293081090E-002
  1 6 3 -0.42442545751140807E-002
  1 6 4 0.75318386293081090E-002
  1 6 5 0.30687321499600691E-001
  1 6 7 0.12194196235534952E-001
  1 6 8 0.19954331401016583E-001
  1 6 9 0.75318386293081090E-002
  1 6 10 0.19954331401016583E-001
  1 6 11 0.12194196235534952E-001
  1 6 12 0.30687321499600691E-001
  1 6 13 0.19954331401016583E-001
  1 6 14 0.12194196235534952E-001
  1 6 15 0.30687321499600691E-001
  1 6 16 0.12194196235534952E-001
  1 6 17 0.19954331401016583E-001
  1 6 18 0.75318386293081090E-002
  1 7 1 0.30687321499600691E-001
  1 7 2 0.12194196235534952E-001
  1 7 3 0.19954331401016583E-001
  1 7 4 0.75318386293081090E-002
  1 7 5 0.19954331401016583E-001
  1 7 6 0.12194196235534952E-001
  1 7 8 0.30687321499600691E-001
  1 7 9 0.75318386293081090E-002
  1 7 10 -0.42442545751140807E-002
  1 7 11 0.75318386293081090E-002
  1 7 12 0.30687321499600691E-001
  1 7 13 0.30687321499600691E-001
  1 7 14 0.12194196235534952E-001
  1 7 15 0.19954331401016583E-001
  1 7 16 0.75318386293081090E-002
  1 7 17 0.19954331401016583E-001
  1 7 18 0.12194196235534952E-001
  1 8 1 0.12194196235534952E-001
  1 8 2 0.30687321499600691E-001
  1 8 3 0.12194196235534952E-001
  1 8 4 0.19954331401016583E-001
  1 8 5 0.75318386293081090E-002
  1 8 6 0.19954331401016583E-001
  1 8 7 0.30687321499600691E-001
  1 8 9 0.30687321499600691E-001
  1 8 10 0.75318386293081090E-002
  1 8 11 -0.42442545751140807E-002
  1 8 12 0.75318386293081090E-002
  1 8 13 0.12194196235534952E-001
  1 8 14 0.30687321499600691E-001
  1 8 15 0.12194196235534952E-001
  1 8 16 0.19954331401016583E-001
  1 8 17 0.75318386293081090E-002
  1 8 18 0.19954331401016583E-001
  1 9 1 0.19954331401016583E-001
  1 9 2 0.12194196235534952E-001
  1 9 3 0.30687321499600691E-001
  1 9 4 0.12194196235534952E-001
  1 9 5 0.19954331401016583E-001
  1 9 6 0.75318386293081090E-002
  1 9 7 0.75318386293081090E-002
  1 9 8 0.30687321499600691E-001
  1 9 10 0.30687321499600691E-001
  1 9 11 0.75318386293081090E-002
  1 9 12 -0.42442545751140807E-002
  1 9 13 0.19954331401016583E-001
  1 9 14 0.12194196235534952E-001
  1 9 15 0.30687321499600691E-001
  1 9 16 0.12194196235534952E-001
  1 9 17 0.19954331401016583E-001
  1 9 18 0.75318386293081090E-002
  1 10 1 0.75318386293081090E-002
  1 10 2 0.19954331401016583E-001
  1 10 3 0.12194196235534952E-001
  1 10 4 0.30687321499600691E-001
  1 10 5 0.12194196235534952E-001
  1 10 6 0.19954331401016583E-001
  1 10 7 -0.42442545751140807E-002
  1 10 8 0.75318386293081090E-002
  1 10 9 0.30687321499600691E-001
  1 10 11 0.30687321499600691E-001
  1 10 12 0.75318386293081090E-002
  1 10 13 0.75318386293081090E-002
  1 10 14 0.19954331401016583E-001
  1 10 15 0.12194196235534952E-001
  1 10 16 0.30687321499600691E-001
  1 10 17 0.12194196235534952E-001
  1 10 18 0.19954331401016583E-001
  1 11 1 0.19954331401016583E-001
  1 11 2 0.75318386293081090E-002
  1 11 3 0.19954331401016583E-001
  1 11 4 0.12194196235534952E-001
  1 11 5 0.30687321499600691E-001
  1 11 6 0.12194196235534952E-001
  1 11 7 0.75318386293081090E-002
  1 11 8 -0.42442545751140807E-002
  1 11 9 0.75318386293081090E-002
  1 11 10 0.30687321499600691E-001
  1 11 12 0.30687321499600691E-001
  1 11 13 0.19954331401016583E-001
  1 11 14 0.75318386293081090E-002
  1 11 15 0.19954331401016583E-001
  1 11 16 0.12194196235534952E-001
  1 11 17 0.30687321499600691E-001
  1 11 18 0.12194196235534952E-001
  1 12 1 0.12194196235534952E-001
  1 12 2 0.19954331401016583E-001
  1 12 3 0.75318386293081090E-002
  1 12 4 0.19954331401016583E-001
  1 12 5 0.12194196235534952E-001
  1 12 6 0.30687321499600691E-001
  1 12 7 0.30687321499600691E-001
  1 12 8 0.75318386293081090E-002
  1 12 9 -0.42442545751140807E-002
  1 12 10 0.75318386293081090E-002
  1 12 11 0.30687321499600691E-001
  1 12 13 0.12194196235534952E-001
  1 12 14 0.19954331401016583E-001
  1 12 15 0.75318386293081090E-002
  1 12 16 0.19954331401016583E-001
  1 12 17 0.12194196235534952E-001
  1 12 18 0.30687321499600691E-001
  1 13 1 0.75318386293081090E-002
  1 13 2 0.19954331401016583E-001
  1 13 3 0.12194196235534952E-001
  1 13 4 0.30687321499600691E-001
  1 13 5 0.12194196235534952E-001
  1 13 6 0.19954331401016583E-001
  1 13 7 0.30687321499600691E-001
  1 13 8 0.12194196235534952E-001
  1 13 9 0.19954331401016583E-001
  1 13 10 0.75318386293081090E-002
  1 13 11 0.19954331401016583E-001
  1 13 12 0.12194196235534952E-001
  1 13 14 0.30687321499600691E-001
  1 13 15 0.75318386293081090E-002
  1 13 16 -0.42442545751140807E-002
  1 13 17 0.75318386293081090E-002
  1 13 18 0.30687321499600691E-001
  1 14 1 0.19954331401016583E-001
  1 14 2 0.75318386293081090E-002
  1 14 3 0.19954331401016583E-001
  1 14 4 0.12194196235534952E-001
  1 14 5 0.30687321499600691E-001
  1 14 6 0.12194196235534952E-001
  1 14 7 0.12194196235534952E-001
  1 14 8 0.30687321499600691E-001
  1 14 9 0.12194196235534952E-001
  1 14 10 0.19954331401016583E-001
  1 14 11 0.75318386293081090E-002
  1 14 12 0.19954331401016583E-001
  1 14 13 0.30687321499600691E-001
  1 14 15 0.30687321499600691E-001
  1 14 16 0.75318386293081090E-002
  1 14 17 -0.42442545751140807E-002
  1 14 18 0.75318386293081090E-002
  1 15 1 0.12194196235534952E-001
  1 15 2 0.19954331401016583E-001
  1 15 3 0.75318386293081090E-002
  1 15 4 0.19954331401016583E-001
  1 15 5 0.12194196235534952E-001
  1 15 6 0.30687321499600691E-001
  1 15 7 0.19954331401016583E-001
  1 15 8 0.12194196235534952E-001
  1 15 9 0.30687321499600691E-001
  1 15 10 0.12194196235534952E-001
  1 15 11 0.19954331401016583E-001
  1 15 12 0.75318386293081090E-002
  1 15 13 0.75318386293081090E-002
  1 15 14 0.30687321499600691E-001
  1 15 16 0.30687321499600691E-001
  1 15 17 0.75318386293081090E-002
  1 15 18 -0.42442545751140807E-002
  1 16 1 0.30687321499600691E-001
  1 16 2 0.12194196235534952E-001
  1 16 3 0.19954331401016583E-001
  1 16 4 0.75318386293081090E-002
  1 16 5 0.19954331401016583E-001
  1 16 6 0.12194196235534952E-001
  1 16 7 0.75318386293081090E-002
  1 16 8 0.19954331401016583E-001
  1 16 9 0.12194196235534952E-001
  1 16 10 0.30687321499600691E-001
  1 16 11 0.12194196235534952E-001
  1 16 12 0.19954331401016583E-001
  1 16 13 -0.42442545751140807E-002
  1 16 14 0.75318386293081090E-002
  1 16 15 0.30687321499600691E-001
  1 16 17 0.30687321499600691E-001
  1 16 18 0.75318386293081090E-002
  1 17 1 0.12194196235534952E-001
  1 17 2 0.30687321499600691E-001
  1 17 3 0.12194196235534952E-001
  1 17 4 0.19954331401016583E-001
  1 17 5 0.75318386293081090E-002
  1 17 6 0.19954331401016583E-001
  1 17 7 0.19954331401016583E-001
  1 17 8 0.75318386293081090E-002
  1 17 9 0.19954331401016583E-001
  1 17 10 0.12194196235534952E-001
  1 17 11 0.30687321499600691E-001
  1 17 12 0.12194196235534952E-001
  1 17 13 0.75318386293081090E-002
  1 17 14 -0.42442545751140807E-002
  1 17 15 0.75318386293081090E-002
  1 17 16 0.30687321499600691E-001
  1 17 18 0.30687321499600691E-001
  1 18 1 0.19954331401016583E-001
  1 18 2 0.12194196235534952E-001
  1 18 3 0.30687321499600691E-001
  1 18 4 0.12194196235534952E-001
  1 18 5 0.19954331401016583E-001
  1 18 6 0.75318386293081090E-002
  1 18 7 0.12194196235534952E-001
  1 18 8 0.19954331401016583E-001
  1 18 9 0.75318386293081090E-002
  1 18 10 0.19954331401016583E-001
  1 18 11 0.12194196235534952E-001
  1 18 12 0.30687321499600691E-001
  1 18 13 0.30687321499600691E-001
  1 18 14 0.75318386293081090E-002
  1 18 15 -0.42442545751140807E-002
  1 18 16 0.75318386293081090E-002
  1 18 17 0.30687321499600691E-001
TERM-ud
  1 1 2 -0.82999691579852455E-002
  1 1 3 0.33114193234489984E-002
  1 1 4 -0.29109146614053304E-001
  1 1 5 0.33114193234489984E-002
  1 1 6 -0.82999691579852455E-002
  1 1 7 -0.82999691579852455E-002
  1 1 8 0.33851341259124715E-001
  1 1 9 0.43605687678395205E-001
  1 1 10 0.33114193234489984E-002
  1 1 11 0.43605687678395205E-001
  1 1 12 0.33851341259124715E-001
  1 1 13 0.33114193234489984E-002
  1 1 14 0.43605687678395205E-001
  1 1 15 0.33851341259124715E-001
  1 1 16 -0.82999691579852455E-002
  1 1 17 0.33851341259124715E-001
  1 1 18 0.43605687678395205E-001
  1 2 1 -0.82999691579852455E-002
  1 2 3 -0.82999691579852455E-002
  1 2 4 0.33114193234489984E-002
  1 2 5 -0.29109146614053304E-001
  1 2 6 0.33114193234489984E-002
  1 2 7 0.33851341259124715E-001
  1 2 8 -0.82999691579852455E-002
  1 2 9 0.33851341259124715E-001
  1 2 10 0.43605687678395205E-001
  1 2 11 0.33114193234489984E-002
  1 2 12 0.43605687678395205E-001
  1 2 13 0.43605687678395205E-001
  1 2 14 0.33114193234489984E-002
  1 2 15 0.43605687678395205E-001
  1 2 16 0.33851341259124715E-001
  1 2 17 -0.82999691579852455E-002
  1 2 18 0.33851341259124715E-001
  1 3 1 0.33114193234489984E-002
  1 3 2 -0.82999691579852455E-002
  1 3 4 -0.82999691579852455E-002
  1 3 5 0.33114193234489984E-002
  1 3 6 -0.29109146614053304E-001
  1 3 7 0.43605687678395205E-001
  1 3 8 0.33851341259124715E-001
  1 3 9 -0.82999691579852455E-002
  1 3 10 0.33851341259124715E-001
  1 3 11 0.43605687678395205E-001
  1 3 12 0.33114193234489984E-002
  1 3 13 0.33851341259124715E-001
  1 3 14 0.43605687678395205E-001
  1 3 15 0.33114193234489984E-002
  1 3 16 0.43605687678395205E-001
  1 3 17 0.33851341259124715E-001
  1 3 18 -0.82999691579852455E-002
  1 4 1 -0.29109146614053304E-001
  1 4 2 0.33114193234489984E-002
  1 4 3 -0.82999691579852455E-002
  1 4 5 -0.82999691579852455E-002
  1 4 6 0.33114193234489984E-002
  1 4 7 0.33114193234489984E-002
  1 4 8 0.43605687678395205E-001
  1 4 9 0.33851341259124715E-001
  1 4 10 -0.82999691579852455E-002
  1 4 11 0.33851341259124715E-001
  1 4 12 0.43605687678395205E-001
  1 4 13 -0.82999691579852455E-002
  1 4 14 0.33851341259124715E-001
  1 4 15 0.43605687678395205E-001
  1 4 16 0.33114193234489984E-002
  1 4 17 0.43605687678395205E-001
  1 4 18 0.33851341259124715E-001
  1 5 1 0.33114193234489984E-002
  1 5 2 -0.29109146614053304E-001
  1 5 3 0.33114193234489984E-002
  1 5 4 -0.82999691579852455E-002
  1 5 6 -0.82999691579852455E-002
  1 5 7 0.43605687678395205E-001
  1 5 8 0.33114193234489984E-002
  1 5 9 0.43605687678395205E-001
  1 5 10 0.33851341259124715E-001
  1 5 11 -0.82999691579852455E-002
  1 5 12 0.33851341259124715E-001
  1 5 13 0.33851341259124715E-001
  1 5 14 -0.82999691579852455E-002
  1 5 15 0.33851341259124715E-001
  1 5 16 0.43605687678395205E-001
  1 5 17 0.33114193234489984E-002
  1 5 18 0.43605687678395205E-001
  1 6 1 -0.82999691579852455E-002
  1 6 2 0.33114193234489984E-002
  1 6 3 -0.29109146614053304E-001
  1 6 4 0.33114193234489984E-002
  1 6 5 -0.82999691579852455E-002
  1 6 7 0.33851341259124715E-001
  1 6 8 0.43605687678395205E-001
  1 6 9 0.33114193234489984E-002
  1 6 10 0.43605687678395205E-001
  1 6 11 0.33851341259124715E-001
  1 6 12 -0.82999691579852455E-002
  1 6 13 0.43605687678395205E-001
  1 6 14 0.33851341259124715E-001
  1 6 15 -0.82999691579852455E-002
  1 6 16 0.33851341259124715E-001
  1 6 17 0.43605687678395205E-001
  1 6 18 0.33114193234489984E-002
  1 7 1 -0.82999691579852455E-002
  1 7 2 0.33851341259124715E-001
  1 7 3 0.43605687678395205E-001
  1 7 4 0.33114193234489984E-002
  1 7 5 0.43605687678395205E-001
  1 7 6 0.33851341259124715E-001
  1 7 8 -0.82999691579852455E-002
  1 7 9 0.33114193234489984E-002
  1 7 10 -0.29109146614053304E-001
  1 7 11 0.33114193234489984E-002
  1 7 12 -0.82999691579852455E-002
  1 7 13 -0.82999691579852455E-002
  1 7 14 0.33851341259124715E-001
  1 7 15 0.43605687678395205E-001
  1 7 16 0.33114193234489984E-002
  1 7 17 0.43605687678395205E-001
  1 7 18 0.33851341259124715E-001
  1 8 1 0.33851341259124715E-001
  1 8 2 -0.82999691579852455E-002
  1 8 3 0.33851341259124715E-001
  1 8 4 0.43605687678395205E-001
  1 8 5 0.33114193234489984E-002
  1 8 6 0.43605687678395205E-001
  1 8 7 -0.82999691579852455E-002
  1 8 9 -0.82999691579852455E-002
  1 8 10 0.33114193234489984E-002
  1 8 11 -0.29109146614053304E-001
  1 8 12 0.33114193234489984E-002
  1 8 13 0.33851341259124715E-001
  1 8 14 -0.82999691579852455E-002
  1 8 15 0.33851341259124715E-001
  1 8 16 0.43605687678395205E-001
  1 8 17 0.33114193234489984E-002
  1 8 18 0.43605687678395205E-001
  1 9 1 0.43605687678395205E-001
  1 9 2 0.33851341259124715E-001
  1 9 3 -0.82999691579852455E-002
  1 9 4 0.33851341259124715E-001
  1 9 5 0.43605687678395205E-001
  1 9 6 0.33114193234489984E-002
  1 9 7 0.33114193234489984E-002
  1 9 8 -0.82999691579852455E-002
  1 9 10 -0.82999691579852455E-002
  1 9 11 0.33114193234489984E-002
  1 9 12 -0.29109146614053304E-001
  1 9 13 0.43605687678395205E-001
  1 9 14 0.33851341259124715E-001
  1 9 15 -0.82999691579852455E-002
  1 9 16 0.33851341259124715E-001
  1 9 17 0.43605687678395205E-001
  1 9 18 0.33114193234489984E-002
  1 10 1 0.33114193234489984E-002
  1 10 2 0.43605687678395205E-001
  1 10 3 0.33851341259124715E-001
  1 10 4 -0.82999691579852455E-002
  1 10 5 0.33851341259124715E-001
  1 10 6 0.43605687678395205E-001
  1 10 7 -0.29109146614053304E-001
  1 10 8 0.33114193234489984E-002
  1 10 9 -0.82999691579852455E-002
  1 10 11 -0.82999691579852455E-002
  1 10 12 0.33114193234489984E-002
  1 10 13 0.33114193234489984E-002
  1 10 14 0.43605687678395205E-001
  1 10 15 0.33851341259124715E-001
  1 10 16 -0.82999691579852455E-002
  1 10 17 0.33851341259124715E-001
  1 10 18 0.43605687678395205E-001
  1 11 1 0.43605687678395205E-001
  1 11 2 0.33114193234489984E-002
  1 11 3 0.43605687678395205E-001
  1 11 4 0.33851341259124715E-001
  1 11 5 -0.82999691579852455E-002
  1 11 6 0.33851341259124715E-001
  1 11 7 0.33114193234489984E-002
  1 11 8 -0.29109146614053304E-001
  1 11 9 0.33114193234489984E-002
  1 11 10 -0.82999691579852455E-002
  1 11 12 -0.82999691579852455E-002
  1 11 13 0.43605687678395205E-001
  1 11 14 0.33114193234489984E-002
  1 11 15 0.43605687678395205E-001
  1 11 16 0.33851341259124715E-001
  1 11 17 -0.82999691579852455E-002
  1 11 18 0.33851341259124715E-001
  1 12 1 0.33851341259124715E-001
  1 12 2 0.43605687678395205E-001
  1 12 3 0.33114193234489984E-002
  1 12 4 0.43605687678395205E-001
  1 12 5 0.33851341259124715E-001
  1 12 6 -0.82999691579852455E-002
  1 12 7 -0.82999691579852455E-002
  1 12 8 0.33114193234489984E-002
  1 12 9 -0.29109146614053304E-001
  1 12 10 0.33114193234489984E-002
  1 12 11 -0.82999691579852455E-002
  1 12 13 0.33851341259124715E-001
  1 12 14 0.43605687678395205E-001
  1 12 15 0.33114193234489984E-002
  1 12 16 0.43605687678395205E-001
  1 12 17 0.33851341259124715E-001
  1 12 18 -0.82999691579852455E-002
  1 13 1 0.33114193234489984E-002
  1 13 2 0.43605687678395205E-001
  1 13 3 0.33851341259124715E-001
  1 13 4 -0.82999691579852455E-002
  1 13 5 0.33851341259124715E-001
  1 13 6 0.43605687678395205E-001
  1 13 7 -0.82999691579852455E-002
  1 13 8 0.33851341259124715E-001
  1 13 9 0.43605687678395205E-001
  1 13 10 0.33114193234489984E-002
  1 13 11 0.43605687678395205E-001
  1 13 12 0.33851341259124715E-001
  1 13 14 -0.82999691579852455E-002
  1 13 15 0.33114193234489984E-002
  1 13 16 -0.29109146614053304E-001
  1 13 17 0.33114193234489984E-002
  1 13 18 -0.82999691579852455E-002
  1 14 1 0.43605687678395205E-001
  1 14 2 0.33114193234489984E-002
  1 14 3 0.43605687678395205E-001
  1 14 4 0.33851341259124715E-001
  1 14 5 -0.82999691579852455E-002
  1 14 6 0.33851341259124715E-001
  1 14 7 0.33851341259124715E-001
  1 14 8 -0.82999691579852455E-002
  1 14 9 0.33851341259124715E-001
  1 14 10 0.43605687678395205E-001
  1 14 11 0.33114193234489984E-002
  1 14 12 0.43605687678395205E-001
  1 14 13 -0.82999691579852455E-002
  1 14 15 -0.82999691579852455E-002
  1 14 16 0.33114193234489984E-002
  1 14 17 -0.29109146614053304E-001
  1 14 18 0.33114193234489984E-002
  1 15 1 0.33851341259124715E-001
  1 15 2 0.43605687678395205E-001
  1 15 3 0.33114193234489984E-002
  1 15 4 0.43605687678395205E-001
  1 15 5 0.33851341259124715E-001
  1 15 6 -0.82999691579852455E-002
  1 15 7 0.43605687678395205E-001
  1 15 8 0.33851341259124715E-001
  1 15 9 -0.82999691579852455E-002
  1 15 10 0.33851341259124715E-001
  1 15 11 0.43605687678395205E-001
  1 15 12 0.33114193234489984E-002
  1 15 13 0.33114193234489984E-002
  1 15 14 -0.82999691579852455E-002
  1 15 16 -0.82999691579852455E-002
  1 15 17 0.33114193234489984E-002
  1 15 18 -0.29109146614053304E-001
  1 16 1 -0.82999691579852455E-002
  1 16 2 0.33851341259124715E-001
  1 16 3 0.43605687678395205E-001
  1 16 4 0.33114193234489984E-002
  1 16 5 0.43605687678395205E-001
  1 16 6 0.33851341259124715E-001
  1 16 7 0.33114193234489984E-002
  1 16 8 0.43605687678395205E-001
  1 16 9 0.33851341259124715E-001
  1 16 10 -0.82999691579852455E-002
  1 16 11 0.33851341259124715E-001
  1 16 12 0.43605687678395205E-001
  1 16 13 -0.29109146614053304E-001
  1 16 14 0.33114193234489984E-002
  1 16 15 -0.82999691579852455E-002
  1 16 17 -0.82999691579852455E-002
  1 16 18 0.33114193234489984E-002
  1 17 1 0.33851341259124715E-001
  1 17 2 -0.82999691579852455E-002
  1 17 3 0.33851341259124715E-001
  1 17 4 0.43605687678395205E-001
  1 17 5 0.33114193234489984E-002
  1 17 6 0.43605687678395205E-001
  1 17 7 0.43605687678395205E-001
  1 17 8 0.33114193234489984E-002
  1 17 9 0.43605687678395205E-001
  1 17 10 0.33851341259124715E-001
  1 17 11 -0.82999691579852455E-002
  1 17 12 0.33851341259124715E-001
  1 17 13 0.33114193234489984E-002
  1 17 14 -0.29109146614053304E-001
  1 17 15 0.33114193234489984E-002
  1 17 16 -0.82999691579852455E-002
  1 17 18 -0.82999691579852455E-002
  1 18 1 0.43605687678395205E-001
  1 18 2 0.33851341259124715E-001
  1 18 3 -0.82999691579852455E-002
  1 18 4 0.33851341259124715E-001
  1 18 5 0.43605687678395205E-001
  1 18 6 0.33114193234489984E-002
  1 18 7 0.33851341259124715E-001
  1 18 8 0.43605687678395205E-001
  1 18 9 0.33114193234489984E-002
  1 18 10 0.43605687678395205E-001
  1 18 11 0.33851341259124715E-001
  1 18 12 -0.82999691579852455E-002
  1 18 13 -0.82999691579852455E-002
  1 18 14 0.33114193234489984E-002
  1 18 15 -0.29109146614053304E-001
  1 18 16 0.33114193234489984E-002
  1 18 17 -0.82999691579852455E-002
TERM-d0
  2 1 2 0.30687321499600691E-001
  2 1 3 0.75318386293081090E-002
  2 1 4 -0.42442545751140807E-002
  2 1 5 0.75318386293081090E-002
  2 1 6 0.30687321499600691E-001
  2 1 7 0.30687321499600691E-001
  2 1 8 0.12194196235534952E-001
  2 1 9 0.19954331401016583E-001
  2 1 10 0.75318386293081090E-002
  2 1 11 0.19954331401016583E-001
  2 1 12 0.12194196235534952E-001
  2 1 13 0.75318386293081090E-002
  2 1 14 0.19954331401016583E-001
  2 1 15 0.12194196235534952E-001
  2 1 16 0.30687321499600691E-001
  2 1 17 0.12194196235534952E-001
  2 1 18 0.19954331401016583E-001
  2 2 1 0.30687321499600691E-001
  2 2 3 0.30687321499600691E-001
  2 2 4 0.75318386293081090E-002
  2 2 5 -0.42442545751140807E-002
  2 2 6 0.75318386293081090E-002
  2 2 7 0.12194196235534952E-001
  2 2 8 0.30687321499600691E-001
  2 2 9 0.12194196235534952E-001
  2 2 10 0.19954331401016583E-001
  2 2 11 0.75318386293081090E-002
  2 2 12 0.19954331401016583E-001
  2 2 13 0.19954331401016583E-001
  2 2 14 0.75318386293081090E-002
  2 2 15 0.19954331401016583E-001
  2 2 16 0.12194196235534952E-001
  2 2 17 0.30687321499600691E-001
  2 2 18 0.12194196235534952E-001
  2 3 1 0.75318386293081090E-002
  2 3 2 0.30687321499600691E-001
  2 3 4 0.30687321499600691E-001
  2 3 5 0.75318386293081090E-002
  2 3 6 -0.42442545751140807E-002
  2 3 7 0.19954331401016583E-001
  2 3 8 0.12194196235534952E-001
  2 3 9 0.30687321499600691E-001
  2 3 10 0.12194196235534952E-001
  2 3 11 0.19954331401016583E-001
  2 3 12 0.75318386293081090E-002
  2 3 13 0.12194196235534952E-001
  2 3 14 0.19954331401016583E-001
  2 3 15 0.75318386293081090E-002
  2 3 16 0.19954331401016583E-001
  2 3 17 0.12194196235534952E-001
  2 3 18 0.30687321499600691E-001
  2 4 1 -0.42442545751140807E-002
  2 4 2 0.75318386293081090E-002
  2 4 3 0.30687321499600691E-001
  2 4 5 0.30687321499600691E-001
  2 4 6 0.75318386293081090E-002
  2 4 7 0.75318386293081090E-002
  2 4 8 0.19954331401016583E-001
  2 4 9 0.12194196235534952E-001
  2 4 10 0.30687321499600691E-001
  2 4 11 0.12194196235534952E-001
  2 4 12 0.19954331401016583E-001
  2 4 13 0.30687321499600691E-001
  2 4 14 0.12194196235534952E-001
  2 4 15 0.19954331401016583E-001
  2 4 16 0.75318386293081090E-002
  2 4 17 0.19954331401016583E-001
  2 4 18 0.12194196235534952E-001
  2 5 1 0.75318386293081090E-002
  2 5 2 -0.42442545751140807E-002
  2 5 3 0.75318386293081090E-002
  2 5 4 0.30687321499600691E-001
  2 5 6 0.30687321499600691E-001
  2 5 7 0.19954331401016583E-001
  2 5 8 0.75318386293081090E-002
  2 5 9 0.19954331401016583E-001
  2 5 10 0.12194196235534952E-001
  2 5 11 0.30687321499600691E-001
  2 5 12 0.12194196235534952E-001
  2 5 13 0.12194196235534952E-001
  2 5 14 0.30687321499600691E-001
  2 5 15 0.12194196235534952E-001
  2 5 16 0.19954331401016583E-001
  2 5 17 0.75318386293081090E-002
  2 5 18 0.19954331401016583E-001
  2 6 1 0.30687321499600691E-001
  2 6 2 0.75318386293081090E-002
  2 6 3 -0.42442545751140807E-002
  2 6 4 0.75318386293081090E-002
  2 6 5 0.30687321499600691E-001
  2 6 7 0.12194196235534952E-001
  2 6 8 0.19954331401016583E-001
  2 6 9 0.75318386293081090E-002
  2 6 10 0.19954331401016583E-001
  2 6 11 0.12194196235534952E-001
  2 6 12 0.30687321499600691E-001
  2 6 13 0.19954331401016583E-001
  2 6 14 0.12194196235534952E-001
  2 6 15 0.30687321499600691E-001
  2 6 16 0.12194196235534952E-001
  2 6 17 0.19954331401016583E-001
  2 6 18 0.75318386293081090E-002
  2 7 1 0.30687321499600691E-001
  2 7 2 0.12194196235534952E-001
  2 7 3 0.19954331401016583E-001
  2 7 4 0.75318386293081090E-002
  2 7 5 0.19954331401016583E-001
  2 7 6 0.12194196235534952E-001
  2 7 8 0.30687321499600691E-001
  2 7 9 0.75318386293081090E-002
  2 7 10 -0.42442545751140807E-002
  2 7 11 0.75318386293081090E-002
  2 7 12 0.30687321499600691E-001
  2 7 13 0.30687321499600691E-001
  2 7 14 0.12194196235534952E-001
  2 7 15 0.19954331401016583E-001
  2 7 16 0.75318386293081090E-002
  2 7 17 0.19954331401016583E-001
  2 7 18 0.12194196235534952E-001
  2 8 1 0.12194196235534952E-001
  2 8 2 0.30687321499600691E-001
  2 8 3 0.12194196235534952E-001
  2 8 4 0.19954331401016583E-001
  2 8 5 0.75318386293081090E-002
  2 8 6 0.19954331401016583E-001
  2 8 7 0.30687321499600691E-001
  2 8 9 0.30687321499600691E-001
  2 8 10 0.75318386293081090E-002
  2 8 11 -0.42442545751140807E-002
  2 8 12 0.75318386293081090E-002
  2 8 13 0.12194196235534952E-001
  2 8 14 0.30687321499600691E-001
  2 8 15 0.12194196235534952E-001
  2 8 16 0.19954331401016583E-001
  2 8 17 0.75318386293081090E-002
  2 8 18 0.19954331401016583E-001
  2 9 1 0.19954331401016583E-001
  2 9 2 0.12194196235534952E-001
  2 9 3 0.30687321499600691E-001
  2 9 4 0.12194196235534952E-001
  2 9 5 0.19954331401016583E-001
  2 9 6 0.75318386293081090E-002
  2 9 7 0.75318386293081090E-002
  2 9 8 0.30687321499600691E-001
  2 9 10 0.30687321499600691E-001
  2 9 11 0.75318386293081090E-002
  2 9 12 -0.42442545751140807E-002
  2 9 13 0.19954331401016583E-001
  2 9 14 0.12194196235534952E-001
  2 9 15 0.30687321499600691E-001
  2 9 16 0.12194196235534952E-001
  2 9 17 0.19954331401016583E-001
  2 9 18 0.75318386293081090E-002
  2 10 1 0.75318386293081090E-002
  2 10 2 0.19954331401016583E-001
  2 10 3 0.12194196235534952E-001
  2 10 4 0.30687321499600691E-001
  2 10 5 0.12194196235534952E-001
  2 10 6 0.19954331401016583E-001
  2 10 7 -0.42442545751140807E-002
  2 10 8 0.75318386293081090E-002
  2 10 9 0.30687321499600691E-001
  2 10 11 0.30687321499600691E-001
  2 10 12 0.75318386293081090E-002
  2 10 13 0.75318386293081090E-002
  2 10 14 0.19954331401016583E-001
  2 10 15 0.12194196235534952E-001
  2 10 16 0.30687321499600691E-001
  2 10 17 0.12194196235534952E-001
  2 10 18 0.19954331401016583E-001
  2 11 1 0.19954331401016583E-001
  2 11 2 0.75318386293081090E-002
  2 11 3 0.19954331401016583E-001
  2 11 4 0.12194196235534952E-001
  2 11 5 0.30687321499600691E-001
  2 11 6 0.12194196235534952E-001
  2 11 7 0.75318386293081090E-002
  2 11 8 -0.42442545751140807E-002
  2 11 9 0.75318386293081090E-002
  2 11 10 0.30687321499600691E-001
  2 11 12 0.30687321499600691E-001
  2 11 13 0.19954331401016583E-001
  2 11 14 0.75318386293081090E-002
  2 11 15 0.19954331401016583E-001
  2 11 16 0.12194196235534952E-001
  2 11 17 0.30687321499600691E-001
  2 11 18 0.12194196235534952E-001
  2 12 1 0.12194196235534952E-001
  2 12 2 0.19954331401016583E-001
  2 12 3 0.75318386293081090E-002
  2 12 4 0.19954331401016583E-001
  2 12 5 0.12194196235534952E-001
  2 12 6 0.30687321499600691E-001
  2 12 7 0.30687321499600691E-001
  2 12 8 0.75318386293081090E-002
  2 12 9 -0.42442545751140807E-002
  2 12 10 0.75318386293081090E-002
  2 12 11 0.30687321499600691E-001
  2 12 13 0.12194196235534952E-001
  2 12 14 0.19954331401016583E-001
  2 12 15 0.75318386293081090E-002
  2 12 16 0.19954331401016583E-001
  2 12 17 0.12194196235534952E-001
  2 12 18 0.30687321499600691E-001
  2 13 1 0.75318386293081090E-002
  2 13 2 0.19954331401016583E-001
  2 13 3 0.12194196235534952E-001
  2 13 4 0.30687321499600691E-001
  2 13 5 0.12194196235534952E-001
  2 13 6 0.19954331401016583E-001
  2 13 7 0.30687321499600691E-001
  2 13 8 0.12194196235534952E-001
  2 13 9 0.19954331401016583E-001
  2 13 10 0.75318386293081090E-002
  2 13 11 0.19954331401016583E-001
  2 13 12 0.12194196235534952E-001
  2 13 14 0.30687321499600691E-001
  2 13 15 0.75318386293081090E-002
  2 13 16 -0.42442545751140807E-002
  2 13 17 0.75318386293081090E-002
  2 13 18 0.30687321499600691E-001
  2 14 1 0.19954331401016583E-001
  2 14 2 0.75318386293081090E-002
  2 14 3 0.19954331401016583E-001
  2 14 4 0.12194196235534952E-001
  2 14 5 0.30687321499600691E-001
  2 14 6 0.12194196235534952E-001
  2 14 7 0.12194196235534952E-001
  2 14 8 0.30687321499600691E-001
  2 14 9 0.12194196235534952E-001
  2 14 10 0.19954331401016583E-001
  2 14 11 0.75318386293081090E-002
  2 14 12 0.19954331401016583E-001
  2 14 13 0.30687321499600691E-001
  2 14 15 0.30687321499600691E-001
  2 14 16 0.75318386293081090E-002
  2 14 17 -0.42442545751140807E-002
  2 14 18 0.75318386293081090E-002
  2 15 1 0.12194196235534952E-001
  2 15 2 0.19954331401016583E-001
  2 15 3 0.75318386293081090E-002
  2 15 4 0.19954331401016583E-001
  2 15 5 0.12194196235534952E-001
  2 15 6 0.30687321499600691E-001
  2 15 7 0.19954331401016583E-001
  2 15 8 0.12194196235534952E-001
  2 15 9 0.30687321499600691E-001
  2 15 10 0.12194196235534952E-001
  2 15 11 0.19954331401016583E-001
  2 15 12 0.75318386293081090E-002
  2 15 13 0.75318386293081090E-002
  2 15 14 0.30687321499600691E-001
  2 15 16 0.30687321499600691E-001
  2 15 17 0.75318386293081090E-002
  2 15 18 -0.42442545751140807E-002
  2 16 1 0.30687321499600691E-001
  2 16 2 0.12194196235534952E-001
  2 16 3 0.19954331401016583E-001
  2 16 4 0.75318386293081090E-002
  2 16 5 0.19954331401016583E-001
  2 16 6 0.12194196235534952E-001
  2 16 7 0.75318386293081090E-002
  2 16 8 0.19954331401016583E-001
  2 16 9 0.12194196235534952E-001
  2 16 10 0.30687321499600691E-001
  2 16 11 0.12194196235534952E-001
  2 16 12 0.19954331401016583E-001
  2 16 13 -0.42442545751140807E-002
  2 16 14 0.75318386293081090E-002
  2 16 15 0.30687321499600691E-001
  2 16 17 0.30687321499600691E-001
  2 16 18 0.75318386293081090E-002
  2 17 1 0.12194196235534952E-001
  2 17 2 0.30687321499600691E-001
  2 17 3 0.12194196235534952E-001
  2 17 4 0.19954331401016583E-001
  2 17 5 0.75318386293081090E-002
  2 17 6 0.19954331401016583E-001
  2 17 7 0.19954331401016583E-001
  2 17 8 0.75318386293081090E-002
  2 17 9 0.19954331401016583E-001
  2 17 10 0.12194196235534952E-001
  2 17 11 0.30687321499600691E-001
  2 17 12 0.12194196235534952E-001
  2 17 13 0.75318386293081090E-002
  2 17 14 -0.42442545751140807E-002
  2 17 15 0.75318386293081090E-002
  2 17 16 0.30687321499600691E-001
  2 17 18 0.30687321499600691E-001
  2 18 1 0.19954331401016583E-001
  2 18 2 0.12194196235534952E-001
  2 18 3 0.30687321499600691E-001
  2 18 4 0.12194196235534952E-001
  2 18 5 0.19954331401016583E-001
  2 18 6 0.75318386293081090E-002
  2 18 7 0.12194196235534952E-001
  2 18 8 0.19954331401016583E-001
  2 18 9 0.75318386293081090E-002
  2 18 10 0.19954331401016583E-001
  2 18 11 0.12194196235534952E-001
  2 18 12 0.30687321499600691E-001
  2 18 13 0.30687321499600691E-001
  2 18 14 0.75318386293081090E-002
  2 18 15 -0.42442545751140807E-002
  2 18 16 0.75318386293081090E-002
  2 18 17 0.30687321499600691E-001
TERM-du
  2 1 2 -0.82999691579852455E-002
  2 1 3 0.33114193234489984E-002
  2 1 4 -0.29109146614053304E-001
  2 1 5 0.33114193234489984E-002
  2 1 6 -0.82999691579852455E-002
  2 1 7 -0.82999691579852455E-002
  2 1 8 0.33851341259124715E-001
  2 1 9 0.43605687678395205E-001
  2 1 10 0.33114193234489984E-002
  2 1 11 0.43605687678395205E-001
  2 1 12 0.33851341259124715E-001
  2 1 13 0.33114193234489984E-002
  2 1 14 0.43605687678395205E-001
  2 1 15 0.33851341259124715E-001
  2 1 16 -0.82999691579852455E-002
  2 1 17 0.33851341259124715E-001
  2 1 18 0.43605687678395205E-001
  2 2 1 -0.82999691579852455E-002
  2 2 3 -0.82999691579852455E-002
  2 2 4 0.33114193234489984E-002
  2 2 5 -0.29109146614053304E-001
  2 2 6 0.33114193234489984E-002
  2 2 7 0.33851341259124715E-001
  2 2 8 -0.82999691579852455E-002
  2 2 9 0.33851341259124715E-001
  2 2 10 0.43605687678395205E-001
  2 2 11 0.33114193234489984E-002
  2 2 12 0.43605687678395205E-001
  2 2 13 0.43605687678395205E-001
  2 2 14 0.33114193234489984E-002
  2 2 15 0.43605687678395205E-001
  2 2 16 0.33851341259124715E-001
  2 2 17 -0.82999691579852455E-002
  2 2 18 0.33851341259124715E-001
  2 3 1 0.33114193234489984E-002
  2 3 2 -0.82999691579852455E-002
  2 3 4 -0.82999691579852455E-002
  2 3 5 0.33114193234489984E-002
  2 3 6 -0.29109146614053304E-001
  2 3 7 0.43605687678395205E-001
  2 3 8 0.33851341259124715E-001
  2 3 9 -0.82999691579852455E-002
  2 3 10 0.33851341259124715E-001
  2 3 11 0.43605687678395205E-001
  2 3 12 0.33114193234489984E-002
  2 3 13 0.33851341259124715E-001
  2 3 14 0.43605687678395205E-001
  2 3 15 0.33114193234489984E-002
  2 3 16 0.43605687678395205E-001
  2 3 17 0.33851341259124715E-001
  2 3 18 -0.82999691579852455E-002
  2 4 1 -0.29109146614053304E-001
  2 4 2 0.33114193234489984E-002
  2 4 3 -0.82999691579852455E-002
  2 4 5 -0.82999691579852455E-002
  2 4 6 0.33114193234489984E-002
  2 4 7 0.33114193234489984E-002
  2 4 8 0.43605687678395205E-001
  2 4 9 0.33851341259124715E-001
  2 4 10 -0.82999691579852455E-002
  2 4 11 0.33851341259124715E-001
  2 4 12 0.43605687678395205E-001
  2 4 13 -0.82999691579852455E-002
  2 4 14 0.33851341259124715E-001
  2 4 15 0.43605687678395205E-001
  2 4 16 0.33114193234489984E-002
  2 4 17 0.43605687678395205E-001
  2 4 18 0.33851341259124715E-001
  2 5 1 0.33114193234489984E-002
  2 5 2 -0.29109146614053304E-001
  2 5 3 0.33114193234489984E-002
  2 5 4 -0.82999691579852455E-002
  2 5 6 -0.82999691579852455E-002
  2 5 7 0.43605687678395205E-001
  2 5 8 0.33114193234489984E-002
  2 5 9 0.43605687678395205E-001
  2 5 10 0.33851341259124715E-001
  2 5 11 -0.82999691579852455E-002
  2 5 12 0.33851341259124715E-001
  2 5 13 0.33851341259124715E-001
  2 5 14 -0.82999691579852455E-002
  2 5 15 0.33851341259124715E-001
  2 5 16 0.43605687678395205E-001
  2 5 17 0.33114193234489984E-002
  2 5 18 0.43605687678395205E-001
  2 6 1 -0.82999691579852455E-002
  2 6 2 0.33114193234489984E-002
  2 6 3 -0.29109146614053304E-001
  2 6 4 0.33114193234489984E-002
  2 6 5 -0.82999691579852455E-002
  2 6 7 0.33851341259124715E-001
  2 6 8 0.43605687678395205E-001
  2 6 9 0.33114193234489984E-002
  2 6 10 0.43605687678395205E-001
  2 6 11 0.33851341259124715E-001
  2 6 12 -0.82999691579852455E-002
  2 6 13 0.43605687678395205E-001
  2 6 14 0.33851341259124715E-001
  2 6 15 -0.82999691579852455E-002
  2 6 16 0.33851341259124715E-001
  2 6 17 0.43605687678395205E-001
  2 6 18 0.33114193234489984E-002
  2 7 1 -0.82999691579852455E-002
  2 7 2 0.33851341259124715E-001
  2 7 3 0.43605687678395205E-001
  2 7 4 0.33114193234489984E-002
  2 7 5 0.43605687678395205E-001
  2 7 6 0.33851341259124715E-001
  2 7 8 -0.82999691579852455E-002
  2 7 9 0.33114193234489984E-002
  2 7 10 -0.29109146614053304E-001
  2 7 11 0.33114193234489984E-002
  2 7 12 -0.82999691579852455E-002
  2 7 13 -0.82999691579852455E-002
  2 7 14 0.33851341259124715E-001
  2 7 15 0.43605687678395205E-001
  2 7 16 0.33114193234489984E-002
  2 7 17 0.43605687678395205E-001
  2 7 18 0.33851341259124715E-001
  2 8 1 0.33851341259124715E-001
  2 8 2 -0.82999691579852455E-002
  2 8 3 0.33851341259124715E-001
  2 8 4 0.43605687678395205E-001
  2 8 5 0.33114193234489984E-002
  2 8 6 0.43605687678395205E-001
  2 8 7 -0.82999691579852455E-002
  2 8 9 -0.82999691579852455E-002
  2 8 10 0.33114193234489984E-002
  2 8 11 -0.29109146614053304E-001
  2 8 12 0.33114193234489984E-002
  2 8 13 0.33851341259124715E-001
  2 8 14 -0.82999691579852455E-002
  2 8 15 0.33851341259124715E-001
  2 8 16 0.43605687678395205E-001
  2 8 17 0.33114193234489984E-002
  2 8 18 0.43605687678395205E-001
  2 9 1 0.43605687678395205E-001
  2 9 2 0.33851341259124715E-001
  2 9 3 -0.82999691579852455E-002
  2 9 4 0.33851341259124715E-001
  2 9 5 0.43605687678395205E-001
  2 9 6 0.33114193234489984E-002
  2 9 7 0.33114193234489984E-002
  2 9 8 -0.82999691579852455E-002
  2 9 10 -0.82999691579852455E-002
  2 9 11 0.33114193234489984E-002
  2 9 12 -0.29109146614053304E-001
  2 9 13 0.43605687678395205E-001
  2 9 14 0.33851341259124715E-001
  2 9 15 -0.82999691579852455E-002
  2 9 16 0.33851341259124715E-001
  2 9 17 0.43605687678395205E-001
  2 9 18 0.33114193234489984E-002
  2 10 1 0.33114193234489984E-002
  2 10 2 0.43605687678395205E-001
  2 10 3 0.33851341259124715E-001
  2 10 4 -0.82999691579852455E-002
  2 10 5 0.33851341259124715E-001
  2 10 6 0.43605687678395205E-001
  2 10 7 -0.29109146614053304E-001
  2 10 8 0.33114193234489984E-002
  2 10 9 -0.82999691579852455E-002
  2 10 11 -0.82999691579852455E-002
  2 10 12 0.33114193234489984E-002
  2 10 13 0.33114193234489984E-002
  2 10 14 0.43605687678395205E-001
  2 10 15 0.33851341259124715E-001
  2 10 16 -0.82999691579852455E-002
  2 10 17 0.33851341259124715E-001
  2 10 18 0.43605687678395205E-001
  2 11 1 0.43605687678395205E-001
  2 11 2 0.33114193234489984E-002
  2 11 3 0.43605687678395205E-001
  2 11 4 0.33851341259124715E-001
  2 11 5 -0.82999691579852455E-002
  2 11 6 0.33851341259124715E-001
  2 11 7 0.33114193234489984E-002
  2 11 8 -0.29109146614053304E-001
  2 11 9 0.33114193234489984E-002
  2 11 10 -0.82999691579852455E-002
  2 11 12 -0.82999691579852455E-002
  2 11 13 0.43605687678395205E-001
  2 11 14 0.33114193234489984E-002
  2 11 15 0.43605687678395205E-001
  2 11 16 0.33851341259124715E-001
  2 11 17 -0.82999691579852455E-002
  2 11 18 0.33851341259124715E-001
  2 12 1 0.33851341259124715E-001
  2 12 2 0.43605687678395205E-001
  2 12 3 0.33114193234489984E-002
  2 12 4 0.43605687678395205E-001
  2 12 5 0.33851341259124715E-001
  2 12 6 -0.82999691579852455E-002
  2 12 7 -0.82999691579852455E-002
  2 12 8 0.33114193234489984E-002
  2 12 9 -0.29109146614053304E-001
  2 12 10 0.33114193234489984E-002
  2 12 11 -0.82999691579852455E-002
  2 12 13 0.33851341259124715E-001
  2 12 14 0.43605687678395205E-001
  2 12 15 0.33114193234489984E-002
  2 12 16 0.43605687678395205E-001
  2 12 17 0.33851341259124715E-001
  2 12 18 -0.82999691579852455E-002
  2 13 1 0.33114193234489984E-002
  2 13 2 0.43605687678395205E-001
  2 13 3 0.33851341259124715E-001
  2 13 4 -0.82999691579852455E-002
  2 13 5 0.33851341259124715E-001
  2 13 6 0.43605687678395205E-001
  2 13 7 -0.82999691579852455E-002
  2 13 8 0.33851341259124715E-001
  2 13 9 0.43605687678395205E-001
  2 13 10 0.33114193234489984E-002
  2 13 11 0.43605687678395205E-001
  2 13 12 0.33851341259124715E-001
  2 13 14 -0.82999691579852455E-002
  2 13 15 0.33114193234489984E-002
  2 13 16 -0.29109146614053304E-001
  2 13 17 0.33114193234489984E-002
  2 13 18 -0.82999691579852455E-002
  2 14 1 0.43605687678395205E-001
  2 14 2 0.33114193234489984E-002
  2 14 3 0.43605687678395205E-001
  2 14 4 0.33851341259124715E-001
  2 14 5 -0.82999691579852455E-002
  2 14 6 0.33851341259124715E-001
  2 14 7 0.33851341259124715E-001
  2 14 8 -0.82999691579852455E-002
  2 14 9 0.33851341259124715E-001
  2 14 10 0.43605687678395205E-001
  2 14 11 0.33114193234489984E-002
  2 14 12 0.43605687678395205E-001
  2 14 13 -0.82999691579852455E-002
  2 14 15 -0.82999691579852455E-002
  2 14 16 0.33114193234489984E-002
  2 14 17 -0.29109146614053304E-001
  2 14 18 0.33114193234489984E-002
  2 15 1 0.33851341259124715E-001
  2 15 2 0.43605687678395205E-001
  2 15 3 0.33114193234489984E-002
  2 15 4 0.43605687678395205E-001
  2 15 5 0.33851341259124715E-001
  2 15 6 -0.82999691579852455E-002
  2 15 7 0.43605687678395205E-001
  2 15 8 0.33851341259124715E-001
  2 15 9 -0.82999691579852455E-002
  2 15 10 0.33851341259124715E-001
  2 15 11 0.43605687678395205E-001
  2 15 12 0.33114193234489984E-002
  2 15 13 0.33114193234489984E-002
  2 15 14 -0.82999691579852455E-002
  2 15 16 -0.82999691579852455E-002
  2 15 17 0.33114193234489984E-002
  2 15 18 -0.29109146614053304E-001
  2 16 1 -0.82999691579852455E-002
  2 16 2 0.33851341259124715E-001
  2 16 3 0.43605687678395205E-001
  2 16 4 0.33114193234489984E-002
  2 16 5 0.43605687678395205E-001
  2 16 6 0.33851341259124715E-001
  2 16 7 0.33114193234489984E-002
  2 16 8 0.43605687678395205E-001
  2 16 9 0.33851341259124715E-001
  2 16 10 -0.82999691579852455E-002
  2 16 11 0.33851341259124715E-001
  2 16 12 0.43605687678395205E-001
  2 16 13 -0.29109146614053304E-001
  2 16 14 0.33114193234489984E-002
  2 16 15 -0.82999691579852455E-002
  2 16 17 -0.82999691579852455E-002
  2 16 18 0.33114193234489984E-002
  2 17 1 0.33851341259124715E-001
  2 17 2 -0.82999691579852455E-002
  2 17 3 0.33851341259124715E-001
  2 17 4 0.43605687678395205E-001
  2 17 5 0.33114193234489984E-002
  2 17 6 0.43605687678395205E-001
  2 17 7 0.43605687678395205E-001
  2 17 8 0.33114193234489984E-002
  2 17 9 0.43605687678395205E-001
  2 17 10 0.33851341259124715E-001
  2 17 11 -0.82999691579852455E-002
  2 17 12 0.33851341259124715E-001
  2 17 13 0.33114193234489984E-002
  2 17 14 -0.29109146614053304E-001
  2 17 15 0.33114193234489984E-002
  2 17 16 -0.82999691579852455E-002
  2 17 18 -0.82999691579852455E-002
  2 18 1 0.43605687678395205E-001
  2 18 2 0.33851341259124715E-001
  2 18 3 -0.82999691579852455E-002
  2 18 4 0.33851341259124715E-001
  2 18 5 0.43605687678395205E-001
  2 18 6 0.33114193234489984E-002
  2 18 7 0.33851341259124715E-001
  2 18 8 0.43605687678395205E-001
  2 18 9 0.33114193234489984E-002
  2 18 10 0.43605687678395205E-001
  2 18 11 0.33851341259124715E-001
  2 18 12 -0.82999691579852455E-002
  2 18 13 -0.82999691579852455E-002
  2 18 14 0.33114193234489984E-002
  2 18 15 -0.29109146614053304E-001
  2 18 16 0.33114193234489984E-002
  2 18 17 -0.82999691579852455E-002
TERM-20
  1 1 2 0.49326102192440838E-001
  1 1 3 0.90254181222932332E-002
  1 1 4 -0.64087936988788952E-002
  1 1 5 0.90254181222932332E-002
  1 1 6 0.49326102192440838E-001
  1 1 7 0.49326102192440838E-001
  1 1 8 0.31732162249739751E-001
  1 1 9 0.33325940232940138E-001
  1 1 10 0.90254181222932332E-002
  1 1 11 0.33325940232940138E-001
  1 1 12 0.31732162249739751E-001
  1 1 13 0.90254181222932332E-002
  1 1 14 0.33325940232940138E-001
  1 1 15 0.31732162249739751E-001
  1 1 16 0.49326102192440838E-001
  1 1 17 0.31732162249739751E-001
  1 1 18 0.33325940232940138E-001
  1 2 1 0.49326102192440838E-001
  1 2 3 0.49326102192440838E-001
  1 2 4 0.90254181222932332E-002
  1 2 5 -0.64087936988788952E-002
  1 2 6 0.90254181222932332E-002
  1 2 7 0.31732162249739751E-001
  1 2 8 0.49326102192440838E-001
  1 2 9 0.31732162249739751E-001
  1 2 10 0.33325940232940138E-001
  1 2 11 0.90254181222932332E-002
  1 2 12 0.33325940232940138E-001
  1 2 13 0.33325940232940138E-001
  1 2 14 0.90254181222932332E-002
  1 2 15 0.33325940232940138E-001
  1 2 16 0.31732162249739751E-001
  1 2 17 0.49326102192440838E-001
  1 2 18 0.31732162249739751E-001
  1 3 1 0.90254181222932332E-002
  1 3 2 0.49326102192440838E-001
  1 3 4 0.49326102192440838E-001
  1 3 5 0.90254181222932332E-002
  1 3 6 -0.64087936988788952E-002
  1 3 7 0.33325940232940138E-001
  1 3 8 0.31732162249739751E-001
  1 3 9 0.49326102192440838E-001
  1 3 10 0.31732162249739751E-001
  1 3 11 0.33325940232940138E-001
  1 3 12 0.90254181222932332E-002
  1 3 13 0.31732162249739751E-001
  1 3 14 0.33325940232940138E-001
  1 3 15 0.90254181222932332E-002
  1 3 16 0.33325940232940138E-001
  1 3 17 0.31732162249739751E-001
  1 3 18 0.49326102192440838E-001
  1 4 1 -0.64087936988788952E-002
  1 4 2 0.90254181222932332E-002
  1 4 3 0.49326102192440838E-001
  1 4 5 0.49326102192440838E-001
  1 4 6 0.90254181222932332E-002
  1 4 7 0.90254181222932332E-002
  1 4 8 0.33325940232940138E-001
  1 4 9 0.31732162249739751E-001
  1 4 10 0.49326102192440838E-001
  1 4 11 0.31732162249739751E-001
  1 4 12 0.33325940232940138E-001
  1 4 13 0.49326102192440838E-001
  1 4 14 0.31732162249739751E-001
  1 4 15 0.33325940232940138E-001
  1 4 16 0.90254181222932332E-002
  1 4 17 0.33325940232940138E-001
  1 4 18 0.31732162249739751E-001
  1 5 1 0.90254181222932332E-002
  1 5 2 -0.64087936988788952E-002
  1 5 3 0.90254181222932332E-002
  1 5 4 0.49326102192440838E-001
  1 5 6 0.49326102192440838E-001
  1 5 7 0.33325940232940138E-001
  1 5 8 0.90254181222932332E-002
  1 5 9 0.33325940232940138E-001
  1 5 10 0.31732162249739751E-001
  1 5 11 0.49326102192440838E-001
  1 5 12 0.31732162249739751E-001
  1 5 13 0.31732162249739751E-001
  1 5 14 0.49326102192440838E-001
  1 5 15 0.31732162249739751E-001
  1 5 16 0.33325940232940138E-001
  1 5 17 0.90254181222932332E-002
  1 5 18 0.33325940232940138E-001
  1 6 1 0.49326102192440838E-001
  1 6 2 0.90254181222932332E-002
  1 6 3 -0.64087936988788952E-002
  1 6 4 0.90254181222932332E-002
  1 6 5 0.49326102192440838E-001
  1 6 7 0.31732162249739751E-001
  1 6 8 0.33325940232940138E-001
  1 6 9 0.90254181222932332E-002
  1 6 10 0.33325940232940138E-001
  1 6 11 0.31732162249739751E-001
  1 6 12 0.49326102192440838E-001
  1 6 13 0.33325940232940138E-001
  1 6 14 0.31732162249739751E-001
  1 6 15 0.49326102192440838E-001
  1 6 16 0.31732162249739751E-001
  1 6 17 0.33325940232940138E-001
  1 6 18 0.90254181222932332E-002
  1 7 1 0.49326102192440838E-001
  1 7 2 0.31732162249739751E-001
  1 7 3 0.33325940232940138E-001
  1 7 4 0.90254181222932332E-002
  1 7 5 0.33325940232940138E-001
  1 7 6 0.31732162249739751E-001
  1 7 8 0.49326102192440838E-001
  1 7 9 0.90254181222932332E-002
  1 7 10 -0.64087936988788952E-002
  1 7 11 0.90254181222932332E-002
  1 7 12 0.49326102192440838E-001
  1 7 13 0.49326102192440838E-001
  1 7 14 0.31732162249739751E-001
  1 7 15 0.33325940232940138E-001
  1 7 16 0.90254181222932332E-002
  1 7 17 0.33325940232940138E-001
  1 7 18 0.31732162249739751E-001
  1 8 1 0.31732162249739751E-001
  1 8 2 0.49326102192440838E-001
  1 8 3 0.31732162249739751E-001
  1 8 4 0.33325940232940138E-001
  1 8 5 0.90254181222932332E-002
  1 8 6 0.33325940232940138E-001
  1 8 7 0.49326102192440838E-001
  1 8 9 0.49326102192440838E-001
  1 8 10 0.90254181222932332E-002
  1 8 11 -0.64087936988788952E-002
  1 8 12 0.90254181222932332E-002
  1 8 13 0.31732162249739751E-001
  1 8 14 0.49326102192440838E-001
  1 8 15 0.31732162249739751E-001
  1 8 16 0.33325940232940138E-001
  1 8 17 0.90254181222932332E-002
  1 8 18 0.33325940232940138E-001
  1 9 1 0.33325940232940138E-001
  1 9 2 0.31732162249739751E-001
  1 9 3 0.49326102192440838E-001
  1 9 4 0.31732162249739751E-001
  1 9 5 0.33325940232940138E-001
  1 9 6 0.90254181222932332E-002
  1 9 7 0.90254181222932332E-002
  1 9 8 0.49326102192440838E-001
  1 9 10 0.49326102192440838E-001
  1 9 11 0.90254181222932332E-002
  1 9 12 -0.64087936988788952E-002
  1 9 13 0.33325940232940138E-001
  1 9 14 0.31732162249739751E-001
  1 9 15 0.49326102192440838E-001
  1 9 16 0.31732162249739751E-001
  1 9 17 0.33325940232940138E-001
  1 9 18 0.90254181222932332E-002
  1 10 1 0.90254181222932332E-002
  1 10 2 0.33325940232940138E-001
  1 10 3 0.31732162249739751E-001
  1 10 4 0.49326102192440838E-001
  1 10 5 0.31732162249739751E-001
  1 10 6 0.33325940232940138E-001
  1 10 7 -0.64087936988788952E-002
  1 10 8 0.90254181222932332E-002
  1 10 9 0.49326102192440838E-001
  1 10 11 0.49326102192440838E-001
  1 10 12 0.90254181222932332E-002
  1 10 13 0.90254181222932332E-002
  1 10 14 0.33325940232940138E-001
  1 10 15 0.31732162249739751E-001
  1 10 16 0.49326102192440838E-001
  1 10 17 0.31732162249739751E-001
  1 10 18 0.33325940232940138E-001
  1 11 1 0.33325940232940138E-001
  1 11 2 0.90254181222932332E-002
  1 11 3 0.33325940232940138E-001
  1 11 4 0.31732162249739751E-001
  1 11 5 0.49326102192440838E-001
  1 11 6 0.31732162249739751E-001
  1 11 7 0.90254181222932332E-002
  1 11 8 -0.64087936988788952E-002
  1 11 9 0.90254181222932332E-002
  1 11 10 0.49326102192440838E-001
  1 11 12 0.49326102192440838E-001
  1 11 13 0.33325940232940138E-001
  1 11 14 0.90254181222932332E-002
  1 11 15 0.33325940232940138E-001
  1 11 16 0.31732162249739751E-001
  1 11 17 0.49326102192440838E-001
  1 11 18 0.31732162249739751E-001
  1 12 1 0.31732162249739751E-001
  1 12 2 0.33325940232940138E-001
  1 12 3 0.90254181222932332E-002
  1 12 4 0.33325940232940138E-001
  1 12 5 0.31732162249739751E-001
  1 12 6 0.49326102192440838E-001
  1 12 7 0.49326102192440838E-001
  1 12 8 0.90254181222932332E-002
  1 12 9 -0.64087936988788952E-002
  1 12 10 0.90254181222932332E-002
  1 12 11 0.49326102192440838E-001
  1 12 13 0.31732162249739751E-001
  1 12 14 0.33325940232940138E-001
  1 12 15 0.90254181222932332E-002
  1 12 16 0.33325940232940138E-001
  1 12 17 0.31732162249739751E-001
  1 12 18 0.49326102192440838E-001
  1 13 1 0.90254181222932332E-002
  1 13 2 0.33325940232940138E-001
  1 13 3 0.31732162249739751E-001
  1 13 4 0.49326102192440838E-001
  1 13 5 0.31732162249739751E-001
  1 13 6 0.33325940232940138E-001
  1 13 7 0.49326102192440838E-001
  1 13 8 0.31732162249739751E-001
  1 13 9 0.33325940232940138E-001
  1 13 10 0.90254181222932332E-002
  1 13 11 0.33325940232940138E-001
  1 13 12 0.31732162249739751E-001
  1 13 14 0.49326102192440838E-001
  1 13 15 0.90254181222932332E-002
  1 13 16 -0.64087936988788952E-002
  1 13 17 0.90254181222932332E-002
  1 13 18 0.49326102192440838E-001
  1 14 1 0.33325940232940138E-001
  1 14 2 0.90254181222932332E-002
  1 14 3 0.33325940232940138E-001
  1 14 4 0.31732162249739751E-001
  1 14 5 0.49326102192440838E-001
  1 14 6 0.31732162249739751E-001
  1 14 7 0.31732162249739751E-001
  1 14 8 0.49326102192440838E-001
  1 14 9 0.31732162249739751E-001
  1 14 10 0.33325940232940138E-001
  1 14 11 0.90254181222932332E-002
  1 14 12 0.33325940232940138E-001
  1 14 13 0.49326102192440838E-001
  1 14 15 0.49326102192440838E-001
  1 14 16 0.90254181222932332E-002
  1 14 17 -0.64087936988788952E-002
  1 14 18 0.90254181222932332E-002
  1 15 1 0.31732162249739751E-001
  1 15 2 0.33325940232940138E-001
  1 15 3 0.90254181222932332E-002
  1 15 4 0.33325940232940138E-001
  1 15 5 0.31732162249739751E-001
  1 15 6 0.49326102192440838E-001
  1 15 7 0.33325940232940138E-001
  1 15 8 0.31732162249739751E-001
  1 15 9 0.49326102192440838E-001
  1 15 10 0.31732162249739751E-001
  1 15 11 0.33325940232940138E-001
  1 15 12 0.90254181222932332E-002
  1 15 13 0.90254181222932332E-002
  1 15 14 0.49326102192440838E-001
  1 15 16 0.49326102192440838E-001
  1 15 17 0.90254181222932332E-002
  1 15 18 -0.64087936988788952E-002
  1 16 1 0.49326102192440838E-001
  1 16 2 0.31732162249739751E-001
  1 16 3 0.33325940232940138E-001
  1 16 4 0.90254181222932332E-002
  1 16 5 0.33325940232940138E-001
  1 16 6 0.31732162249739751E-001
  1 16 7 0.90254181222932332E-002
  1 16 8 0.33325940232940138E-001
  1 16 9 0.31732162249739751E-001
  1 16 10 0.49326102192440838E-001
  1 16 11 0.31732162249739751E-001
  1 16 12 0.33325940232940138E-001
  1 16 13 -0.64087936988788952E-002
  1 16 14 0.90254181222932332E-002
  1 16 15 0.49326102192440838E-001
  1 16 17 0.49326102192440838E-001
  1 16 18 0.90254181222932332E-002
  1 17 1 0.31732162249739751E-001
  1 17 2 0.49326102192440838E-001
  1 17 3 0.31732162249739751E-001
  1 17 4 0.33325940232940138E-001
  1 17 5 0.90254181222932332E-002
  1 17 6 0.33325940232940138E-001
  1 17 7 0.33325940232940138E-001
  1 17 8 0.90254181222932332E-002
  1 17 9 0.33325940232940138E-001
  1 17 10 0.31732162249739751E-001
  1 17 11 0.49326102192440838E-001
  1 17 12 0.31732162249739751E-001
  1 17 13 0.90254181222932332E-002
  1 17 14 -0.64087936988788952E-002
  1 17 15 0.90254181222932332E-002
  1 17 16 0.49326102192440838E-001
  1 17 18 0.49326102192440838E-001
  1 18 1 0.33325940232940138E-001
  1 18 2 0.31732162249739751E-001
  1 18 3 0.49326102192440838E-001
  1 18 4 0.31732162249739751E-001
  1 18 5 0.33325940232940138E-001
  1 18 6 0.90254181222932332E-002
  1 18 7 0.31732162249739751E-001
  1 18 8 0.33325940232940138E-001
  1 18 9 0.90254181222932332E-002
  1 18 10 0.33325940232940138E-001
  1 18 11 0.31732162249739751E-001
  1 18 12 0.49326102192440838E-001
  1 18 13 0.49326102192440838E-001
  1 18 14 0.90254181222932332E-002
  1 18 15 -0.64087936988788952E-002
  1 18 16 0.90254181222932332E-002
  1 18 17 0.49326102192440838E-001
  2 1 2 0.49326102192440838E-001
  2 1 3 0.90254181222932332E-002
  2 1 4 -0.64087936988788952E-002
  2 1 5 0.90254181222932332E-002
  2 1 6 0.49326102192440838E-001
  2 1 7 0.49326102192440838E-001
  2 1 8 0.31732162249739751E-001
  2 1 9 0.33325940232940138E-001
  2 1 10 0.90254181222932332E-002
  2 1 11 0.33325940232940138E-001
  2 1 12 0.31732162249739751E-001
  2 1 13 0.90254181222932332E-002
  2 1 14 0.33325940232940138E-001
  2 1 15 0.31732162249739751E-001
  2 1 16 0.49326102192440838E-001
  2 1 17 0.31732162249739751E-001
  2 1 18 0.33325940232940138E-001
  2 2 1 0.49326102192440838E-001
  2 2 3 0.49326102192440838E-001
  2 2 4 0.90254181222932332E-002
  2 2 5 -0.64087936988788952E-002
  2 2 6 0.90254181222932332E-002
  2 2 7 0.31732162249739751E-001
  2 2 8 0.49326102192440838E-001
  2 2 9 0.31732162249739751E-001
  2 2 10 0.33325940232940138E-001
  2 2 11 0.90254181222932332E-002
  2 2 12 0.33325940232940138E-001
  2 2 13 0.33325940232940138E-001
  2 2 14 0.90254181222932332E-002
  2 2 15 0.33325940232940138E-001
  2 2 16 0.31732162249739751E-001
  2 2 17 0.49326102192440838E-001
  2 2 18 0.31732162249739751E-001
  2 3 1 0.90254181222932332E-002
  2 3 2 0.49326102192440838E-001
  2 3 4 0.49326102192440838E-001
  2 3 5 0.90254181222932332E-002
  2 3 6 -0.64087936988788952E-002
  2 3 7 0.33325940232940138E-001
  2 3 8 0.31732162249739751E-001
  2 3 9 0.49326102192440838E-001
  2 3 10 0.31732162249739751E-001
  2 3 11 0.33325940232940138E-001
  2 3 12 0.90254181222932332E-002
  2 3 13 0.31732162249739751E-001
  2 3 14 0.33325940232940138E-001
  2 3 15 0.90254181222932332E-002
  2 3 16 0.33325940232940138E-001
  2 3 17 0.31732162249739751E-001
  2 3 18 0.49326102192440838E-001
  2 4 1 -0.64087936988788952E-002
  2 4 2 0.90254181222932332E-002
  2 4 3 0.49326102192440838E-001
  2 4 5 0.49326102192440838E-001
  2 4 6 0.90254181222932332E-002
  2 4 7 0.90254181222932332E-002
  2 4 8 0.33325940232940138E-001
  2 4 9 0.31732162249739751E-001
  2 4 10 0.49326102192440838E-001
  2 4 11 0.31732162249739751E-001
  2 4 12 0.33325940232940138E-001
  2 4 13 0.49326102192440838E-001
  2 4 14 0.31732162249739751E-001
  2 4 15 0.33325940232940138E-001
  2 4 16 0.90254181222932332E-002
  2 4 17 0.33325940232940138E-001
  2 4 18 0.31732162249739751E-001
  2 5 1 0.90254181222932332E-002
  2 5 2 -0.64087936988788952E-002
  2 5 3 0.90254181222932332E-002
  2 5 4 0.49326102192440838E-001
  2 5 6 0.49326102192440838E-001
  2 5 7 0.33325940232940138E-001
  2 5 8 0.90254181222932332E-002
  2 5 9 0.33325940232940138E-001
  2 5 10 0.31732162249739751E-001
  2 5 11 0.49326102192440838E-001
  2 5 12 0.31732162249739751E-001
  2 5 13 0.31732162249739751E-001
  2 5 14 0.49326102192440838E-001
  2 5 15 0.31732162249739751E-001
  2 5 16 0.33325940232940138E-001
  2 5 17 0.90254181222932332E-002
  2 5 18 0.33325940232940138E-001
  2 6 1 0.49326102192440838E-001
  2 6 2 0.90254181222932332E-002
  2 6 3 -0.64087936988788952E-002
  2 6 4 0.90254181222932332E-002
  2 6 5 0.49326102192440838E-001
  2 6 7 0.31732162249739751E-001
  2 6 8 0.33325940232940138E-001
  2 6 9 0.90254181222932332E-002
  2 6 10 0.33325940232940138E-001
  2 6 11 0.31732162249739751E-001
  2 6 12 0.49326102192440838E-001
  2 6 13 0.33325940232940138E-001
  2 6 14 0.31732162249739751E-001
  2 6 15 0.49326102192440838E-001
  2 6 16 0.31732162249739751E-001
  2 6 17 0.33325940232940138E-001
  2 6 18 0.90254181222932332E-002
  2 7 1 0.49326102192440838E-001
  2 7 2 0.31732162249739751E-001
  2 7 3 0.33325940232940138E-001
  2 7 4 0.90254181222932332E-002
  2 7 5 0.33325940232940138E-001
  2 7 6 0.31732162249739751E-001
  2 7 8 0.49326102192440838E-001
  2 7 9 0.90254181222932332E-002
  2 7 10 -0.64087936988788952E-002
  2 7 11 0.90254181222932332E-002
  2 7 12 0.49326102192440838E-001
  2 7 13 0.49326102192440838E-001
  2 7 14 0.31732162249739751E-001
  2 7 15 0.33325940232940138E-001
  2 7 16 0.90254181222932332E-002
  2 7 17 0.33325940232940138E-001
  2 7 18 0.31732162249739751E-001
  2 8 1 0.31732162249739751E-001
  2 8 2 0.49326102192440838E-001
  2 8 3 0.31732162249739751E-001
  2 8 4 0.33325940232940138E-001
  2 8 5 0.90254181222932332E-002
  2 8 6 0.33325940232940138E-001
  2 8 7 0.49326102192440838E-001
  2 8 9 0.49326102192440838E-001
  2 8 10 0.90254181222932332E-002
  2 8 11 -0.64087936988788952E-002
  2 8 12 0.90254181222932332E-002
  2 8 13 0.31732162249739751E-001
  2 8 14 0.49326102192440838E-001
  2 8 15 0.31732162249739751E-001
  2 8 16 0.33325940232940138E-001
  2 8 17 0.90254181222932332E-002
  2 8 18 0.33325940232940138E-001
  2 9 1 0.33325940232940138E-001
  2 9 2 0.31732162249739751E-001
  2 9 3 0.49326102192440838E-001
  2 9 4 0.31732162249739751E-001
  2 9 5 0.33325940232940138E-001
  2 9 6 0.90254181222932332E-002
  2 9 7 0.90254181222932332E-002
  2 9 8 0.49326102192440838E-001
  2 9 10 0.49326102192440838E-001
  2 9 11 0.90254181222932332E-002
  2 9 12 -0.64087936988788952E-002
  2 9 13 0.33325940232940138E-001
  2 9 14 0.31732162249739751E-001
  2 9 15 0.49326102192440838E-001
  2 9 16 0.31732162249739751E-001
  2 9 17 0.33325940232940138E-001
  2 9 18 0.90254181222932332E-002
  2 10 1 0.90254181222932332E-002
  2 10 2 0.33325940232940138E-001
  2 10 3 0.31732162249739751E-001
  2 10 4 0.49326102192440838E-001
  2 10 5 0.31732162249739751E-001
  2 10 6 0.33325940232940138E-001
  2 10 7 -0.64087936988788952E-002
  2 10 8 0.90254181222932332E-002
  2 10 9 0.49326102192440838E-001
  2 10 11 0.49326102192440838E-001
  2 10 12 0.90254181222932332E-002
  2 10 13 0.90254181222932332E-002
  2 10 14 0.33325940232940138E-001
  2 10 15 0.31732162249739751E-001
  2 10 16 0.49326102192440838E-001
  2 10 17 0.31732162249739751E-001
  2 10 18 0.33325940232940138E-001
  2 11 1 0.33325940232940138E-001
  2 11 2 0.90254181222932332E-002
  2 11 3 0.33325940232940138E-001
  2 11 4 0.31732162249739751E-001
  2 11 5 0.49326102192440838E-001
  2 11 6 0.31732162249739751E-001
  2 11 7 0.90254181222932332E-002
  2 11 8 -0.64087936988788952E-002
  2 11 9 0.90254181222932332E-002
  2 11 10 0.49326102192440838E-001
  2 11 12 0.49326102192440838E-001
  2 11 13 0.33325940232940138E-001
  2 11 14 0.90254181222932332E-002
  2 11 15 0.33325940232940138E-001
  2 11 16 0.31732162249739751E-001
  2 11 17 0.49326102192440838E-001
  2 11 18 0.31732162249739751E-001
  2 12 1 0.31732162249739751E-001
  2 12 2 0.33325940232940138E-001
  2 12 3 0.90254181222932332E-002
  2 12 4 0.33325940232940138E-001
  2 12 5 0.31732162249739751E-001
  2 12 6 0.49326102192440838E-001
  2 12 7 0.49326102192440838E-001
  2 12 8 0.90254181222932332E-002
  2 12 9 -0.64087936988788952E-002
  2 12 10 0.90254181222932332E-002
  2 12 11 0.49326102192440838E-001
  2 12 13 0.31732162249739751E-001
  2 12 14 0.33325940232940138E-001
  2 12 15 0.90254181222932332E-002
  2 12 16 0.33325940232940138E-001
  2 12 17 0.31732162249739751E-001
  2 12 18 0.49326102192440838E-001
  2 13 1 0.90254181222932332E-002
  2 13 2 0.33325940232940138E-001
  2 13 3 0.31732162249739751E-001
  2 13 4 0.49326102192440838E-001
  2 13 5 0.31732162249739751E-001
  2 13 6 0.33325940232940138E-001
  2 13 7 0.49326102192440838E-001
  2 13 8 0.31732162249739751E-001
  2 13 9 0.33325940232940138E-001
  2 13 10 0.90254181222932332E-002
  2 13 11 0.33325940232940138E-001
  2 13 12 0.31732162249739751E-001
  2 13 14 0.49326102192440838E-001
  2 13 15 0.90254181222932332E-002
  2 13 16 -0.64087936988788952E-002
  2 13 17 0.90254181222932332E-002
  2 13 18 0.49326102192440838E-001
  2 14 1 0.33325940232940138E-001
  2 14 2 0.90254181222932332E-002
  2 14 3 0.33325940232940138E-001
  2 14 4 0.31732162249739751E-001
  2 14 5 0.49326102192440838E-001
  2 14 6 0.31732162249739751E-001
  2 14 7 0.31732162249739751E-001
  2 14 8 0.49326102192440838E-001
  2 14 9 0.31732162249739751E-001
  2 14 10 0.33325940232940138E-001
  2 14 11 0.90254181222932332E-002
  2 14 12 0.33325940232940138E-001
  2 14 13 0.49326102192440838E-001
  2 14 15 0.49326102192440838E-001
  2 14 16 0.90254181222932332E-002
  2 14 17 -0.64087936988788952E-002
  2 14 18 0.90254181222932332E-002
  2 15 1 0.31732162249739751E-001
  2 15 2 0.33325940232940138E-001
  2 15 3 0.90254181222932332E-002
  2 15 4 0.33325940232940138E-001
  2 15 5 0.31732162249739751E-001
  2 15 6 0.49326102192440838E-001
  2 15 7 0.33325940232940138E-001
  2 15 8 0.31732162249739751E-001
  2 15 9 0.49326102192440838E-001
  2 15 10 0.31732162249739751E-001
  2 15 11 0.33325940232940138E-001
  2 15 12 0.90254181222932332E-002
  2 15 13 0.90254181222932332E-002
  2 15 14 0.49326102192440838E-001
  2 15 16 0.49326102192440838E-001
  2 15 17 0.90254181222932332E-002
  2 15 18 -0.64087936988788952E-002
  2 16 1 0.49326102192440838E-001
  2 16 2 0.31732162249739751E-001
  2 16 3 0.33325940232940138E-001
  2 16 4 0.90254181222932332E-002
  2 16 5 0.33325940232940138E-001
  2 16 6 0.31732162249739751E-001
  2 16 7 0.90254181222932332E-002
  2 16 8 0.33325940232940138E-001
  2 16 9 0.31732162249739751E-001
  2 16 10 0.49326102192440838E-001
  2 16 11 0.31732162249739751E-001
  2 16 12 0.33325940232940138E-001
  2 16 13 -0.64087936988788952E-002
  2 16 14 0.90254181222932332E-002
  2 16 15 0.49326102192440838E-001
  2 16 17 0.49326102192440838E-001
  2 16 18 0.90254181222932332E-002
  2 17 1 0.31732162249739751E-001
  2 17 2 0.49326102192440838E-001
  2 17 3 0.31732162249739751E-001
  2 17 4 0.33325940232940138E-001
  2 17 5 0.90254181222932332E-002
  2 17 6 0.33325940232940138E-001
  2 17 7 0.33325940232940138E-001
  2 17 8 0.90254181222932332E-002
  2 17 9 0.33325940232940138E-001
  2 17 10 0.31732162249739751E-001
  2 17 11 0.49326102192440838E-001
  2 17 12 0.31732162249739751E-001
  2 17 13 0.90254181222932332E-002
  2 17 14 -0.64087936988788952E-002
  2 17 15 0.90254181222932332E-002
  2 17 16 0.49326102192440838E-001
  2 17 18 0.49326102192440838E-001
  2 18 1 0.33325940232940138E-001
  2 18 2 0.31732162249739751E-001
  2 18 3 0.49326102192440838E-001
  2 18 4 0.31732162249739751E-001
  2 18 5 0.33325940232940138E-001
  2 18 6 0.90254181222932332E-002
  2 18 7 0.31732162249739751E-001
  2 18 8 0.33325940232940138E-001
  2 18 9 0.90254181222932332E-002
  2 18 10 0.33325940232940138E-001
  2 18 11 0.31732162249739751E-001
  2 18 12 0.49326102192440838E-001
  2 18 13 0.49326102192440838E-001
  2 18 14 0.90254181222932332E-002
  2 18 15 -0.64087936988788952E-002
  2 18 16 0.90254181222932332E-002
  2 18 17 0.49326102192440838E-001
TERM-2u
  2 1 2 -0.16500997471788504E-001
  2 1 3 0.35692689485055441E-002
  2 1 4 -0.38067342068590741E-001
  2 1 5 0.35692689485055441E-002
  2 1 6 -0.16500997471788504E-001
  2 1 7 -0.16500997471788504E-001
  2 1 8 0.57664418141358968E-001
  2 1 9 0.64540865232661990E-001
  2 1 10 0.35692689485055441E-002
  2 1 11 0.64540865232661990E-001
  2 1 12 0.57664418141358968E-001
  2 1 13 0.35692689485055441E-002
  2 1 14 0.64540865232661990E-001
  2 1 15 0.57664418141358968E-001
  2 1 16 -0.16500997471788504E-001
  2 1 17 0.57664418141358968E-001
  2 1 18 0.64540865232661990E-001
  2 2 1 -0.16500997471788504E-001
  2 2 3 -0.16500997471788504E-001
  2 2 4 0.35692689485055441E-002
  2 2 5 -0.38067342068590741E-001
  2 2 6 0.35692689485055441E-002
  2 2 7 0.57664418141358968E-001
  2 2 8 -0.16500997471788504E-001
  2 2 9 0.57664418141358968E-001
  2 2 10 0.64540865232661990E-001
  2 2 11 0.35692689485055441E-002
  2 2 12 0.64540865232661990E-001
  2 2 13 0.64540865232661990E-001
  2 2 14 0.35692689485055441E-002
  2 2 15 0.64540865232661990E-001
  2 2 16 0.57664418141358968E-001
  2 2 17 -0.16500997471788504E-001
  2 2 18 0.57664418141358968E-001
  2 3 1 0.35692689485055441E-002
  2 3 2 -0.16500997471788504E-001
  2 3 4 -0.16500997471788504E-001
  2 3 5 0.35692689485055441E-002
  2 3 6 -0.38067342068590741E-001
  2 3 7 0.64540865232661990E-001
  2 3 8 0.57664418141358968E-001
  2 3 9 -0.16500997471788504E-001
  2 3 10 0.57664418141358968E-001
  2 3 11 0.64540865232661990E-001
  2 3 12 0.35692689485055441E-002
  2 3 13 0.57664418141358968E-001
  2 3 14 0.64540865232661990E-001
  2 3 15 0.35692689485055441E-002
  2 3 16 0.64540865232661990E-001
  2 3 17 0.57664418141358968E-001
  2 3 18 -0.16500997471788504E-001
  2 4 1 -0.38067342068590741E-001
  2 4 2 0.35692689485055441E-002
  2 4 3 -0.16500997471788504E-001
  2 4 5 -0.16500997471788504E-001
  2 4 6 0.35692689485055441E-002
  2 4 7 0.35692689485055441E-002
  2 4 8 0.64540865232661990E-001
  2 4 9 0.57664418141358968E-001
  2 4 10 -0.16500997471788504E-001
  2 4 11 0.57664418141358968E-001
  2 4 12 0.64540865232661990E-001
  2 4 13 -0.16500997471788504E-001
  2 4 14 0.57664418141358968E-001
  2 4 15 0.64540865232661990E-001
  2 4 16 0.35692689485055441E-002
  2 4 17 0.64540865232661990E-001
  2 4 18 0.57664418141358968E-001
  2 5 1 0.35692689485055441E-002
  2 5 2 -0.38067342068590741E-001
  2 5 3 0.35692689485055441E-002
  2 5 4 -0.16500997471788504E-001
  2 5 6 -0.16500997471788504E-001
  2 5 7 0.64540865232661990E-001
  2 5 8 0.35692689485055441E-002
  2 5 9 0.64540865232661990E-001
  2 5 10 0.57664418141358968E-001
  2 5 11 -0.16500997471788504E-001
  2 5 12 0.57664418141358968E-001
  2 5 13 0.57664418141358968E-001
  2 5 14 -0.16500997471788504E-001
  2 5 15 0.57664418141358968E-001
  2 5 16 0.64540865232661990E-001
  2 5 17 0.35692689485055441E-002
  2 5 18 0.64540865232661990E-001
  2 6 1 -0.16500997471788504E-001
  2 6 2 0.35692689485055441E-002
  2 6 3 -0.38067342068590741E-001
  2 6 4 0.35692689485055441E-002
  2 6 5 -0.16500997471788504E-001
  2 6 7 0.57664418141358968E-001
  2 6 8 0.64540865232661990E-001
  2 6 9 0.35692689485055441E-002
  2 6 10 0.64540865232661990E-001
  2 6 11 0.57664418141358968E-001
  2 6 12 -0.16500997471788504E-001
  2 6 13 0.64540865232661990E-001
  2 6 14 0.57664418141358968E-001
  2 6 15 -0.16500997471788504E-001
  2 6 16 0.57664418141358968E-001
  2 6 17 0.64540865232661990E-001
  2 6 18 0.35692689485055441E-002
  2 7 1 -0.16500997471788504E-001
  2 7 2 0.57664418141358968E-001
  2 7 3 0.64540865232661990E-001
  2 7 4 0.35692689485055441E-002
  2 7 5 0.64540865232661990E-001
  2 7 6 0.57664418141358968E-001
  2 7 8 -0.16500997471788504E-001
  2 7 9 0.35692689485055441E-002
  2 7 10 -0.38067342068590741E-001
  2 7 11 0.35692689485055441E-002
  2 7 12 -0.16500997471788504E-001
  2 7 13 -0.16500997471788504E-001
  2 7 14 0.57664418141358968E-001
  2 7 15 0.64540865232661990E-001
  2 7 16 0.35692689485055441E-002
  2 7 17 0.64540865232661990E-001
  2 7 18 0.57664418141358968E-001
  2 8 1 0.57664418141358968E-001
  2 8 2 -0.16500997471788504E-001
  2 8 3 0.57664418141358968E-001
  2 8 4 0.64540865232661990E-001
  2 8 5 0.35692689485055441E-002
  2 8 6 0.64540865232661990E-001
  2 8 7 -0.16500997471788504E-001
  2 8 9 -0.16500997471788504E-001
  2 8 10 0.35692689485055441E-002
  2 8 11 -0.38067342068590741E-001
  2 8 12 0.35692689485055441E-002
  2 8 13 0.57664418141358968E-001
  2 8 14 -0.16500997471788504E-001
  2 8 15 0.57664418141358968E-001
  2 8 16 0.64540865232661990E-001
  2 8 17 0.35692689485055441E-002
  2 8 18 0.64540865232661990E-001
  2 9 1 0.64540865232661990E-001
  2 9 2 0.57664418141358968E-001
  2 9 3 -0.16500997471788504E-001
  2 9 4 0.57664418141358968E-001
  2 9 5 0.64540865232661990E-001
  2 9 6 0.35692689485055441E-002
  2 9 7 0.35692689485055441E-002
  2 9 8 -0.16500997471788504E-001
  2 9 10 -0.16500997471788504E-001
  2 9 11 0.35692689485055441E-002
  2 9 12 -0.38067342068590741E-001
  2 9 13 0.64540865232661990E-001
  2 9 14 0.57664418141358968E-001
  2 9 15 -0.16500997471788504E-001
  2 9 16 0.57664418141358968E-001
  2 9 17 0.64540865232661990E-001
  2 9 18 0.35692689485055441E-002
  2 10 1 0.35692689485055441E-002
  2 10 2 0.64540865232661990E-001
  2 10 3 0.57664418141358968E-001
  2 10 4 -0.16500997471788504E-001
  2 10 5 0.57664418141358968E-001
  2 10 6 0.64540865232661990E-001
  2 10 7 -0.38067342068590741E-001
  2 10 8 0.35692689485055441E-002
  2 10 9 -0.16500997471788504E-001
  2 10 11 -0.16500997471788504E-001
  2 10 12 0.35692689485055441E-002
  2 10 13 0.35692689485055441E-002
  2 10 14 0.64540865232661990E-001
  2 10 15 0.57664418141358968E-001
  2 10 16 -0.16500997471788504E-001
  2 10 17 0.57664418141358968E-001
  2 10 18 0.64540865232661990E-001
  2 11 1 0.64540865232661990E-001
  2 11 2 0.35692689485055441E-002
  2 11 3 0.64540865232661990E-001
  2 11 4 0.57664418141358968E-001
  2 11 5 -0.16500997471788504E-001
  2 11 6 0.57664418141358968E-001
  2 11 7 0.35692689485055441E-002
  2 11 8 -0.38067342068590741E-001
  2 11 9 0.35692689485055441E-002
  2 11 10 -0.16500997471788504E-001
  2 11 12 -0.16500997471788504E-001
  2 11 13 0.64540865232661990E-001
  2 11 14 0.35692689485055441E-002
  2 11 15 0.64540865232661990E-001
  2 11 16 0.57664418141358968E-001
  2 11 17 -0.16500997471788504E-001
  2 11 18 0.57664418141358968E-001
  2 12 1 0.57664418141358968E-001
  2 12 2 0.64540865232661990E-001
  2 12 3 0.35692689485055441E-002
  2 12 4 0.64540865232661990E-001
  2 12 5 0.57664418141358968E-001
  2 12 6 -0.16500997471788504E-001
  2 12 7 -0.16500997471788504E-001
  2 12 8 0.35692689485055441E-002
  2 12 9 -0.38067342068590741E-001
  2 12 10 0.35692689485055441E-002
  2 12 11 -0.16500997471788504E-001
  2 12 13 0.57664418141358968E-001
  2 12 14 0.64540865232661990E-001
  2 12 15 0.35692689485055441E-002
  2 12 16 0.64540865232661990E-001
  2 12 17 0.57664418141358968E-001
  2 12 18 -0.16500997471788504E-001
  2 13 1 0.35692689485055441E-002
  2 13 2 0.64540865232661990E-001
  2 13 3 0.57664418141358968E-001
  2 13 4 -0.16500997471788504E-001
  2 13 5 0.57664418141358968E-001
  2 13 6 0.64540865232661990E-001
  2 13 7 -0.16500997471788504E-001
  2 13 8 0.57664418141358968E-001
  2 13 9 0.64540865232661990E-001
  2 13 10 0.35692689485055441E-002
  2 13 11 0.64540865232661990E-001
  2 13 12 0.57664418141358968E-001
  2 13 14 -0.16500997471788504E-001
  2 13 15 0.35692689485055441E-002
  2 13 16 -0.38067342068590741E-001
  2 13 17 0.35692689485055441E-002
  2 13 18 -0.16500997471788504E-001
  2 14 1 0.64540865232661990E-001
  2 14 2 0.35692689485055441E-002
  2 14 3 0.64540865232661990E-001
  2 14 4 0.57664418141358968E-001
  2 14 5 -0.16500997471788504E-001
  2 14 6 0.57664418141358968E-001
  2 14 7 0.57664418141358968E-001
  2 14 8 -0.16500997471788504E-001
  2 14 9 0.57664418141358968E-001
  2 14 10 0.64540865232661990E-001
  2 14 11 0.35692689485055441E-002
  2 14 12 0.64540865232661990E-001
  2 14 13 -0.16500997471788504E-001
  2 14 15 -0.16500997471788504E-001
  2 14 16 0.35692689485055441E-002
  2 14 17 -0.38067342068590741E-001
  2 14 18 0.35692689485055441E-002
  2 15 1 0.57664418141358968E-001
  2 15 2 0.64540865232661990E-001
  2 15 3 0.35692689485055441E-002
  2 15 4 0.64540865232661990E-001
  2 15 5 0.57664418141358968E-001
  2 15 6 -0.16500997471788504E-001
  2 15 7 0.64540865232661990E-001
  2 15 8 0.57664418141358968E-001
  2 15 9 -0.16500997471788504E-001
  2 15 10 0.57664418141358968E-001
  2 15 11 0.64540865232661990E-001
  2 15 12 0.35692689485055441E-002
  2 15 13 0.35692689485055441E-002
  2 15 14 -0.16500997471788504E-001
  2 15 16 -0.16500997471788504E-001
  2 15 17 0.35692689485055441E-002
  2 15 18 -0.38067342068590741E-001
  2 16 1 -0.16500997471788504E-001
  2 16 2 0.57664418141358968E-001
  2 16 3 0.64540865232661990E-001
  2 16 4 0.35692689485055441E-002
  2 16 5 0.64540865232661990E-001
  2 16 6 0.57664418141358968E-001
  2 16 7 0.35692689485055441E-002
  2 16 8 0.64540865232661990E-001
  2 16 9 0.57664418141358968E-001
  2 16 10 -0.16500997471788504E-001
  2 16 11 0.57664418141358968E-001
  2 16 12 0.64540865232661990E-001
  2 16 13 -0.38067342068590741E-001
  2 16 14 0.35692689485055441E-002
  2 16 15 -0.16500997471788504E-001
  2 16 17 -0.16500997471788504E-001
  2 16 18 0.35692689485055441E-002
  2 17 1 0.57664418141358968E-001
  2 17 2 -0.16500997471788504E-001
  2 17 3 0.57664418141358968E-001
  2 17 4 0.64540865232661990E-001
  2 17 5 0.35692689485055441E-002
  2 17 6 0.64540865232661990E-001
  2 17 7 0.64540865232661990E-001
  2 17 8 0.35692689485055441E-002
  2 17 9 0.64540865232661990E-001
  2 17 10 0.57664418141358968E-001
  2 17 11 -0.16500997471788504E-001
  2 17 12 0.57664418141358968E-001
  2 17 13 0.35692689485055441E-002
  2 17 14 -0.38067342068590741E-001
  2 17 15 0.35692689485055441E-002
  2 17 16 -0.16500997471788504E-001
  2 17 18 -0.16500997471788504E-001
  2 18 1 0.64540865232661990E-001
  2 18 2 0.57664418141358968E-001
  2 18 3 -0.16500997471788504E-001
  2 18 4 0.57664418141358968E-001
  2 18 5 0.64540865232661990E-001
  2 18 6 0.35692689485055441E-002
  2 18 7 0.57664418141358968E-001
  2 18 8 0.64540865232661990E-001
  2 18 9 0.35692689485055441E-002
  2 18 10 0.64540865232661990E-001
  2 18 11 0.57664418141358968E-001
  2 18 12 -0.16500997471788504E-001
  2 18 13 -0.16500997471788504E-001
  2 18 14 0.35692689485055441E-002
  2 18 15 -0.38067342068590741E-001
  2 18 16 0.35692689485055441E-002
  2 18 17 -0.16500997471788504E-001
TERM-2d
  1 1 2 -0.16500997471788504E-001
  1 1 3 0.35692689485055441E-002
  1 1 4 -0.38067342068590741E-001
  1 1 5 0.35692689485055441E-002
  1 1 6 -0.16500997471788504E-001
  1 1 7 -0.16500997471788504E-001
  1 1 8 0.57664418141358968E-001
  1 1 9 0.64540865232661990E-001
  1 1 10 0.35692689485055441E-002
  1 1 11 0.64540865232661990E-001
  1 1 12 0.57664418141358968E-001
  1 1 13 0.35692689485055441E-002
  1 1 14 0.64540865232661990E-001
  1 1 15 0.57664418141358968E-001
  1 1 16 -0.16500997471788504E-001
  1 1 17 0.57664418141358968E-001
  1 1 18 0.64540865232661990E-001
  1 2 1 -0.16500997471788504E-001
  1 2 3 -0.16500997471788504E-001
  1 2 4 0.35692689485055441E-002
  1 2 5 -0.38067342068590741E-001
  1 2 6 0.35692689485055441E-002
  1 2 7 0.57664418141358968E-001
  1 2 8 -0.16500997471788504E-001
  1 2 9 0.57664418141358968E-001
  1 2 10 0.64540865232661990E-001
  1 2 11 0.35692689485055441E-002
  1 2 12 0.64540865232661990E-001
  1 2 13 0.64540865232661990E-001
  1 2 14 0.35692689485055441E-002
  1 2 15 0.64540865232661990E-001
  1 2 16 0.57664418141358968E-001
  1 2 17 -0.16500997471788504E-001
  1 2 18 0.57664418141358968E-001
  1 3 1 0.35692689485055441E-002
  1 3 2 -0.16500997471788504E-001
  1 3 4 -0.16500997471788504E-001
  1 3 5 0.35692689485055441E-002
  1 3 6 -0.38067342068590741E-001
  1 3 7 0.64540865232661990E-001
  1 3 8 0.57664418141358968E-001
  1 3 9 -0.16500997471788504E-001
  1 3 10 0.57664418141358968E-001
  1 3 11 0.64540865232661990E-001
  1 3 12 0.35692689485055441E-002
  1 3 13 0.57664418141358968E-001
  1 3 14 0.64540865232661990E-001
  1 3 15 0.35692689485055441E-002
  1 3 16 0.64540865232661990E-001
  1 3 17 0.57664418141358968E-001
  1 3 18 -0.16500997471788504E-001
  1 4 1 -0.38067342068590741E-001
  1 4 2 0.35692689485055441E-002
  1 4 3 -0.16500997471788504E-001
  1 4 5 -0.16500997471788504E-001
  1 4 6 0.35692689485055441E-002
  1 4 7 0.35692689485055441E-002
  1 4 8 0.64540865232661990E-001
  1 4 9 0.57664418141358968E-001
  1 4 10 -0.16500997471788504E-001
  1 4 11 0.57664418141358968E-001
  1 4 12 0.64540865232661990E-001
  1 4 13 -0.16500997471788504E-001
  1 4 14 0.57664418141358968E-001
  1 4 15 0.64540865232661990E-001
  1 4 16 0.35692689485055441E-002
  1 4 17 0.64540865232661990E-001
  1 4 18 0.57664418141358968E-001
  1 5 1 0.35692689485055441E-002
  1 5 2 -0.38067342068590741E-001
  1 5 3 0.35692689485055441E-002
  1 5 4 -0.16500997471788504E-001
  1 5 6 -0.16500997471788504E-001
  1 5 7 0.64540865232661990E-001
  1 5 8 0.35692689485055441E-002
  1 5 9 0.64540865232661990E-001
  1 5 10 0.57664418141358968E-001
  1 5 11 -0.16500997471788504E-001
  1 5 12 0.57664418141358968E-001
  1 5 13 0.57664418141358968E-001
  1 5 14 -0.16500997471788504E-001
  1 5 15 0.57664418141358968E-001
  1 5 16 0.64540865232661990E-001
  1 5 17 0.35692689485055441E-002
  1 5 18 0.64540865232661990E-001
  1 6 1 -0.16500997471788504E-001
  1 6 2 0.35692689485055441E-002
  1 6 3 -0.38067342068590741E-001
  1 6 4 0.35692689485055441E-002
  1 6 5 -0.16500997471788504E-001
  1 6 7 0.57664418141358968E-001
  1 6 8 0.64540865232661990E-001
  1 6 9 0.35692689485055441E-002
  1 6 10 0.64540865232661990E-001
  1 6 11 0.57664418141358968E-001
  1 6 12 -0.16500997471788504E-001
  1 6 13 0.64540865232661990E-001
  1 6 14 0.57664418141358968E-001
  1 6 15 -0.16500997471788504E-001
  1 6 16 0.57664418141358968E-001
  1 6 17 0.64540865232661990E-001
  1 6 18 0.35692689485055441E-002
  1 7 1 -0.16500997471788504E-001
  1 7 2 0.57664418141358968E-001
  1 7 3 0.64540865232661990E-001
  1 7 4 0.35692689485055441E-002
  1 7 5 0.64540865232661990E-001
  1 7 6 0.57664418141358968E-001
  1 7 8 -0.16500997471788504E-001
  1 7 9 0.35692689485055441E-002
  1 7 10 -0.38067342068590741E-001
  1 7 11 0.35692689485055441E-002
  1 7 12 -0.16500997471788504E-001
  1 7 13 -0.16500997471788504E-001
  1 7 14 0.57664418141358968E-001
  1 7 15 0.64540865232661990E-001
  1 7 16 0.35692689485055441E-002
  1 7 17 0.64540865232661990E-001
  1 7 18 0.57664418141358968E-001
  1 8 1 0.57664418141358968E-001
  1 8 2 -0.16500997471788504E-001
  1 8 3 0.57664418141358968E-001
  1 8 4 0.64540865232661990E-001
  1 8 5 0.35692689485055441E-002
  1 8 6 0.64540865232661990E-001
  1 8 7 -0.16500997471788504E-001
  1 8 9 -0.16500997471788504E-001
  1 8 10 0.35692689485055441E-002
  1 8 11 -0.38067342068590741E-001
  1 8 12 0.35692689485055441E-002
  1 8 13 0.57664418141358968E-001
  1 8 14 -0.16500997471788504E-001
  1 8 15 0.57664418141358968E-001
  1 8 16 0.64540865232661990E-001
  1 8 17 0.35692689485055441E-002
  1 8 18 0.64540865232661990E-001
  1 9 1 0.64540865232661990E-001
  1 9 2 0.57664418141358968E-001
  1 9 3 -0.16500997471788504E-001
  1 9 4 0.57664418141358968E-001
  1 9 5 0.64540865232661990E-001
  1 9 6 0.35692689485055441E-002
  1 9 7 0.35692689485055441E-002
  1 9 8 -0.16500997471788504E-001
  1 9 10 -0.16500997471788504E-001
  1 9 11 0.35692689485055441E-002
  1 9 12 -0.38067342068590741E-001
  1 9 13 0.64540865232661990E-001
  1 9 14 0.57664418141358968E-001
  1 9 15 -0.16500997471788504E-001
  1 9 16 0.57664418141358968E-001
  1 9 17 0.64540865232661990E-001
  1 9 18 0.35692689485055441E-002
  1 10 1 0.35692689485055441E-002
  1 10 2 0.64540865232661990E-001
  1 10 3 0.57664418141358968E-001
  1 10 4 -0.16500997471788504E-001
  1 10 5 0.57664418141358968E-001
  1 10 6 0.64540865232661990E-001
  1 10 7 -0.38067342068590741E-001
  1 10 8 0.35692689485055441E-002
  1 10 9 -0.16500997471788504E-001
  1 10 11 -0.16500997471788504E-001
  1 10 12 0.35692689485055441E-002
  1 10 13 0.35692689485055441E-002
  1 10 14 0.64540865232661990E-001
  1 10 15 0.57664418141358968E-001
  1 10 16 -0.16500997471788504E-001
  1 10 17 0.57664418141358968E-001
  1 10 18 0.64540865232661990E-001
  1 11 1 0.64540865232661990E-001
  1 11 2 0.35692689485055441E-002
  1 11 3 0.64540865232661990E-001
  1 11 4 0.57664418141358968E-001
  1 11 5 -0.16500997471788504E-001
  1 11 6 0.57664418141358968E-001
  1 11 7 0.35692689485055441E-002
  1 11 8 -0.38067342068590741E-001
  1 11 9 0.35692689485055441E-002
  1 11 10 -0.16500997471788504E-001
  1 11 12 -0.16500997471788504E-001
  1 11 13 0.64540865232661990E-001
  1 11 14 0.35692689485055441E-002
  1 11 15 0.64540865232661990E-001
  1 11 16 0.57664418141358968E-001
  1 11 17 -0.16500997471788504E-001
  1 11 18 0.57664418141358968E-001
  1 12 1 0.57664418141358968E-001
  1 12 2 0.64540865232661990E-001
  1 12 3 0.35692689485055441E-002
  1 12 4 0.64540865232661990E-001
  1 12 5 0.57664418141358968E-001
  1 12 6 -0.16500997471788504E-001
  1 12 7 -0.16500997471788504E-001
  1 12 8 0.35692689485055441E-002
  1 12 9 -0.38067342068590741E-001
  1 12 10 0.35692689485055441E-002
  1 12 11 -0.16500997471788504E-001
  1 12 13 0.57664418141358968E-001
  1 12 14 0.64540865232661990E-001
  1 12 15 0.35692689485055441E-002
  1 12 16 0.64540865232661990E-001
  1 12 17 0.57664418141358968E-001
  1 12 18 -0.16500997471788504E-001
  1 13 1 0.35692689485055441E-002
  1 13 2 0.64540865232661990E-001
  1 13 3 0.57664418141358968E-001
  1 13 4 -0.16500997471788504E-001
  1 13 5 0.57664418141358968E-001
  1 13 6 0.64540865232661990E-001
  1 13 7 -0.16500997471788504E-001
  1 13 8 0.57664418141358968E-001
  1 13 9 0.64540865232661990E-001
  1 13 10 0.35692689485055441E-002
  1 13 11 0.64540865232661990E-001
  1 13 12 0.57664418141358968E-001
  1 13 14 -0.16500997471788504E-001
  1 13 15 0.35692689485055441E-002
  1 13 16 -0.38067342068590741E-001
  1 13 17 0.35692689485055441E-002
  1 13 18 -0.16500997471788504E-001
  1 14 1 0.64540865232661990E-001
  1 14 2 0.35692689485055441E-002
  1 14 3 0.64540865232661990E-001
  1 14 4 0.57664418141358968E-001
  1 14 5 -0.16500997471788504E-001
  1 14 6 0.57664418141358968E-001
  1 14 7 0.57664418141358968E-001
  1 14 8 -0.16500997471788504E-001
  1 14 9 0.57664418141358968E-001
  1 14 10 0.64540865232661990E-001
  1 14 11 0.35692689485055441E-002
  1 14 12 0.64540865232661990E-001
  1 14 13 -0.16500997471788504E-001
  1 14 15 -0.16500997471788504E-001
  1 14 16 0.35692689485055441E-002
  1 14 17 -0.38067342068590741E-001
  1 14 18 0.35692689485055441E-002
  1 15 1 0.57664418141358968E-001
  1 15 2 0.64540865232661990E-001
  1 15 3 0.35692689485055441E-002
  1 15 4 0.64540865232661990E-001
  1 15 5 0.57664418141358968E-001
  1 15 6 -0.16500997471788504E-001
  1 15 7 0.64540865232661990E-001
  1 15 8 0.57664418141358968E-001
  1 15 9 -0.16500997471788504E-001
  1 15 10 0.57664418141358968E-001
  1 15 11 0.64540865232661990E-001
  1 15 12 0.35692689485055441E-002
  1 15 13 0.35692689485055441E-002
  1 15 14 -0.16500997471788504E-001
  1 15 16 -0.16500997471788504E-001
  1 15 17 0.35692689485055441E-002
  1 15 18 -0.38067342068590741E-001
  1 16 1 -0.16500997471788504E-001
  1 16 2 0.57664418141358968E-001
  1 16 3 0.64540865232661990E-001
  1 16 4 0.35692689485055441E-002
  1 16 5 0.64540865232661990E-001
  1 16 6 0.57664418141358968E-001
  1 16 7 0.35692689485055441E-002
  1 16 8 0.64540865232661990E-001
  1 16 9 0.57664418141358968E-001
  1 16 10 -0.16500997471788504E-001
  1 16 11 0.57664418141358968E-001
  1 16 12 0.64540865232661990E-001
  1 16 13 -0.38067342068590741E-001
  1 16 14 0.35692689485055441E-002
  1 16 15 -0.16500997471788504E-001
  1 16 17 -0.16500997471788504E-001
  1 16 18 0.35692689485055441E-002
  1 17 1 0.57664418141358968E-001
  1 17 2 -0.16500997471788504E-001
  1 17 3 0.57664418141358968E-001
  1 17 4 0.64540865232661990E-001
  1 17 5 0.35692689485055441E-002
  1 17 6 0.64540865232661990E-001
  1 17 7 0.64540865232661990E-001
  1 17 8 0.35692689485055441E-002
  1 17 9 0.64540865232661990E-001
  1 17 10 0.57664418141358968E-001
  1 17 11 -0.16500997471788504E-001
  1 17 12 0.57664418141358968E-001
  1 17 13 0.35692689485055441E-002
  1 17 14 -0.38067342068590741E-001
  1 17 15 0.35692689485055441E-002
  1 17 16 -0.16500997471788504E-001
  1 17 18 -0.16500997471788504E-001
  1 18 1 0.64540865232661990E-001
  1 18 2 0.57664418141358968E-001
  1 18 3 -0.16500997471788504E-001
  1 18 4 0.57664418141358968E-001
  1 18 5 0.64540865232661990E-001
  1 18 6 0.35692689485055441E-002
  1 18 7 0.57664418141358968E-001
  1 18 8 0.64540865232661990E-001
  1 18 9 0.35692689485055441E-002
  1 18 10 0.64540865232661990E-001
  1 18 11 0.57664418141358968E-001
  1 18 12 -0.16500997471788504E-001
  1 18 13 -0.16500997471788504E-001
  1 18 14 0.35692689485055441E-002
  1 18 15 -0.38067342068590741E-001
  1 18 16 0.35692689485055441E-002
  1 18 17 -0.16500997471788504E-001
