# No.Blocks      Mean       Error        Error_in_Error
        2257  -799.23553018654150        9.0269818165438692E-002   1.3438723613777271E-003
        1128  -799.23563559639047       0.12585072322153792        2.6508109736131553E-003
         564  -799.23563559639126       0.17293413539195260        5.1536097804241003E-003
         282  -799.23563559639126       0.23367338862768880        9.8569169810562851E-003
         141  -799.23563559639138       0.30338013677942927        1.8130430949127769E-002
          70  -799.25922207269412       0.38675340565499461        3.2922636235700173E-002
          35  -799.25922207269434       0.48101543947792763        5.8331690132952786E-002
          17  -799.38989536059967       0.55163216174900287        9.7515710573328584E-002
           8  -799.49822223785100       0.64612174475957884       0.17268329993106751     
           4  -799.49822223785100       0.62952220167230755       0.25700136264176676     
           2  -799.49822223785111       0.73634634790852016       0.52067549590806328     
