# No.Blocks      Mean       Error        Error_in_Error
        2257   951.48248567752830        5.0531450173193077E-002   7.5227601703632956E-004
        1128   951.48257065712448        7.0739025915090126E-002   1.4899857653446929E-003
         564   951.48257065712471        9.8257049971479452E-002   2.9281581255252865E-003
         282   951.48257065712471       0.13402772015503925        5.6536181483351168E-003
         141   951.48257065712517       0.17932387585291037        1.0716651337806376E-002
          70   951.49661500287868       0.23634529972726237        2.0119047990696599E-002
          35   951.49661500287823       0.28487757940513914        3.4546480889931501E-002
          17   951.57515493743358       0.31296857226643843        5.5325549936967665E-002
           8   951.53875453266960       0.37899977348809039       0.10129195014695457     
           4   951.53875453266937       0.31123853982761124       0.12706260181109125     
           2   951.53875453266937       0.30496918262075268       0.21564577708405280     
