 # List of wave function amplitudes [intermediate normalization].
 (Det. Index, FCI Amp., Trial Wfn. Amp., Occupation Numbers ...)

      1 -1.00000000000E+00 -1.00000000000E+00    1  3  6  7 10 12
      2  9.99999972689E-01  1.00000000000E+00    2  4  5  8  9 11
      3 -4.39728729417E-01 -4.40437192987E-01    2  3  5  8  9 12
      4 -4.39728729301E-01 -4.40437192812E-01    1  4  5  8 10 11
      5 -4.39728728302E-01 -4.40437191107E-01    2  4  5  7 10 11
      6 -4.39728728186E-01 -4.40437190881E-01    2  3  6  8  9 11
      7  4.39728695890E-01  4.40437192987E-01    1  4  6  7 10 11
      8  4.39728695774E-01  4.40437192812E-01    2  3  6  7  9 12
      9  4.39728694775E-01  4.40437191107E-01    1  3  6  8  9 12
     10  4.39728694659E-01  4.40437190881E-01    1  4  5  7 10 12
     11  4.39728342992E-01  4.39186556175E-01    2  3  5  7 10 12
     12  4.39728342876E-01  4.39186555931E-01    1  3  6  8 10 11
     13 -4.39728338588E-01 -4.39186556175E-01    1  4  6  8  9 11
     14 -4.39728338472E-01 -4.39186555931E-01    2  4  5  7  9 12
     15  4.23589148665E-01  4.22829900180E-01    1  2  3  6  7 12
     16  4.23589145387E-01  4.22829896663E-01    1  3  6  7  8 12
     17  4.23589142766E-01  4.22829900180E-01    1  2  4  5  8 11
     18  4.23589139486E-01  4.22829896663E-01    2  4  5  7  8 11
     19  4.23589137617E-01  4.22829890534E-01    1  6  7 10 11 12
     20  4.23589136019E-01  4.22829888976E-01    1  5  6  7 10 12
     21  4.23589131718E-01  4.22829890534E-01    2  5  8  9 11 12
     22  4.23589130119E-01  4.22829888976E-01    2  5  6  8  9 11
     23  4.23589057376E-01  4.22829746578E-01    2  3  4  5  8  9
     24  4.23589056360E-01  4.22829745446E-01    2  3  4  8  9 11
     25  4.23589049784E-01  4.22829746578E-01    1  3  4  6  7 10
     26  4.23589048769E-01  4.22829745446E-01    1  3  4  7 10 12
     27  4.23589047156E-01  4.22829737938E-01    2  4  5  9 10 11
     28  4.23589045977E-01  4.22829736621E-01    4  5  8  9 10 11
     29  4.23589039565E-01  4.22829737938E-01    1  3  6  9 10 12
     30  4.23589038386E-01  4.22829736621E-01    3  6  7  9 10 12
     31 -4.23588868724E-01 -4.22118830620E-01    1  2  3  7 10 12
     32 -4.23588866453E-01 -4.22118828420E-01    1  3  6 10 11 12
     33 -4.23588864228E-01 -4.22118827554E-01    1  3  6  7  8 10
     34 -4.23588862067E-01 -4.22118825547E-01    3  5  6  7 10 12
     35 -4.23588856819E-01 -4.22118830620E-01    1  2  4  8  9 11
     36 -4.23588854548E-01 -4.22118828420E-01    2  4  5  9 11 12
     37 -4.23588852323E-01 -4.22118827554E-01    2  4  5  7  8  9
     38 -4.23588850163E-01 -4.22118825547E-01    4  5  6  8  9 11
     39  3.47913862717E-01  3.49145016547E-01    1  2  3  4  7  8
     40  3.47913848878E-01  3.49145002845E-01    5  6  9 10 11 12
     41  2.80017728275E-01  2.81629029894E-01    1  2  3  7  8 12
     42 -2.80017727104E-01 -2.81629028883E-01    1  2  3  6  7  8
     43 -2.80017725511E-01 -2.81629029894E-01    1  2  4  7  8 11
     44  2.80017724339E-01  2.81629028883E-01    1  2  4  5  7  8
     45  2.80017724035E-01  2.81629025304E-01    1  5  6 10 11 12
     46 -2.80017721271E-01 -2.81629025304E-01    2  5  6  9 11 12
     47 -2.80017720392E-01 -2.81629022755E-01    5  6  7 10 11 12
     48  2.80017717627E-01  2.81629022755E-01    5  6  8  9 11 12
     49 -2.80017687312E-01 -2.80966566762E-01    1  2  3  4  7 12
     50 -2.80017685441E-01 -2.80966565070E-01    1  3  4  6  7  8
     51 -2.80017677397E-01 -2.80966557065E-01    1  6  9 10 11 12
     52  2.80017677244E-01  2.80966566762E-01    1  2  3  4  8 11
     53 -2.80017675383E-01 -2.80966555141E-01    5  6  7  9 10 12
     54  2.80017675374E-01  2.80966565070E-01    2  3  4  5  7  8
     55 -2.80017671154E-01 -2.81628928186E-01    1  2  3  4  7 10
     56  2.80017668898E-01  2.81628926950E-01    1  3  4  7  8 10
     57  2.80017667329E-01  2.80966557065E-01    2  5  9 10 11 12
     58  2.80017665315E-01  2.80966555141E-01    5  6  8  9 10 11
     59  2.80017664854E-01  2.81628922456E-01    3  5  6  9 10 12
     60  2.80017664443E-01  2.81628928186E-01    1  2  3  4  8  9
     61 -2.80017664298E-01 -2.81628921841E-01    3  6  9 10 11 12
     62 -2.80017662187E-01 -2.81628926950E-01    2  3  4  7  8  9
     63 -2.80017658143E-01 -2.81628922456E-01    4  5  6  9 10 11
     64  2.80017657587E-01  2.81628921841E-01    4  5  9 10 11 12
     65  2.70682428236E-01  2.70285165286E-01    1  4  5 10 11 12
     66  2.70682428197E-01  2.70285165446E-01    1  2  3  8  9 12
     67  2.70682425481E-01  2.70285163431E-01    4  5  6  7 10 11
     68  2.70682425262E-01  2.70285163371E-01    2  3  6  7  8  9
     69  2.70682420873E-01  2.70285165286E-01    2  3  6  9 11 12
     70  2.70682420834E-01  2.70285165446E-01    1  2  4  7 10 11
     71  2.70682418119E-01  2.70285163431E-01    3  5  6  8  9 12
     72  2.70682417900E-01  2.70285163371E-01    1  4  5  7  8 10
     73 -2.70682416966E-01 -2.71888664241E-01    1  2  4  5  7 12
     74 -2.70682415864E-01 -2.71888663487E-01    1  4  6  7  8 11
     75 -2.70682415742E-01 -2.71888664241E-01    1  2  3  6  8 11
     76 -2.70682414640E-01 -2.71888663487E-01    2  3  5  7  8 12
     77 -2.70682411532E-01 -2.71888659566E-01    1  6  8  9 11 12
     78 -2.70682411364E-01 -2.71888659682E-01    2  5  6  7  9 12
     79 -2.70682410309E-01 -2.71888659566E-01    2  5  7 10 11 12
     80 -2.70682410140E-01 -2.71888659682E-01    1  5  6  8 10 11
     81 -2.70682311157E-01 -2.76227329732E-01    1  3  4  8 10 11
     82 -2.70682310801E-01 -2.76227329141E-01    2  3  4  5  7 10
     83 -2.70682306929E-01 -2.76227326205E-01    2  3  5  9 10 12
     84 -2.70682305187E-01 -2.76227324052E-01    3  6  8  9 10 11
     85 -2.70682294340E-01 -2.76227329732E-01    2  3  4  7  9 12
     86 -2.70682293985E-01 -2.76227329141E-01    1  3  4  6  8  9
     87 -2.70682290111E-01 -2.76227326205E-01    1  4  6  9 10 11
     88 -2.70682288370E-01 -2.76227324052E-01    4  5  7  9 10 12
     89  2.03596236215E-01  2.04568971780E-01    1  2  6  7 11 12
     90 -2.03596233988E-01 -2.04568969372E-01    1  5  6  7  8 12
     91 -2.03596233761E-01 -2.04568971780E-01    1  2  5  8 11 12
     92  2.03596231534E-01  2.04568969372E-01    2  5  6  7  8 11
     93 -2.03596204153E-01 -2.01093089108E-01    1  3  4  9 10 12
     94  2.03596204143E-01  2.01093089108E-01    2  3  4  9 10 11
     95  2.03596203793E-01  2.01093088964E-01    3  4  6  7  9 10
     96 -2.03596203782E-01 -2.01093088964E-01    3  4  5  8  9 10
     97  2.03596034621E-01  2.04003964213E-01    1  2  4  9 11 12
     98  2.03596030826E-01  2.04003961413E-01    4  5  6  7  8  9
     99 -2.03596021651E-01 -2.04003964213E-01    1  2  3 10 11 12
    100 -2.03596017856E-01 -2.04003961413E-01    3  5  6  7  8 10
    101 -2.02398699952E-01 -2.03854110118E-01    1  2  3  6  9 12
    102  2.02398698748E-01  2.03854108865E-01    1  4  5  6  7 10
    103 -2.02398698569E-01 -2.03854108942E-01    1  4  7 10 11 12
    104  2.02398697322E-01  2.03854107651E-01    3  6  7  8  9 12
    105 -2.02398687804E-01 -2.03854110118E-01    1  2  4  5 10 11
    106  2.02398686600E-01  2.03854108865E-01    2  3  5  6  8  9
    107 -2.02398686421E-01 -2.03854108942E-01    2  3  8  9 11 12
    108  2.02398685174E-01  2.03854107651E-01    4  5  7  8 10 11
    109 -2.02398632119E-01 -1.98873205638E-01    2  3  5  6  7 12
    110  2.02398631773E-01  1.98873205077E-01    1  3  6  8 11 12
    111  2.02398629479E-01  1.98873202503E-01    1  2  5  7 10 12
    112 -2.02398628444E-01 -1.98873201859E-01    1  6  7  8 10 11
    113 -2.02398624985E-01 -1.98873205638E-01    1  4  5  6  8 11
    114  2.02398624640E-01  1.98873205077E-01    2  4  5  7 11 12
    115  2.02398622345E-01  1.98873202503E-01    1  2  6  8  9 11
    116 -2.02398621310E-01 -1.98873201859E-01    2  5  7  8  9 12
    117  2.02398612982E-01  2.02643567380E-01    2  3  4  5  9 12
    118 -2.02398610662E-01 -2.02643565275E-01    3  4  6  8  9 11
    119  2.02398609262E-01  2.02643563551E-01    1  4  8  9 10 11
    120 -2.02398608377E-01 -2.02643562712E-01    2  4  5  7  9 10
    121  2.02398604146E-01  2.02643567380E-01    1  3  4  6 10 11
    122 -2.02398601826E-01 -2.02643565275E-01    3  4  5  7 10 12
    123  2.02398600426E-01  2.02643563551E-01    2  3  7  9 10 12
    124 -2.02398599541E-01 -2.02643562712E-01    1  3  6  8  9 10
    125 -1.72992588962E-01 -1.73932179920E-01    1  2  5  7  8 12
    126  1.72992588961E-01  1.73932179920E-01    1  2  6  7  8 11
    127 -1.72992588761E-01 -1.73932180220E-01    1  5  6  8 11 12
    128  1.72992588760E-01  1.73932180220E-01    2  5  6  7 11 12
    129 -1.72992549752E-01 -1.72211433911E-01    1  2  3  4 10 11
    130 -1.72992547775E-01 -1.72211432173E-01    3  4  5  7  8 10
    131  1.72992547577E-01  1.72211433911E-01    1  2  3  4  9 12
    132 -1.72992547009E-01 -1.72211430931E-01    2  3  9 10 11 12
    133 -1.72992545989E-01 -1.72211430132E-01    3  5  6  8  9 10
    134  1.72992545600E-01  1.72211432173E-01    3  4  6  7  8  9
    135  1.72992544834E-01  1.72211430931E-01    1  4  9 10 11 12
    136  1.72992543814E-01  1.72211430132E-01    4  5  6  7  9 10
    137  1.70857293028E-01  1.72088869696E-01    2  3  5  6  9 12
    138 -1.70857290169E-01 -1.72088867833E-01    1  2  4  5  7 10
    139  1.70857289477E-01  1.72088867806E-01    1  4  7  8 10 11
    140 -1.70857289353E-01 -1.72088867294E-01    3  6  8  9 11 12
    141  1.70857287164E-01  1.72088869696E-01    1  4  5  6 10 11
    142 -1.70857284306E-01 -1.72088867833E-01    1  2  3  6  8  9
    143  1.70857283614E-01  1.72088867806E-01    2  3  7  8  9 12
    144 -1.70857283489E-01 -1.72088867294E-01    4  5  7 10 11 12
    145 -1.70857215840E-01 -1.68450963386E-01    1  3  4  6  8 11
    146 -1.70857215840E-01 -1.68450963386E-01    2  3  4  5  7 12
    147 -1.70857212432E-01 -1.68450958851E-01    2  5  7  9 10 12
    148 -1.70857212432E-01 -1.68450958851E-01    1  6  8  9 10 11
    149 -1.70283268105E-01 -1.70733049369E-01    1  2  5  6  7 12
    150 -1.70283267270E-01 -1.70733048666E-01    1  6  7  8 11 12
    151  1.70283263521E-01  1.70733049369E-01    1  2  5  6  8 11
    152  1.70283262686E-01  1.70733048666E-01    2  5  7  8 11 12
    153  1.70283139672E-01  1.68057803874E-01    1  3  4 10 11 12
    154 -1.70283138425E-01 -1.68057803115E-01    3  4  5  6  7 10
    155  1.70283136621E-01  1.68057801850E-01    1  2  3  9 10 12
    156 -1.70283135861E-01 -1.68057803874E-01    2  3  4  9 11 12
    157  1.70283134613E-01  1.68057803115E-01    3  4  5  6  8  9
    158 -1.70283134226E-01 -1.68057800105E-01    3  6  7  8  9 10
    159 -1.70283132810E-01 -1.68057801850E-01    1  2  4  9 10 11
    160  1.70283130415E-01  1.68057800105E-01    4  5  7  8  9 10
    161  1.68683760505E-01  1.70647132553E-01    1  3  4  8  9 10
    162 -1.68683760505E-01 -1.70647132553E-01    2  3  4  7  9 10
    163  1.68683760452E-01  1.70647132828E-01    3  4  5  9 10 12
    164 -1.68683760452E-01 -1.70647132828E-01    3  4  6  9 10 11
    165 -1.68683736518E-01 -1.69132153515E-01    1  2  4  7 11 12
    166 -1.68683734630E-01 -1.69132151486E-01    1  2  6  9 11 12
    167 -1.68683734473E-01 -1.69132151858E-01    1  4  5  6  7  8
    168 -1.68683731784E-01 -1.69132148877E-01    5  6  7  8  9 12
    169  1.68683709471E-01  1.69132153515E-01    1  2  3  8 11 12
    170  1.68683707583E-01  1.69132151486E-01    1  2  5 10 11 12
    171  1.68683707426E-01  1.69132151858E-01    2  3  5  6  7  8
    172  1.68683704737E-01  1.69132148877E-01    5  6  7  8 10 11
    173 -1.63307012993E-01 -1.65253940065E-01    1  2  3  6 11 12
    174  1.63307011719E-01  1.65253940065E-01    1  2  4  5 11 12
    175  1.63307009353E-01  1.65253937530E-01    3  5  6  7  8 12
    176 -1.63307009015E-01 -1.65253937246E-01    1  2  7 10 11 12
    177 -1.63307008079E-01 -1.65253937530E-01    4  5  6  7  8 11
    178  1.63307007740E-01  1.65253937246E-01    1  2  8  9 11 12
    179  1.63307006128E-01  1.65253935370E-01    1  5  6  7  8 10
    180 -1.63307004854E-01 -1.65253935370E-01    2  5  6  7  8  9
    181  1.63306964804E-01  1.67832082365E-01    2  3  4  5  9 10
    182  1.63306963735E-01  1.67832081470E-01    3  4  8  9 10 11
    183 -1.63306962460E-01 -1.67832082365E-01    1  3  4  6  9 10
    184 -1.63306961391E-01 -1.67832081470E-01    3  4  7  9 10 12
    185 -1.52906758073E-01 -1.51629667182E-01    1  3  4  5  8 10
    186 -1.52906756702E-01 -1.51629665669E-01    2  3  4  7 10 11
    187 -1.52906752290E-01 -1.51629662437E-01    3  5  8  9 10 12
    188 -1.52906751727E-01 -1.51629661511E-01    2  3  6  9 10 11
    189 -1.52906730105E-01 -1.55632803743E-01    1  2  4  6  7 11
    190 -1.52906727929E-01 -1.55632801344E-01    1  4  5  7  8 12
    191 -1.52906725244E-01 -1.51629667182E-01    2  3  4  6  7  9
    192 -1.52906724491E-01 -1.55632798976E-01    2  6  7  9 11 12
    193 -1.52906724351E-01 -1.55632803743E-01    1  2  3  5  8 12
    194 -1.52906723873E-01 -1.51629665669E-01    1  3  4  8  9 12
    195 -1.52906723061E-01 -1.55632797292E-01    1  5  6  8  9 12
    196 -1.52906722173E-01 -1.55632801344E-01    2  3  6  7  8 11
    197 -1.52906719460E-01 -1.51629662437E-01    4  6  7  9 10 11
    198 -1.52906718898E-01 -1.51629661511E-01    1  4  5  9 10 12
    199 -1.52906718736E-01 -1.55632798976E-01    1  5  8 10 11 12
    200 -1.52906717305E-01 -1.55632797292E-01    2  5  6  7 10 11
    201  1.52906454887E-01  1.51349483955E-01    1  2  4  7  9 12
    202  1.52906453326E-01  1.51349482917E-01    1  4  6  7  8  9
    203  1.52906452578E-01  1.51349481887E-01    1  4  6  9 11 12
    204  1.52906450946E-01  1.51349480764E-01    4  5  6  7  9 12
    205  1.52906436793E-01  1.51349483955E-01    1  2  3  8 10 11
    206  1.52906435232E-01  1.51349482917E-01    2  3  5  7  8 10
    207  1.52906434484E-01  1.51349481887E-01    2  3  5 10 11 12
    208  1.52906432852E-01  1.51349480764E-01    3  5  6  8 10 11
    209 -1.40196883859E-01 -1.41663629405E-01    1  2  3  4  5  8
    210  1.40196881550E-01  1.41663627579E-01    2  3  4  7  8 11
    211  1.40196878461E-01  1.41663629405E-01    1  2  3  4  6  7
    212 -1.40196876151E-01 -1.41663627579E-01    1  3  4  7  8 12
    213 -1.40196874270E-01 -1.41663621887E-01    5  8  9 10 11 12
    214  1.40196873467E-01  1.41663621356E-01    2  5  6  9 10 11
    215  1.40196868872E-01  1.41663621887E-01    6  7  9 10 11 12
    216 -1.40196868069E-01 -1.41663621356E-01    1  5  6  9 10 12
    217  1.40196677575E-01  1.34352154641E-01    1  2  4  7  8  9
    218 -1.40196677381E-01 -1.34352154641E-01    1  2  3  7  8 10
    219  1.40196674631E-01  1.34352152140E-01    4  5  6  9 11 12
    220 -1.40196674437E-01 -1.34352152140E-01    3  5  6 10 11 12
    221 -1.20950276741E-01 -1.26863071267E-01    1  3  5  6 10 12
    222 -1.20950275574E-01 -1.26863071267E-01    2  4  5  6  9 11
    223  1.20950272028E-01  1.26863068818E-01    3  6  7 10 11 12
    224  1.20950270861E-01  1.26863068818E-01    4  5  8  9 11 12
    225  1.20950270824E-01  1.26863067273E-01    1  2  3  6  7 10
    226 -1.20950270819E-01 -1.26863068181E-01    1  3  7  8 10 12
    227  1.20950269657E-01  1.26863067273E-01    1  2  4  5  8  9
    228 -1.20950269651E-01 -1.26863068181E-01    2  4  7  8  9 11
    229  1.20950142229E-01  1.19297712146E-01    1  3  4  6  7 12
    230  1.20950142220E-01  1.19297711070E-01    1  6  7  9 10 12
    231  1.20950119767E-01  1.19297712146E-01    2  3  4  5  8 11
    232  1.20950119758E-01  1.19297711070E-01    2  5  8  9 10 11
    233  1.20542943821E-01  1.19635072185E-01    1  3  5  8 10 12
    234  1.20542942706E-01  1.19635070446E-01    2  3  6  7 10 11
    235 -1.20542926023E-01 -1.19635072185E-01    2  4  6  7  9 11
    236 -1.20542924908E-01 -1.19635070446E-01    1  4  5  8  9 12
    237  1.20542593800E-01  1.25351269148E-01    1  4  6  7  9 12
    238 -1.20542543702E-01 -1.25351269148E-01    2  3  5  8 10 11
    239 -1.04162582410E-01 -1.02186157797E-01    1  3  5  6  8 10
    240  1.04162580818E-01  1.02186156852E-01    2  3  7 10 11 12
    241 -1.04162579185E-01 -1.02186155589E-01    3  5  7  8 10 12
    242  1.04162579111E-01  1.02186155495E-01    1  2  3  6 10 11
    243 -1.04162573693E-01 -1.02186157797E-01    2  4  5  6  7  9
    244  1.04162572101E-01  1.02186156852E-01    1  4  8  9 11 12
    245 -1.04162570468E-01 -1.02186155589E-01    4  6  7  8  9 11
    246  1.04162570394E-01  1.02186155495E-01    1  2  4  5  9 12
    247  1.04162556657E-01  1.03033759351E-01    2  4  5  6  7 11
    248 -1.04162555395E-01 -1.03033758671E-01    1  4  5  8 11 12
    249 -1.04162552505E-01 -1.03033755412E-01    1  2  5  8  9 12
    250  1.04162552168E-01  1.03033755522E-01    2  6  7  8  9 11
    251  1.04162544935E-01  1.03033759351E-01    1  3  5  6  8 12
    252 -1.04162543674E-01 -1.03033758671E-01    2  3  6  7 11 12
    253 -1.04162540783E-01 -1.03033755412E-01    1  2  6  7 10 11
    254  1.04162540446E-01  1.03033755522E-01    1  5  7  8 10 12
    255 -1.04162442117E-01 -1.05587721023E-01    1  4  7  9 10 12
    256  1.04162441936E-01  1.05587721125E-01    1  4  6  7  9 10
    257 -1.04162441265E-01 -1.05587720927E-01    1  3  4  6  9 12
    258  1.04162441117E-01  1.05587720549E-01    3  4  6  7  9 12
    259 -1.04162431232E-01 -1.05587721023E-01    2  3  8  9 10 11
    260  1.04162431052E-01  1.05587721125E-01    2  3  5  8  9 10
    261 -1.04162430381E-01 -1.05587720927E-01    2  3  4  5 10 11
    262  1.04162430233E-01  1.05587720549E-01    3  4  5  8 10 11
    263  1.03310375529E-01  1.05040073203E-01    1  2  5  6 11 12
    264  1.03310373322E-01  1.05040072473E-01    1  2  7  8 11 12
    265  1.03310372489E-01  1.05040071293E-01    5  6  7  8 11 12
    266  1.03310372176E-01  1.05040071660E-01    1  2  5  6  7  8
    267  1.03310331968E-01  1.03145031655E-01    1  2  3  4 11 12
    268  1.03310329833E-01  1.03145030318E-01    3  4  5  6  7  8
    269  1.03310328724E-01  1.03145028839E-01    1  2  9 10 11 12
    270  1.03310326494E-01  1.03145027386E-01    5  6  7  8  9 10
    271  1.03310317146E-01  1.03056186492E-01    3  4  5  6  9 10
    272  1.03310316148E-01  1.03056186026E-01    3  4  9 10 11 12
    273  1.03310316047E-01  1.03056186513E-01    1  2  3  4  9 10
    274  1.03310314722E-01  1.03056185673E-01    3  4  7  8  9 10
    275 -9.82361902553E-02 -9.95550016278E-02    1  3  4  5 10 12
    276  9.82361880837E-02  9.95550000881E-02    3  4  6  7 10 11
    277 -9.82361856845E-02 -9.95549978183E-02    1  3  8  9 10 12
    278  9.82361849803E-02  9.95549967889E-02    2  3  6  7  9 10
    279 -9.82361638733E-02 -9.95550016278E-02    2  3  4  6  9 11
    280  9.82361617015E-02  9.95550000881E-02    3  4  5  8  9 12
    281 -9.82361593025E-02 -9.95549978183E-02    2  4  7  9 10 11
    282  9.82361585981E-02  9.95549967889E-02    1  4  5  8  9 10
    283  9.82361209741E-02  1.02186158434E-01    1  2  4  6  9 11
    284  9.82361195512E-02  1.02186158434E-01    1  2  3  5 10 12
    285 -9.82361182701E-02 -1.02186156188E-01    4  5  7  8  9 12
    286  9.82361178844E-02  1.02186156184E-01    2  4  7  9 11 12
    287 -9.82361168475E-02 -1.02186156188E-01    3  6  7  8 10 11
    288 -9.82361164714E-02 -1.02186154927E-01    1  4  5  6  8  9
    289  9.82361164615E-02  1.02186156184E-01    1  3  8 10 11 12
    290 -9.82361150488E-02 -1.02186154927E-01    2  3  5  6  7 10
    291 -9.82360573243E-02 -9.86725653663E-02    1  2  6  7  9 12
    292 -9.82360567279E-02 -9.86725648531E-02    1  4  6  7 11 12
    293  9.82360566258E-02  9.86725645712E-02    1  6  7  8  9 12
    294  9.82360558121E-02  9.86725643687E-02    1  4  5  6  7 12
    295 -9.82360457391E-02 -9.86725653663E-02    1  2  5  8 10 11
    296 -9.82360451426E-02 -9.86725648531E-02    2  3  5  8 11 12
    297  9.82360450407E-02  9.86725645712E-02    2  5  7  8 10 11
    298  9.82360442270E-02  9.86725643687E-02    2  3  5  6  8 11
    299  5.97347925454E-02  5.89920713251E-02    1  2  4  5  6  7
    300  5.97347911594E-02  5.89920706607E-02    1  4  7  8 11 12
    301  5.97347892140E-02  5.89920692814E-02    1  2  5  6  9 12
    302  5.97347891266E-02  5.89920691510E-02    6  7  8  9 11 12
    303 -5.97347829109E-02 -5.89920713251E-02    1  2  3  5  6  8
    304 -5.97347815247E-02 -5.89920706607E-02    2  3  7  8 11 12
    305 -5.97347795793E-02 -5.89920692814E-02    1  2  5  6 10 11
    306 -5.97347794920E-02 -5.89920691510E-02    5  7  8 10 11 12
    307  5.97347495456E-02  5.71400388267E-02    2  3  4  5  6  7
    308 -5.97347485331E-02 -5.71400383501E-02    1  3  4  8 11 12
    309 -5.97347459069E-02 -5.71400388267E-02    1  3  4  5  6  8
    310 -5.97347455739E-02 -5.71400359315E-02    1  2  5  9 10 12
    311  5.97347452548E-02  5.71400357646E-02    6  7  8  9 10 11
    312  5.97347448940E-02  5.71400383501E-02    2  3  4  7 11 12
    313  5.97347419349E-02  5.71400359315E-02    1  2  6  9 10 11
    314 -5.97347416161E-02 -5.71400357646E-02    5  7  8  9 10 12
    315  5.97347021956E-02  5.91178748161E-02    1  2  4  7  9 10
    316  5.97347017559E-02  5.91178746055E-02    3  4  6  9 11 12
    317  5.97347017555E-02  5.91178746659E-02    1  4  7  8  9 10
    318  5.97347015931E-02  5.91178747465E-02    3  4  5  6  9 12
    319 -5.97347004729E-02 -5.91178748161E-02    1  2  3  8  9 10
    320 -5.97347000332E-02 -5.91178746055E-02    3  4  5 10 11 12
    321 -5.97347000328E-02 -5.91178746659E-02    2  3  7  8  9 10
    322 -5.97346998703E-02 -5.91178747465E-02    3  4  5  6 10 11
    323  5.57622327343E-02  5.71400392677E-02    1  2  3  4  5 12
    324 -5.57622307458E-02 -5.71400379092E-02    3  4  6  7  8 11
    325  5.57622285975E-02  5.71400362165E-02    1  8  9 10 11 12
    326 -5.57622279688E-02 -5.71400392677E-02    1  2  3  4  6 11
    327 -5.57622277510E-02 -5.71400354796E-02    2  5  6  7  9 10
    328  5.57622259805E-02  5.71400379092E-02    3  4  5  7  8 12
    329 -5.57622238320E-02 -5.71400362165E-02    2  7  9 10 11 12
    330  5.57622229857E-02  5.71400354796E-02    1  5  6  8  9 10
    331  5.57622220783E-02  5.70975154449E-02    1  2  3  4  5 10
    332 -5.57622218558E-02 -5.70975154449E-02    1  2  3  4  6  9
    333  5.57622204353E-02  5.70975144448E-02    3  4  7  8 10 11
    334 -5.57622202130E-02 -5.70975144448E-02    3  4  7  8  9 12
    335  5.57622186869E-02  5.70975132546E-02    3  8  9 10 11 12
    336  5.57622184956E-02  5.70975130954E-02    2  3  5  6  9 10
    337 -5.57622184644E-02 -5.70975132546E-02    4  7  9 10 11 12
    338 -5.57622182733E-02 -5.70975130954E-02    1  4  5  6  9 10
    339 -5.57621880466E-02 -5.51978516074E-02    1  2  7  8  9 12
    340 -5.57621878797E-02 -5.51978516313E-02    1  4  5  6 11 12
    341 -5.57621875341E-02 -5.51978513846E-02    1  2  6  7  8  9
    342 -5.57621871931E-02 -5.51978512013E-02    4  5  6  7 11 12
    343  5.57621853398E-02  5.51978516074E-02    1  2  7  8 10 11
    344  5.57621851728E-02  5.51978516313E-02    2  3  5  6 11 12
    345  5.57621848275E-02  5.51978513846E-02    1  2  5  7  8 10
    346  5.57621844864E-02  5.51978512013E-02    3  5  6  8 11 12
    347  4.99070739898E-02  4.94801641549E-02    1  3  4  5  8 12
    348  4.99070739895E-02  4.94801641549E-02    2  3  4  6  7 11
    349  4.99070705906E-02  4.94801604984E-02    1  5  8  9 10 12
    350  4.99070705904E-02  4.94801604984E-02    2  6  7  9 10 11
    351  4.99070090396E-02  4.60594925803E-02    1  2  4  6  7  9
    352 -4.99070083529E-02 -4.60594918095E-02    1  4  7  8  9 12
    353  4.99070070191E-02  4.60594907040E-02    4  6  7  9 11 12
    354 -4.99070059812E-02 -4.60594902730E-02    1  4  5  6  9 12
    355  4.99070031471E-02  4.60594925803E-02    1  2  3  5  8 10
    356 -4.99070024602E-02 -4.60594918095E-02    2  3  7  8 10 11
    357  4.99070011266E-02  4.60594907040E-02    3  5  8 10 11 12
    358 -4.99070000885E-02 -4.60594902730E-02    2  3  5  6 10 11
    359 -3.94639720609E-02 -4.04137528136E-02    1  2  4  5  6 11
    360  3.94639693101E-02  4.04137515214E-02    4  5  7  8 11 12
    361 -3.94639678693E-02 -4.04137507035E-02    2  7  8  9 11 12
    362  3.94639675849E-02  4.04137502736E-02    1  2  5  6  8  9
    363  3.94639595400E-02  4.04137528136E-02    1  2  3  5  6 12
    364  3.94639593054E-02  3.86886508697E-02    1  3  4  5  6 10
    365 -3.94639568996E-02 -3.86886499197E-02    3  4  7 10 11 12
    366 -3.94639567892E-02 -4.04137515214E-02    3  6  7  8 11 12
    367  3.94639553483E-02  4.04137507035E-02    1  7  8 10 11 12
    368 -3.94639552073E-02 -3.86886486811E-02    1  2  3  6  9 10
    369 -3.94639550640E-02 -4.04137502736E-02    1  2  5  6  7 10
    370  3.94639549765E-02  3.86886487560E-02    3  7  8  9 10 12
    371 -3.94639476964E-02 -3.86886508697E-02    2  3  4  5  6  9
    372  3.94639452905E-02  3.86886499197E-02    3  4  8  9 11 12
    373  3.94639435981E-02  3.86886486811E-02    1  2  4  5  9 10
    374 -3.94639433674E-02 -3.86886487560E-02    4  7  8  9 10 11
    375 -3.94639315553E-02 -3.85539500799E-02    1  2  7  9 10 12
    376 -3.94639309411E-02 -3.85539500685E-02    1  3  4  6 11 12
    377 -3.94639309113E-02 -3.85539498284E-02    1  6  7  8  9 10
    378 -3.94639303035E-02 -3.85539498387E-02    3  4  5  6  7 12
    379  3.94639217415E-02  3.85539500799E-02    1  2  8  9 10 11
    380  3.94639211273E-02  3.85539500685E-02    2  3  4  5 11 12
    381  3.94639210974E-02  3.85539498284E-02    2  5  7  8  9 10
    382  3.94639204896E-02  3.85539498387E-02    3  4  5  6  8 11
    383 -1.71542028912E-02 -1.85178724443E-02    1  2  4  5  6  9
    384 -1.71542025234E-02 -1.85178723061E-02    4  7  8  9 11 12
    385  1.71542019650E-02  1.85178724443E-02    1  2  3  5  6 10
    386  1.71542015972E-02  1.85178723061E-02    3  7  8 10 11 12
    387  1.71541852606E-02  1.60593387914E-02    1  3  4  5  6 12
    388 -1.71541848476E-02 -1.60593385645E-02    3  4  6  7 11 12
    389  1.71541844431E-02  1.60593382112E-02    1  7  8  9 10 12
    390 -1.71541843945E-02 -1.60593381087E-02    1  2  6  7  9 10
    391 -1.71541840058E-02 -1.60593387914E-02    2  3  4  5  6 11
    392  1.71541835928E-02  1.60593385645E-02    3  4  5  8 11 12
    393 -1.71541831884E-02 -1.60593382112E-02    2  7  8  9 10 11
    394  1.71541831398E-02  1.60593381087E-02    1  2  5  8  9 10
    395  8.17068325809E-03  6.96562584251E-03    1  2  3  4  5  6
    396  8.17068202502E-03  6.96562543737E-03    3  4  7  8 11 12
    397  8.17068118656E-03  6.96562497512E-03    7  8  9 10 11 12
    398  8.17068114694E-03  6.96562489443E-03    1  2  5  6  9 10
    399  8.17067978593E-03  7.97854856405E-03    1  2  7  8  9 10
    400  8.17067913567E-03  7.97854827833E-03    3  4  5  6 11 12
