-4.385815842435801803e-01 -2.524847321234285902e-09 -3.238254787349304498e-01 4.461770846875783292e-01 -1.155138432389762881e-09 -6.637577705352615265e-10 4.326959431885770702e-01 3.295029664465194963e-01 5.092457150412954547e-10 -4.559728919960793214e-01
-2.514794558591904594e-01 -4.156817221453619204e-01 1.938769584806852575e-01 -3.878943725212938287e-01 2.785024418460497753e-01 2.778645483272572103e-01 3.951193479751822224e-01 1.905151964148435184e-01 4.152546068261003254e-01 2.372602471141730951e-01
-3.009670819415412035e-01 2.778645556024984531e-01 -3.999753233466841751e-01 -9.803841093521767792e-04 4.152546142344166191e-01 4.156817163194071463e-01 1.636488004915936934e-02 -3.992716518600969433e-01 -2.785024354404466163e-01 2.995862682743241634e-01
4.385815821648811341e-01 -3.110781679992180582e-09 -3.238254845355778566e-01 -4.461770888570427140e-01 7.200229641679545267e-09 -3.636696921903437296e-09 4.326959398843849280e-01 -3.295029579986040180e-01 -4.028920584306372454e-09 -4.559728950363598488e-01
3.009670769468534846e-01 2.778645473218260276e-01 -3.999753175405776906e-01 9.803759647595000626e-04 -4.152546097187338470e-01 4.156817206856127656e-01 1.636489091941452367e-02 3.992716561088076599e-01 2.785024460552785186e-01 2.995862728275905940e-01
-3.009670778417272707e-01 -2.778645532927370709e-01 -3.999753204729119549e-01 -9.803818427051658527e-04 -4.152546089710392185e-01 -4.156817187350742016e-01 1.636488580645473201e-02 -3.992716595932948587e-01 2.785024357694808606e-01 2.995862713965048996e-01
2.514794524214731819e-01 4.156817165592723295e-01 1.938769504394857734e-01 3.878943685197629443e-01 2.785024410953769181e-01 -2.778645518260685066e-01 3.951193542649972246e-01 -1.905152037936300446e-01 4.152546102474325984e-01 2.372602480535274672e-01
-3.009670756424338012e-01 2.778645511146271008e-01 3.999753148998250185e-01 -9.803827384238224339e-04 -4.152546078525226059e-01 4.156817170069049827e-01 -1.636488211924150976e-02 -3.992716638105717752e-01 2.785024400527903454e-01 -2.995862776110097547e-01
-2.514794511399350285e-01 4.156817137370550364e-01 -1.938769485876472853e-01 -3.878943678176579035e-01 2.785024345281417180e-01 -2.778645571063034780e-01 -3.951193528050671588e-01 1.905152076594641419e-01 4.152546147361211859e-01 -2.372602500133797199e-01
-2.514794530560489072e-01 4.156817203053100873e-01 1.938769540396826363e-01 -3.878943721454912730e-01 -2.785024398484285957e-01 -2.778645500720592354e-01 3.951193494723298505e-01 1.905152000619979857e-01 -4.152546089670586249e-01 2.372602486849326731e-01
