# No.Blocks      Mean       Error        Error_in_Error
        2516  -1.6814311470588197        4.0206835707783171E-004   5.6691233007107359E-006
        1258  -1.6814311470588226        5.6758080993769334E-004   1.1319964548464435E-005
         629  -1.6814311470588237        7.9956445894676558E-004   2.2561016417530156E-005
         314  -1.6814287695063688        1.1245298007571856E-003   4.4945250201112105E-005
         157  -1.6814287695063697        1.5624983217958897E-003   8.8459048282947899E-005
          78  -1.6814469459134618        2.0983652059606366E-003   1.6909108698749277E-004
          39  -1.6814469459134613        2.5527992713872990E-003   2.9282615913477626E-004
          19  -1.6815272294407893        2.8102388081884455E-003   4.6837313469807426E-004
           9  -1.6816795677083334        2.9844634234018155E-003   7.4611585585045387E-004
           4  -1.6820410561523436        3.3380792475888824E-003   1.3627651462610594E-003
           2  -1.6820410561523436        3.3734516601217008E-003   2.3853905448770708E-003
