# No.Blocks      Mean       Error        Error_in_Error
        2292   74.473727198330678        2.6067974613782408E-002   3.8510552286584134E-004
        1146   74.473727198330579        3.6441241280347328E-002   7.6150966643590500E-004
         573   74.473727198330607        5.0490931113126601E-002   1.4927956726111305E-003
         286   74.476810014035152        6.8816474534139804E-002   2.8824049313480389E-003
         143   74.476810014035152        9.1759610963700985E-002   5.4449311627361970E-003
          71   74.487476888214786       0.12049870625702248        1.0183999428240427E-002
          35   74.502235077134713       0.15563764156714718        1.8873836338334400E-002
          17   74.527991412855471       0.17450102408414936        3.0847714363474762E-002
           8   74.629857936616702       0.17218486051967111        4.6018339661004874E-002
           4   74.629857936616702       0.14255395312594776        5.8197407662533840E-002
           2   74.629857936616702        6.8426916016908423E-002   4.8385136331238324E-002
