# Block_length   Mean       Error        Error_in_Error
        2292  -1.6846696790446996        1.1237936860512864E-003   1.6601947848733020E-005
        1146  -1.6846696790447009        1.5385663932053367E-003   3.2151297258667975E-005
         573  -1.6846696790446991        2.0476660154254019E-003   6.0540514888330607E-005
         286  -1.6845144293773284        2.6138478767449239E-003   1.0948203988545614E-004
         143  -1.6845144293773273        3.1600631216085842E-003   1.8751524757299398E-004
          71  -1.6845116497110708        3.5422603481277087E-003   2.9937564045762492E-004
          35  -1.6839104520530399        3.8894828426538695E-003   4.7166907615557471E-004
          17  -1.6831891101909688        4.9487590201196772E-003   8.7482526539617940E-004
           8  -1.6816499004685970        6.4128338832942951E-003   1.7139019478273085E-003
           4  -1.6816499004685970        7.0993324520133893E-003   2.8982903369690911E-003
           2  -1.6816499004685970        1.0114816307129154E-002   7.1522552012272967E-003
