# No.Blocks      Mean       Error        Error_in_Error
        2014   72.876232890961077        2.3160609400327683E-002   3.6501700475347987E-004
        1007   72.876232890960964        3.2204158590521212E-002   7.1795623012234637E-004
         503   72.874334697797707        4.4115904447590677E-002   1.3922855987458359E-003
         251   72.869964655083450        5.8873749989227057E-002   2.6329141413247840E-003
         125   72.862451781846687        7.5657344948859950E-002   4.8042462085012170E-003
          62   72.871061137839732        9.0714056856568637E-002   8.2128648140528844E-003
          31   72.871061137839760        9.0450466658528170E-002   1.1677105034172294E-002
          15   72.870250848874491        7.0533636036515399E-002   1.3329604286983090E-002
           7   72.888375096071030        8.0134365954172657E-002   2.3132798877490784E-002
           3   72.852408849005982        9.0725441633440318E-002   4.5362720816720159E-002
