# of blocks mean (X_1)     std.err. (X_1)  std.err.err. (X_1)  
# from 50000 to 0
2049        -4.66499638360 2.51795997e-05  3.93431246e-07       
1024        -4.66499597119 3.30002607e-05  7.29565949e-07       
512         -4.66499597119 3.97483420e-05  1.24335049e-06       
256         -4.66499597119 4.09028357e-05  1.81120801e-06       
128         -4.66499597119 3.96388198e-05  2.48716076e-06       
64          -4.66499597119 4.17772223e-05  3.72181078e-06       
32          -4.66499597119 4.76315332e-05  6.04921077e-06       
16          -4.66499597119 5.17028572e-05  9.43960706e-06       
8           -4.66499597119 5.88123941e-05  1.57182735e-05       
4           -4.66499597119 7.13912062e-05  2.91453379e-05       
2           -4.66499597119 7.90083008e-05  5.58673053e-05       
