# Block_length   Mean       Error        Error_in_Error
        2254  -1.6792302132957266        2.7928592237888897E-004   4.1605759239934007E-006
        1127  -1.6792302132957273        3.8048035443249604E-004   8.0176675500821450E-006
         563  -1.6792318872676109        5.0760613216345213E-004   1.5140621558681818E-005
         281  -1.6792230821137457        6.4458283039072438E-004   2.7238596081483522E-005
         140  -1.6792687835730993        7.8878235842818993E-004   4.7308022079988068E-005
          70  -1.6792687835731006        9.3825056875989255E-004   7.9869192414496883E-005
          35  -1.6792687835730997        9.8678284889879898E-004   1.1966499751640177E-004
          17  -1.6793660016425103        1.1969308222938334E-003   2.1158947526379000E-004
           8  -1.6794097875407639        1.5629398155427683E-003   4.1771323613633575E-004
           4  -1.6794097875407641        2.4751321900428462E-003   1.0104684852570694E-003
           2  -1.6794097875407639        3.5308682330496229E-003   2.4967008710655514E-003
