# No.Blocks      Mean       Error        Error_in_Error
        2446  -1.6782422780049058        4.0847131027012391E-005   5.8412679541015638E-007
        1223  -1.6782422780049058        5.2788911590608212E-005   1.0678053856488665E-006
         611  -1.6782409901800321        6.0038221144503958E-005   1.7188892711255317E-006
         305  -1.6782425508196728        6.4394448004323005E-005   2.6115397170480686E-006
         152  -1.6782443770559203        6.9529211659039475E-005   4.0009565387448952E-006
          76  -1.6782443770559212        6.9115876144497940E-005   5.6432876559806749E-006
          38  -1.6782443770559212        6.6861333897693832E-005   7.7724721888689915E-006
          19  -1.6782443770559212        6.2819833994340584E-005   1.0469972332390097E-005
           9  -1.6782415959201389        7.4749962404254555E-005   1.8687490601063639E-005
           4  -1.6782685131835937        6.6067830222511849E-005   2.6972078742997208E-005
           2  -1.6782685131835937        1.9626465512522482E-005   1.3878006854628556E-005
