TERM-SELF
#mode=discrete
#policy=dx
  1 1.9391680676255862
  2 1.9391680676255862
  3 1.9391680676255862
  4 1.9391680676255862
  5 1.9391680676255862
  6 1.9391680676255862
  7 1.9391680676255862
  8 1.9391680676255862
  9 1.9391680676255862
  10 1.9391680676255862
TERM-u0
  1 1 2 0.41401108082572058
  1 1 3 -0.51958510873696684E-001
  1 1 4 0.41401108082572058
  1 1 5 -0.51958510873696684E-001
  1 1 6 -0.66474461351378045
  1 1 7 -0.51958510873696684E-001
  1 1 8 0.41401108082572058
  1 1 9 -0.51958510873696684E-001
  1 1 10 0.41401108082572058
  1 2 1 0.41401108082572058
  1 2 3 0.41401108082572058
  1 2 4 -0.51958510873696684E-001
  1 2 5 0.41401108082572058
  1 2 6 -0.51958510873696684E-001
  1 2 7 -0.66474461351378045
  1 2 8 -0.51958510873696684E-001
  1 2 9 0.41401108082572058
  1 2 10 -0.51958510873696684E-001
  1 3 1 -0.51958510873696684E-001
  1 3 2 0.41401108082572058
  1 3 4 0.41401108082572058
  1 3 5 -0.51958510873696684E-001
  1 3 6 0.41401108082572058
  1 3 7 -0.51958510873696684E-001
  1 3 8 -0.66474461351378045
  1 3 9 -0.51958510873696684E-001
  1 3 10 0.41401108082572058
  1 4 1 0.41401108082572058
  1 4 2 -0.51958510873696684E-001
  1 4 3 0.41401108082572058
  1 4 5 0.41401108082572058
  1 4 6 -0.51958510873696684E-001
  1 4 7 0.41401108082572058
  1 4 8 -0.51958510873696684E-001
  1 4 9 -0.66474461351378045
  1 4 10 -0.51958510873696684E-001
  1 5 1 -0.51958510873696684E-001
  1 5 2 0.41401108082572058
  1 5 3 -0.51958510873696684E-001
  1 5 4 0.41401108082572058
  1 5 6 0.41401108082572058
  1 5 7 -0.51958510873696684E-001
  1 5 8 0.41401108082572058
  1 5 9 -0.51958510873696684E-001
  1 5 10 -0.66474461351378045
  1 6 1 -0.66474461351378045
  1 6 2 -0.51958510873696684E-001
  1 6 3 0.41401108082572058
  1 6 4 -0.51958510873696684E-001
  1 6 5 0.41401108082572058
  1 6 7 0.41401108082572058
  1 6 8 -0.51958510873696684E-001
  1 6 9 0.41401108082572058
  1 6 10 -0.51958510873696684E-001
  1 7 1 -0.51958510873696684E-001
  1 7 2 -0.66474461351378045
  1 7 3 -0.51958510873696684E-001
  1 7 4 0.41401108082572058
  1 7 5 -0.51958510873696684E-001
  1 7 6 0.41401108082572058
  1 7 8 0.41401108082572058
  1 7 9 -0.51958510873696684E-001
  1 7 10 0.41401108082572058
  1 8 1 0.41401108082572058
  1 8 2 -0.51958510873696684E-001
  1 8 3 -0.66474461351378045
  1 8 4 -0.51958510873696684E-001
  1 8 5 0.41401108082572058
  1 8 6 -0.51958510873696684E-001
  1 8 7 0.41401108082572058
  1 8 9 0.41401108082572058
  1 8 10 -0.51958510873696684E-001
  1 9 1 -0.51958510873696684E-001
  1 9 2 0.41401108082572058
  1 9 3 -0.51958510873696684E-001
  1 9 4 -0.66474461351378045
  1 9 5 -0.51958510873696684E-001
  1 9 6 0.41401108082572058
  1 9 7 -0.51958510873696684E-001
  1 9 8 0.41401108082572058
  1 9 10 0.41401108082572058
  1 10 1 0.41401108082572058
  1 10 2 -0.51958510873696684E-001
  1 10 3 0.41401108082572058
  1 10 4 -0.51958510873696684E-001
  1 10 5 -0.66474461351378045
  1 10 6 -0.51958510873696684E-001
  1 10 7 0.41401108082572058
  1 10 8 -0.51958510873696684E-001
  1 10 9 0.41401108082572058
TERM-ud
  1 1 2 -0.19283752339665887E-001
  1 1 3 -0.13123571836917747
  1 1 4 -0.19283752339665887E-001
  1 1 5 -0.13123571836917747
  1 1 6 -0.24664358963984823
  1 1 7 -0.13123571836917747
  1 1 8 -0.19283752339665887E-001
  1 1 9 -0.13123571836917747
  1 1 10 -0.19283752339665887E-001
  1 2 1 -0.19283752339665887E-001
  1 2 3 -0.19283752339665887E-001
  1 2 4 -0.13123571836917747
  1 2 5 -0.19283752339665887E-001
  1 2 6 -0.13123571836917747
  1 2 7 -0.24664358963984823
  1 2 8 -0.13123571836917747
  1 2 9 -0.19283752339665887E-001
  1 2 10 -0.13123571836917747
  1 3 1 -0.13123571836917747
  1 3 2 -0.19283752339665887E-001
  1 3 4 -0.19283752339665887E-001
  1 3 5 -0.13123571836917747
  1 3 6 -0.19283752339665887E-001
  1 3 7 -0.13123571836917747
  1 3 8 -0.24664358963984823
  1 3 9 -0.13123571836917747
  1 3 10 -0.19283752339665887E-001
  1 4 1 -0.19283752339665887E-001
  1 4 2 -0.13123571836917747
  1 4 3 -0.19283752339665887E-001
  1 4 5 -0.19283752339665887E-001
  1 4 6 -0.13123571836917747
  1 4 7 -0.19283752339665887E-001
  1 4 8 -0.13123571836917747
  1 4 9 -0.24664358963984823
  1 4 10 -0.13123571836917747
  1 5 1 -0.13123571836917747
  1 5 2 -0.19283752339665887E-001
  1 5 3 -0.13123571836917747
  1 5 4 -0.19283752339665887E-001
  1 5 6 -0.19283752339665887E-001
  1 5 7 -0.13123571836917747
  1 5 8 -0.19283752339665887E-001
  1 5 9 -0.13123571836917747
  1 5 10 -0.24664358963984823
  1 6 1 -0.24664358963984823
  1 6 2 -0.13123571836917747
  1 6 3 -0.19283752339665887E-001
  1 6 4 -0.13123571836917747
  1 6 5 -0.19283752339665887E-001
  1 6 7 -0.19283752339665887E-001
  1 6 8 -0.13123571836917747
  1 6 9 -0.19283752339665887E-001
  1 6 10 -0.13123571836917747
  1 7 1 -0.13123571836917747
  1 7 2 -0.24664358963984823
  1 7 3 -0.13123571836917747
  1 7 4 -0.19283752339665887E-001
  1 7 5 -0.13123571836917747
  1 7 6 -0.19283752339665887E-001
  1 7 8 -0.19283752339665887E-001
  1 7 9 -0.13123571836917747
  1 7 10 -0.19283752339665887E-001
  1 8 1 -0.19283752339665887E-001
  1 8 2 -0.13123571836917747
  1 8 3 -0.24664358963984823
  1 8 4 -0.13123571836917747
  1 8 5 -0.19283752339665887E-001
  1 8 6 -0.13123571836917747
  1 8 7 -0.19283752339665887E-001
  1 8 9 -0.19283752339665887E-001
  1 8 10 -0.13123571836917747
  1 9 1 -0.13123571836917747
  1 9 2 -0.19283752339665887E-001
  1 9 3 -0.13123571836917747
  1 9 4 -0.24664358963984823
  1 9 5 -0.13123571836917747
  1 9 6 -0.19283752339665887E-001
  1 9 7 -0.13123571836917747
  1 9 8 -0.19283752339665887E-001
  1 9 10 -0.19283752339665887E-001
  1 10 1 -0.19283752339665887E-001
  1 10 2 -0.13123571836917747
  1 10 3 -0.19283752339665887E-001
  1 10 4 -0.13123571836917747
  1 10 5 -0.24664358963984823
  1 10 6 -0.13123571836917747
  1 10 7 -0.19283752339665887E-001
  1 10 8 -0.13123571836917747
  1 10 9 -0.19283752339665887E-001
TERM-d0
  2 1 2 0.41401108082572058
  2 1 3 -0.51958510873696684E-001
  2 1 4 0.41401108082572058
  2 1 5 -0.51958510873696684E-001
  2 1 6 -0.66474461351378045
  2 1 7 -0.51958510873696684E-001
  2 1 8 0.41401108082572058
  2 1 9 -0.51958510873696684E-001
  2 1 10 0.41401108082572058
  2 2 1 0.41401108082572058
  2 2 3 0.41401108082572058
  2 2 4 -0.51958510873696684E-001
  2 2 5 0.41401108082572058
  2 2 6 -0.51958510873696684E-001
  2 2 7 -0.66474461351378045
  2 2 8 -0.51958510873696684E-001
  2 2 9 0.41401108082572058
  2 2 10 -0.51958510873696684E-001
  2 3 1 -0.51958510873696684E-001
  2 3 2 0.41401108082572058
  2 3 4 0.41401108082572058
  2 3 5 -0.51958510873696684E-001
  2 3 6 0.41401108082572058
  2 3 7 -0.51958510873696684E-001
  2 3 8 -0.66474461351378045
  2 3 9 -0.51958510873696684E-001
  2 3 10 0.41401108082572058
  2 4 1 0.41401108082572058
  2 4 2 -0.51958510873696684E-001
  2 4 3 0.41401108082572058
  2 4 5 0.41401108082572058
  2 4 6 -0.51958510873696684E-001
  2 4 7 0.41401108082572058
  2 4 8 -0.51958510873696684E-001
  2 4 9 -0.66474461351378045
  2 4 10 -0.51958510873696684E-001
  2 5 1 -0.51958510873696684E-001
  2 5 2 0.41401108082572058
  2 5 3 -0.51958510873696684E-001
  2 5 4 0.41401108082572058
  2 5 6 0.41401108082572058
  2 5 7 -0.51958510873696684E-001
  2 5 8 0.41401108082572058
  2 5 9 -0.51958510873696684E-001
  2 5 10 -0.66474461351378045
  2 6 1 -0.66474461351378045
  2 6 2 -0.51958510873696684E-001
  2 6 3 0.41401108082572058
  2 6 4 -0.51958510873696684E-001
  2 6 5 0.41401108082572058
  2 6 7 0.41401108082572058
  2 6 8 -0.51958510873696684E-001
  2 6 9 0.41401108082572058
  2 6 10 -0.51958510873696684E-001
  2 7 1 -0.51958510873696684E-001
  2 7 2 -0.66474461351378045
  2 7 3 -0.51958510873696684E-001
  2 7 4 0.41401108082572058
  2 7 5 -0.51958510873696684E-001
  2 7 6 0.41401108082572058
  2 7 8 0.41401108082572058
  2 7 9 -0.51958510873696684E-001
  2 7 10 0.41401108082572058
  2 8 1 0.41401108082572058
  2 8 2 -0.51958510873696684E-001
  2 8 3 -0.66474461351378045
  2 8 4 -0.51958510873696684E-001
  2 8 5 0.41401108082572058
  2 8 6 -0.51958510873696684E-001
  2 8 7 0.41401108082572058
  2 8 9 0.41401108082572058
  2 8 10 -0.51958510873696684E-001
  2 9 1 -0.51958510873696684E-001
  2 9 2 0.41401108082572058
  2 9 3 -0.51958510873696684E-001
  2 9 4 -0.66474461351378045
  2 9 5 -0.51958510873696684E-001
  2 9 6 0.41401108082572058
  2 9 7 -0.51958510873696684E-001
  2 9 8 0.41401108082572058
  2 9 10 0.41401108082572058
  2 10 1 0.41401108082572058
  2 10 2 -0.51958510873696684E-001
  2 10 3 0.41401108082572058
  2 10 4 -0.51958510873696684E-001
  2 10 5 -0.66474461351378045
  2 10 6 -0.51958510873696684E-001
  2 10 7 0.41401108082572058
  2 10 8 -0.51958510873696684E-001
  2 10 9 0.41401108082572058
TERM-du
  2 1 2 -0.19283752339665887E-001
  2 1 3 -0.13123571836917747
  2 1 4 -0.19283752339665887E-001
  2 1 5 -0.13123571836917747
  2 1 6 -0.24664358963984823
  2 1 7 -0.13123571836917747
  2 1 8 -0.19283752339665887E-001
  2 1 9 -0.13123571836917747
  2 1 10 -0.19283752339665887E-001
  2 2 1 -0.19283752339665887E-001
  2 2 3 -0.19283752339665887E-001
  2 2 4 -0.13123571836917747
  2 2 5 -0.19283752339665887E-001
  2 2 6 -0.13123571836917747
  2 2 7 -0.24664358963984823
  2 2 8 -0.13123571836917747
  2 2 9 -0.19283752339665887E-001
  2 2 10 -0.13123571836917747
  2 3 1 -0.13123571836917747
  2 3 2 -0.19283752339665887E-001
  2 3 4 -0.19283752339665887E-001
  2 3 5 -0.13123571836917747
  2 3 6 -0.19283752339665887E-001
  2 3 7 -0.13123571836917747
  2 3 8 -0.24664358963984823
  2 3 9 -0.13123571836917747
  2 3 10 -0.19283752339665887E-001
  2 4 1 -0.19283752339665887E-001
  2 4 2 -0.13123571836917747
  2 4 3 -0.19283752339665887E-001
  2 4 5 -0.19283752339665887E-001
  2 4 6 -0.13123571836917747
  2 4 7 -0.19283752339665887E-001
  2 4 8 -0.13123571836917747
  2 4 9 -0.24664358963984823
  2 4 10 -0.13123571836917747
  2 5 1 -0.13123571836917747
  2 5 2 -0.19283752339665887E-001
  2 5 3 -0.13123571836917747
  2 5 4 -0.19283752339665887E-001
  2 5 6 -0.19283752339665887E-001
  2 5 7 -0.13123571836917747
  2 5 8 -0.19283752339665887E-001
  2 5 9 -0.13123571836917747
  2 5 10 -0.24664358963984823
  2 6 1 -0.24664358963984823
  2 6 2 -0.13123571836917747
  2 6 3 -0.19283752339665887E-001
  2 6 4 -0.13123571836917747
  2 6 5 -0.19283752339665887E-001
  2 6 7 -0.19283752339665887E-001
  2 6 8 -0.13123571836917747
  2 6 9 -0.19283752339665887E-001
  2 6 10 -0.13123571836917747
  2 7 1 -0.13123571836917747
  2 7 2 -0.24664358963984823
  2 7 3 -0.13123571836917747
  2 7 4 -0.19283752339665887E-001
  2 7 5 -0.13123571836917747
  2 7 6 -0.19283752339665887E-001
  2 7 8 -0.19283752339665887E-001
  2 7 9 -0.13123571836917747
  2 7 10 -0.19283752339665887E-001
  2 8 1 -0.19283752339665887E-001
  2 8 2 -0.13123571836917747
  2 8 3 -0.24664358963984823
  2 8 4 -0.13123571836917747
  2 8 5 -0.19283752339665887E-001
  2 8 6 -0.13123571836917747
  2 8 7 -0.19283752339665887E-001
  2 8 9 -0.19283752339665887E-001
  2 8 10 -0.13123571836917747
  2 9 1 -0.13123571836917747
  2 9 2 -0.19283752339665887E-001
  2 9 3 -0.13123571836917747
  2 9 4 -0.24664358963984823
  2 9 5 -0.13123571836917747
  2 9 6 -0.19283752339665887E-001
  2 9 7 -0.13123571836917747
  2 9 8 -0.19283752339665887E-001
  2 9 10 -0.19283752339665887E-001
  2 10 1 -0.19283752339665887E-001
  2 10 2 -0.13123571836917747
  2 10 3 -0.19283752339665887E-001
  2 10 4 -0.13123571836917747
  2 10 5 -0.24664358963984823
  2 10 6 -0.13123571836917747
  2 10 7 -0.19283752339665887E-001
  2 10 8 -0.13123571836917747
  2 10 9 -0.19283752339665887E-001
TERM-20
  1 1 2 3.6483081416806185
  1 1 3 0.87150934042824910E-001
  1 1 4 3.6483081416806185
  1 1 5 0.87150934042824910E-001
  1 1 6 -0.69868617712094216
  1 1 7 0.87150934042824910E-001
  1 1 8 3.6483081416806185
  1 1 9 0.87150934042824910E-001
  1 1 10 3.6483081416806185
  1 2 1 3.6483081416806185
  1 2 3 3.6483081416806185
  1 2 4 0.87150934042824910E-001
  1 2 5 3.6483081416806185
  1 2 6 0.87150934042824910E-001
  1 2 7 -0.69868617712094216
  1 2 8 0.87150934042824910E-001
  1 2 9 3.6483081416806185
  1 2 10 0.87150934042824910E-001
  1 3 1 0.87150934042824910E-001
  1 3 2 3.6483081416806185
  1 3 4 3.6483081416806185
  1 3 5 0.87150934042824910E-001
  1 3 6 3.6483081416806185
  1 3 7 0.87150934042824910E-001
  1 3 8 -0.69868617712094216
  1 3 9 0.87150934042824910E-001
  1 3 10 3.6483081416806185
  1 4 1 3.6483081416806185
  1 4 2 0.87150934042824910E-001
  1 4 3 3.6483081416806185
  1 4 5 3.6483081416806185
  1 4 6 0.87150934042824910E-001
  1 4 7 3.6483081416806185
  1 4 8 0.87150934042824910E-001
  1 4 9 -0.69868617712094216
  1 4 10 0.87150934042824910E-001
  1 5 1 0.87150934042824910E-001
  1 5 2 3.6483081416806185
  1 5 3 0.87150934042824910E-001
  1 5 4 3.6483081416806185
  1 5 6 3.6483081416806185
  1 5 7 0.87150934042824910E-001
  1 5 8 3.6483081416806185
  1 5 9 0.87150934042824910E-001
  1 5 10 -0.69868617712094216
  1 6 1 -0.69868617712094216
  1 6 2 0.87150934042824910E-001
  1 6 3 3.6483081416806185
  1 6 4 0.87150934042824910E-001
  1 6 5 3.6483081416806185
  1 6 7 3.6483081416806185
  1 6 8 0.87150934042824910E-001
  1 6 9 3.6483081416806185
  1 6 10 0.87150934042824910E-001
  1 7 1 0.87150934042824910E-001
  1 7 2 -0.69868617712094216
  1 7 3 0.87150934042824910E-001
  1 7 4 3.6483081416806185
  1 7 5 0.87150934042824910E-001
  1 7 6 3.6483081416806185
  1 7 8 3.6483081416806185
  1 7 9 0.87150934042824910E-001
  1 7 10 3.6483081416806185
  1 8 1 3.6483081416806185
  1 8 2 0.87150934042824910E-001
  1 8 3 -0.69868617712094216
  1 8 4 0.87150934042824910E-001
  1 8 5 3.6483081416806185
  1 8 6 0.87150934042824910E-001
  1 8 7 3.6483081416806185
  1 8 9 3.6483081416806185
  1 8 10 0.87150934042824910E-001
  1 9 1 0.87150934042824910E-001
  1 9 2 3.6483081416806185
  1 9 3 0.87150934042824910E-001
  1 9 4 -0.69868617712094216
  1 9 5 0.87150934042824910E-001
  1 9 6 3.6483081416806185
  1 9 7 0.87150934042824910E-001
  1 9 8 3.6483081416806185
  1 9 10 3.6483081416806185
  1 10 1 3.6483081416806185
  1 10 2 0.87150934042824910E-001
  1 10 3 3.6483081416806185
  1 10 4 0.87150934042824910E-001
  1 10 5 -0.69868617712094216
  1 10 6 0.87150934042824910E-001
  1 10 7 3.6483081416806185
  1 10 8 0.87150934042824910E-001
  1 10 9 3.6483081416806185
  2 1 2 3.6483081416806185
  2 1 3 0.87150934042824910E-001
  2 1 4 3.6483081416806185
  2 1 5 0.87150934042824910E-001
  2 1 6 -0.69868617712094216
  2 1 7 0.87150934042824910E-001
  2 1 8 3.6483081416806185
  2 1 9 0.87150934042824910E-001
  2 1 10 3.6483081416806185
  2 2 1 3.6483081416806185
  2 2 3 3.6483081416806185
  2 2 4 0.87150934042824910E-001
  2 2 5 3.6483081416806185
  2 2 6 0.87150934042824910E-001
  2 2 7 -0.69868617712094216
  2 2 8 0.87150934042824910E-001
  2 2 9 3.6483081416806185
  2 2 10 0.87150934042824910E-001
  2 3 1 0.87150934042824910E-001
  2 3 2 3.6483081416806185
  2 3 4 3.6483081416806185
  2 3 5 0.87150934042824910E-001
  2 3 6 3.6483081416806185
  2 3 7 0.87150934042824910E-001
  2 3 8 -0.69868617712094216
  2 3 9 0.87150934042824910E-001
  2 3 10 3.6483081416806185
  2 4 1 3.6483081416806185
  2 4 2 0.87150934042824910E-001
  2 4 3 3.6483081416806185
  2 4 5 3.6483081416806185
  2 4 6 0.87150934042824910E-001
  2 4 7 3.6483081416806185
  2 4 8 0.87150934042824910E-001
  2 4 9 -0.69868617712094216
  2 4 10 0.87150934042824910E-001
  2 5 1 0.87150934042824910E-001
  2 5 2 3.6483081416806185
  2 5 3 0.87150934042824910E-001
  2 5 4 3.6483081416806185
  2 5 6 3.6483081416806185
  2 5 7 0.87150934042824910E-001
  2 5 8 3.6483081416806185
  2 5 9 0.87150934042824910E-001
  2 5 10 -0.69868617712094216
  2 6 1 -0.69868617712094216
  2 6 2 0.87150934042824910E-001
  2 6 3 3.6483081416806185
  2 6 4 0.87150934042824910E-001
  2 6 5 3.6483081416806185
  2 6 7 3.6483081416806185
  2 6 8 0.87150934042824910E-001
  2 6 9 3.6483081416806185
  2 6 10 0.87150934042824910E-001
  2 7 1 0.87150934042824910E-001
  2 7 2 -0.69868617712094216
  2 7 3 0.87150934042824910E-001
  2 7 4 3.6483081416806185
  2 7 5 0.87150934042824910E-001
  2 7 6 3.6483081416806185
  2 7 8 3.6483081416806185
  2 7 9 0.87150934042824910E-001
  2 7 10 3.6483081416806185
  2 8 1 3.6483081416806185
  2 8 2 0.87150934042824910E-001
  2 8 3 -0.69868617712094216
  2 8 4 0.87150934042824910E-001
  2 8 5 3.6483081416806185
  2 8 6 0.87150934042824910E-001
  2 8 7 3.6483081416806185
  2 8 9 3.6483081416806185
  2 8 10 0.87150934042824910E-001
  2 9 1 0.87150934042824910E-001
  2 9 2 3.6483081416806185
  2 9 3 0.87150934042824910E-001
  2 9 4 -0.69868617712094216
  2 9 5 0.87150934042824910E-001
  2 9 6 3.6483081416806185
  2 9 7 0.87150934042824910E-001
  2 9 8 3.6483081416806185
  2 9 10 3.6483081416806185
  2 10 1 3.6483081416806185
  2 10 2 0.87150934042824910E-001
  2 10 3 3.6483081416806185
  2 10 4 0.87150934042824910E-001
  2 10 5 -0.69868617712094216
  2 10 6 0.87150934042824910E-001
  2 10 7 3.6483081416806185
  2 10 8 0.87150934042824910E-001
  2 10 9 3.6483081416806185
TERM-2u
  2 1 2 0.18622269058195036E-001
  2 1 3 -0.19071804566325842
  2 1 4 0.18622269058195036E-001
  2 1 5 -0.19071804566325842
  2 1 6 -0.71937231855753803
  2 1 7 -0.19071804566325842
  2 1 8 0.18622269058195036E-001
  2 1 9 -0.19071804566325842
  2 1 10 0.18622269058195036E-001
  2 2 1 0.18622269058195036E-001
  2 2 3 0.18622269058195036E-001
  2 2 4 -0.19071804566325842
  2 2 5 0.18622269058195036E-001
  2 2 6 -0.19071804566325842
  2 2 7 -0.71937231855753803
  2 2 8 -0.19071804566325842
  2 2 9 0.18622269058195036E-001
  2 2 10 -0.19071804566325842
  2 3 1 -0.19071804566325842
  2 3 2 0.18622269058195036E-001
  2 3 4 0.18622269058195036E-001
  2 3 5 -0.19071804566325842
  2 3 6 0.18622269058195036E-001
  2 3 7 -0.19071804566325842
  2 3 8 -0.71937231855753803
  2 3 9 -0.19071804566325842
  2 3 10 0.18622269058195036E-001
  2 4 1 0.18622269058195036E-001
  2 4 2 -0.19071804566325842
  2 4 3 0.18622269058195036E-001
  2 4 5 0.18622269058195036E-001
  2 4 6 -0.19071804566325842
  2 4 7 0.18622269058195036E-001
  2 4 8 -0.19071804566325842
  2 4 9 -0.71937231855753803
  2 4 10 -0.19071804566325842
  2 5 1 -0.19071804566325842
  2 5 2 0.18622269058195036E-001
  2 5 3 -0.19071804566325842
  2 5 4 0.18622269058195036E-001
  2 5 6 0.18622269058195036E-001
  2 5 7 -0.19071804566325842
  2 5 8 0.18622269058195036E-001
  2 5 9 -0.19071804566325842
  2 5 10 -0.71937231855753803
  2 6 1 -0.71937231855753803
  2 6 2 -0.19071804566325842
  2 6 3 0.18622269058195036E-001
  2 6 4 -0.19071804566325842
  2 6 5 0.18622269058195036E-001
  2 6 7 0.18622269058195036E-001
  2 6 8 -0.19071804566325842
  2 6 9 0.18622269058195036E-001
  2 6 10 -0.19071804566325842
  2 7 1 -0.19071804566325842
  2 7 2 -0.71937231855753803
  2 7 3 -0.19071804566325842
  2 7 4 0.18622269058195036E-001
  2 7 5 -0.19071804566325842
  2 7 6 0.18622269058195036E-001
  2 7 8 0.18622269058195036E-001
  2 7 9 -0.19071804566325842
  2 7 10 0.18622269058195036E-001
  2 8 1 0.18622269058195036E-001
  2 8 2 -0.19071804566325842
  2 8 3 -0.71937231855753803
  2 8 4 -0.19071804566325842
  2 8 5 0.18622269058195036E-001
  2 8 6 -0.19071804566325842
  2 8 7 0.18622269058195036E-001
  2 8 9 0.18622269058195036E-001
  2 8 10 -0.19071804566325842
  2 9 1 -0.19071804566325842
  2 9 2 0.18622269058195036E-001
  2 9 3 -0.19071804566325842
  2 9 4 -0.71937231855753803
  2 9 5 -0.19071804566325842
  2 9 6 0.18622269058195036E-001
  2 9 7 -0.19071804566325842
  2 9 8 0.18622269058195036E-001
  2 9 10 0.18622269058195036E-001
  2 10 1 0.18622269058195036E-001
  2 10 2 -0.19071804566325842
  2 10 3 0.18622269058195036E-001
  2 10 4 -0.19071804566325842
  2 10 5 -0.71937231855753803
  2 10 6 -0.19071804566325842
  2 10 7 0.18622269058195036E-001
  2 10 8 -0.19071804566325842
  2 10 9 0.18622269058195036E-001
TERM-2d
  1 1 2 0.18622269058195036E-001
  1 1 3 -0.19071804566325842
  1 1 4 0.18622269058195036E-001
  1 1 5 -0.19071804566325842
  1 1 6 -0.71937231855753803
  1 1 7 -0.19071804566325842
  1 1 8 0.18622269058195036E-001
  1 1 9 -0.19071804566325842
  1 1 10 0.18622269058195036E-001
  1 2 1 0.18622269058195036E-001
  1 2 3 0.18622269058195036E-001
  1 2 4 -0.19071804566325842
  1 2 5 0.18622269058195036E-001
  1 2 6 -0.19071804566325842
  1 2 7 -0.71937231855753803
  1 2 8 -0.19071804566325842
  1 2 9 0.18622269058195036E-001
  1 2 10 -0.19071804566325842
  1 3 1 -0.19071804566325842
  1 3 2 0.18622269058195036E-001
  1 3 4 0.18622269058195036E-001
  1 3 5 -0.19071804566325842
  1 3 6 0.18622269058195036E-001
  1 3 7 -0.19071804566325842
  1 3 8 -0.71937231855753803
  1 3 9 -0.19071804566325842
  1 3 10 0.18622269058195036E-001
  1 4 1 0.18622269058195036E-001
  1 4 2 -0.19071804566325842
  1 4 3 0.18622269058195036E-001
  1 4 5 0.18622269058195036E-001
  1 4 6 -0.19071804566325842
  1 4 7 0.18622269058195036E-001
  1 4 8 -0.19071804566325842
  1 4 9 -0.71937231855753803
  1 4 10 -0.19071804566325842
  1 5 1 -0.19071804566325842
  1 5 2 0.18622269058195036E-001
  1 5 3 -0.19071804566325842
  1 5 4 0.18622269058195036E-001
  1 5 6 0.18622269058195036E-001
  1 5 7 -0.19071804566325842
  1 5 8 0.18622269058195036E-001
  1 5 9 -0.19071804566325842
  1 5 10 -0.71937231855753803
  1 6 1 -0.71937231855753803
  1 6 2 -0.19071804566325842
  1 6 3 0.18622269058195036E-001
  1 6 4 -0.19071804566325842
  1 6 5 0.18622269058195036E-001
  1 6 7 0.18622269058195036E-001
  1 6 8 -0.19071804566325842
  1 6 9 0.18622269058195036E-001
  1 6 10 -0.19071804566325842
  1 7 1 -0.19071804566325842
  1 7 2 -0.71937231855753803
  1 7 3 -0.19071804566325842
  1 7 4 0.18622269058195036E-001
  1 7 5 -0.19071804566325842
  1 7 6 0.18622269058195036E-001
  1 7 8 0.18622269058195036E-001
  1 7 9 -0.19071804566325842
  1 7 10 0.18622269058195036E-001
  1 8 1 0.18622269058195036E-001
  1 8 2 -0.19071804566325842
  1 8 3 -0.71937231855753803
  1 8 4 -0.19071804566325842
  1 8 5 0.18622269058195036E-001
  1 8 6 -0.19071804566325842
  1 8 7 0.18622269058195036E-001
  1 8 9 0.18622269058195036E-001
  1 8 10 -0.19071804566325842
  1 9 1 -0.19071804566325842
  1 9 2 0.18622269058195036E-001
  1 9 3 -0.19071804566325842
  1 9 4 -0.71937231855753803
  1 9 5 -0.19071804566325842
  1 9 6 0.18622269058195036E-001
  1 9 7 -0.19071804566325842
  1 9 8 0.18622269058195036E-001
  1 9 10 0.18622269058195036E-001
  1 10 1 0.18622269058195036E-001
  1 10 2 -0.19071804566325842
  1 10 3 0.18622269058195036E-001
  1 10 4 -0.19071804566325842
  1 10 5 -0.71937231855753803
  1 10 6 -0.19071804566325842
  1 10 7 0.18622269058195036E-001
  1 10 8 -0.19071804566325842
  1 10 9 0.18622269058195036E-001
