TERM-2
  1 -4.9193646771383612
  2 -4.9193646771383612
  3 -4.9193646771383612
  4 -4.9193646771383612
  5 -4.9193646771383612
  6 -4.9193646771383612
  7 -4.9193646771383612
  8 -4.9193646771383612
  9 -4.9193646771383612
  10 -4.9193646771383612
TERM-02
  1 2 -0.77595562594297451E-001
  1 3 0.10434366503424539
  1 4 -0.77595562594297451E-001
  1 5 0.10434366503424539
  1 6 -0.17350311848289880E-001
  1 7 0.10434366503424539
  1 8 -0.77595562594297451E-001
  1 9 0.10434366503424539
  1 10 -0.77595562594297451E-001
  2 1 -0.77595562594297451E-001
  2 3 -0.77595562594297451E-001
  2 4 0.10434366503424539
  2 5 -0.77595562594297451E-001
  2 6 0.10434366503424539
  2 7 -0.17350311848289880E-001
  2 8 0.10434366503424539
  2 9 -0.77595562594297451E-001
  2 10 0.10434366503424539
  3 1 0.10434366503424539
  3 2 -0.77595562594297451E-001
  3 4 -0.77595562594297451E-001
  3 5 0.10434366503424539
  3 6 -0.77595562594297451E-001
  3 7 0.10434366503424539
  3 8 -0.17350311848289880E-001
  3 9 0.10434366503424539
  3 10 -0.77595562594297451E-001
  4 1 -0.77595562594297451E-001
  4 2 0.10434366503424539
  4 3 -0.77595562594297451E-001
  4 5 -0.77595562594297451E-001
  4 6 0.10434366503424539
  4 7 -0.77595562594297451E-001
  4 8 0.10434366503424539
  4 9 -0.17350311848289880E-001
  4 10 0.10434366503424539
  5 1 0.10434366503424539
  5 2 -0.77595562594297451E-001
  5 3 0.10434366503424539
  5 4 -0.77595562594297451E-001
  5 6 -0.77595562594297451E-001
  5 7 0.10434366503424539
  5 8 -0.77595562594297451E-001
  5 9 0.10434366503424539
  5 10 -0.17350311848289880E-001
  6 1 -0.17350311848289880E-001
  6 2 0.10434366503424539
  6 3 -0.77595562594297451E-001
  6 4 0.10434366503424539
  6 5 -0.77595562594297451E-001
  6 7 -0.77595562594297451E-001
  6 8 0.10434366503424539
  6 9 -0.77595562594297451E-001
  6 10 0.10434366503424539
  7 1 0.10434366503424539
  7 2 -0.17350311848289880E-001
  7 3 0.10434366503424539
  7 4 -0.77595562594297451E-001
  7 5 0.10434366503424539
  7 6 -0.77595562594297451E-001
  7 8 -0.77595562594297451E-001
  7 9 0.10434366503424539
  7 10 -0.77595562594297451E-001
  8 1 -0.77595562594297451E-001
  8 2 0.10434366503424539
  8 3 -0.17350311848289880E-001
  8 4 0.10434366503424539
  8 5 -0.77595562594297451E-001
  8 6 0.10434366503424539
  8 7 -0.77595562594297451E-001
  8 9 -0.77595562594297451E-001
  8 10 0.10434366503424539
  9 1 0.10434366503424539
  9 2 -0.77595562594297451E-001
  9 3 0.10434366503424539
  9 4 -0.17350311848289880E-001
  9 5 0.10434366503424539
  9 6 -0.77595562594297451E-001
  9 7 0.10434366503424539
  9 8 -0.77595562594297451E-001
  9 10 -0.77595562594297451E-001
  10 1 -0.77595562594297451E-001
  10 2 0.10434366503424539
  10 3 -0.77595562594297451E-001
  10 4 0.10434366503424539
  10 5 -0.17350311848289880E-001
  10 6 0.10434366503424539
  10 7 -0.77595562594297451E-001
  10 8 0.10434366503424539
  10 9 -0.77595562594297451E-001
TERM-uu
  1 2 -0.39896866096666955
  1 3 -0.14374938397699172
  1 4 -0.39896866096666955
  1 5 -0.14374938397699172
  1 7 -0.14374938397699172
  1 8 -0.39896866096666955
  1 9 -0.14374938397699172
  1 10 -0.39896866096666955
  2 1 -0.39896866096666955
  2 3 -0.39896866096666955
  2 4 -0.14374938397699172
  2 5 -0.39896866096666955
  2 6 -0.14374938397699172
  2 8 -0.14374938397699172
  2 9 -0.39896866096666955
  2 10 -0.14374938397699172
  3 1 -0.14374938397699172
  3 2 -0.39896866096666955
  3 4 -0.39896866096666955
  3 5 -0.14374938397699172
  3 6 -0.39896866096666955
  3 7 -0.14374938397699172
  3 9 -0.14374938397699172
  3 10 -0.39896866096666955
  4 1 -0.39896866096666955
  4 2 -0.14374938397699172
  4 3 -0.39896866096666955
  4 5 -0.39896866096666955
  4 6 -0.14374938397699172
  4 7 -0.39896866096666955
  4 8 -0.14374938397699172
  4 10 -0.14374938397699172
  5 1 -0.14374938397699172
  5 2 -0.39896866096666955
  5 3 -0.14374938397699172
  5 4 -0.39896866096666955
  5 6 -0.39896866096666955
  5 7 -0.14374938397699172
  5 8 -0.39896866096666955
  5 9 -0.14374938397699172
  6 2 -0.14374938397699172
  6 3 -0.39896866096666955
  6 4 -0.14374938397699172
  6 5 -0.39896866096666955
  6 7 -0.39896866096666955
  6 8 -0.14374938397699172
  6 9 -0.39896866096666955
  6 10 -0.14374938397699172
  7 1 -0.14374938397699172
  7 3 -0.14374938397699172
  7 4 -0.39896866096666955
  7 5 -0.14374938397699172
  7 6 -0.39896866096666955
  7 8 -0.39896866096666955
  7 9 -0.14374938397699172
  7 10 -0.39896866096666955
  8 1 -0.39896866096666955
  8 2 -0.14374938397699172
  8 4 -0.14374938397699172
  8 5 -0.39896866096666955
  8 6 -0.14374938397699172
  8 7 -0.39896866096666955
  8 9 -0.39896866096666955
  8 10 -0.14374938397699172
  9 1 -0.14374938397699172
  9 2 -0.39896866096666955
  9 3 -0.14374938397699172
  9 5 -0.14374938397699172
  9 6 -0.39896866096666955
  9 7 -0.14374938397699172
  9 8 -0.39896866096666955
  9 10 -0.39896866096666955
  10 1 -0.39896866096666955
  10 2 -0.14374938397699172
  10 3 -0.39896866096666955
  10 4 -0.14374938397699172
  10 6 -0.14374938397699172
  10 7 -0.39896866096666955
  10 8 -0.14374938397699172
  10 9 -0.39896866096666955
TERM-ud
  1 2 0.19003201762771360
  1 3 0.27882210400719482
  1 4 0.19003201762771360
  1 5 0.27882210400719482
  1 7 0.27882210400719482
  1 8 0.19003201762771360
  1 9 0.27882210400719482
  1 10 0.19003201762771360
  2 1 0.19003201762771360
  2 3 0.19003201762771360
  2 4 0.27882210400719482
  2 5 0.19003201762771360
  2 6 0.27882210400719482
  2 8 0.27882210400719482
  2 9 0.19003201762771360
  2 10 0.27882210400719482
  3 1 0.27882210400719482
  3 2 0.19003201762771360
  3 4 0.19003201762771360
  3 5 0.27882210400719482
  3 6 0.19003201762771360
  3 7 0.27882210400719482
  3 9 0.27882210400719482
  3 10 0.19003201762771360
  4 1 0.19003201762771360
  4 2 0.27882210400719482
  4 3 0.19003201762771360
  4 5 0.19003201762771360
  4 6 0.27882210400719482
  4 7 0.19003201762771360
  4 8 0.27882210400719482
  4 10 0.27882210400719482
  5 1 0.27882210400719482
  5 2 0.19003201762771360
  5 3 0.27882210400719482
  5 4 0.19003201762771360
  5 6 0.19003201762771360
  5 7 0.27882210400719482
  5 8 0.19003201762771360
  5 9 0.27882210400719482
  6 2 0.27882210400719482
  6 3 0.19003201762771360
  6 4 0.27882210400719482
  6 5 0.19003201762771360
  6 7 0.19003201762771360
  6 8 0.27882210400719482
  6 9 0.19003201762771360
  6 10 0.27882210400719482
  7 1 0.27882210400719482
  7 3 0.27882210400719482
  7 4 0.19003201762771360
  7 5 0.27882210400719482
  7 6 0.19003201762771360
  7 8 0.19003201762771360
  7 9 0.27882210400719482
  7 10 0.19003201762771360
  8 1 0.19003201762771360
  8 2 0.27882210400719482
  8 4 0.27882210400719482
  8 5 0.19003201762771360
  8 6 0.27882210400719482
  8 7 0.19003201762771360
  8 9 0.19003201762771360
  8 10 0.27882210400719482
  9 1 0.27882210400719482
  9 2 0.19003201762771360
  9 3 0.27882210400719482
  9 5 0.27882210400719482
  9 6 0.19003201762771360
  9 7 0.27882210400719482
  9 8 0.19003201762771360
  9 10 0.19003201762771360
  10 1 0.19003201762771360
  10 2 0.27882210400719482
  10 3 0.19003201762771360
  10 4 0.27882210400719482
  10 6 0.27882210400719482
  10 7 0.19003201762771360
  10 8 0.27882210400719482
  10 9 0.19003201762771360
TERM-du
  1 2 0.19003201762771360
  1 3 0.27882210400719482
  1 4 0.19003201762771360
  1 5 0.27882210400719482
  1 7 0.27882210400719482
  1 8 0.19003201762771360
  1 9 0.27882210400719482
  1 10 0.19003201762771360
  2 1 0.19003201762771360
  2 3 0.19003201762771360
  2 4 0.27882210400719482
  2 5 0.19003201762771360
  2 6 0.27882210400719482
  2 8 0.27882210400719482
  2 9 0.19003201762771360
  2 10 0.27882210400719482
  3 1 0.27882210400719482
  3 2 0.19003201762771360
  3 4 0.19003201762771360
  3 5 0.27882210400719482
  3 6 0.19003201762771360
  3 7 0.27882210400719482
  3 9 0.27882210400719482
  3 10 0.19003201762771360
  4 1 0.19003201762771360
  4 2 0.27882210400719482
  4 3 0.19003201762771360
  4 5 0.19003201762771360
  4 6 0.27882210400719482
  4 7 0.19003201762771360
  4 8 0.27882210400719482
  4 10 0.27882210400719482
  5 1 0.27882210400719482
  5 2 0.19003201762771360
  5 3 0.27882210400719482
  5 4 0.19003201762771360
  5 6 0.19003201762771360
  5 7 0.27882210400719482
  5 8 0.19003201762771360
  5 9 0.27882210400719482
  6 2 0.27882210400719482
  6 3 0.19003201762771360
  6 4 0.27882210400719482
  6 5 0.19003201762771360
  6 7 0.19003201762771360
  6 8 0.27882210400719482
  6 9 0.19003201762771360
  6 10 0.27882210400719482
  7 1 0.27882210400719482
  7 3 0.27882210400719482
  7 4 0.19003201762771360
  7 5 0.27882210400719482
  7 6 0.19003201762771360
  7 8 0.19003201762771360
  7 9 0.27882210400719482
  7 10 0.19003201762771360
  8 1 0.19003201762771360
  8 2 0.27882210400719482
  8 4 0.27882210400719482
  8 5 0.19003201762771360
  8 6 0.27882210400719482
  8 7 0.19003201762771360
  8 9 0.19003201762771360
  8 10 0.27882210400719482
  9 1 0.27882210400719482
  9 2 0.19003201762771360
  9 3 0.27882210400719482
  9 5 0.27882210400719482
  9 6 0.19003201762771360
  9 7 0.27882210400719482
  9 8 0.19003201762771360
  9 10 0.19003201762771360
  10 1 0.19003201762771360
  10 2 0.27882210400719482
  10 3 0.19003201762771360
  10 4 0.27882210400719482
  10 6 0.27882210400719482
  10 7 0.19003201762771360
  10 8 0.27882210400719482
  10 9 0.19003201762771360
TERM-dd
  1 2 -0.39896866096666955
  1 3 -0.14374938397699172
  1 4 -0.39896866096666955
  1 5 -0.14374938397699172
  1 7 -0.14374938397699172
  1 8 -0.39896866096666955
  1 9 -0.14374938397699172
  1 10 -0.39896866096666955
  2 1 -0.39896866096666955
  2 3 -0.39896866096666955
  2 4 -0.14374938397699172
  2 5 -0.39896866096666955
  2 6 -0.14374938397699172
  2 8 -0.14374938397699172
  2 9 -0.39896866096666955
  2 10 -0.14374938397699172
  3 1 -0.14374938397699172
  3 2 -0.39896866096666955
  3 4 -0.39896866096666955
  3 5 -0.14374938397699172
  3 6 -0.39896866096666955
  3 7 -0.14374938397699172
  3 9 -0.14374938397699172
  3 10 -0.39896866096666955
  4 1 -0.39896866096666955
  4 2 -0.14374938397699172
  4 3 -0.39896866096666955
  4 5 -0.39896866096666955
  4 6 -0.14374938397699172
  4 7 -0.39896866096666955
  4 8 -0.14374938397699172
  4 10 -0.14374938397699172
  5 1 -0.14374938397699172
  5 2 -0.39896866096666955
  5 3 -0.14374938397699172
  5 4 -0.39896866096666955
  5 6 -0.39896866096666955
  5 7 -0.14374938397699172
  5 8 -0.39896866096666955
  5 9 -0.14374938397699172
  6 2 -0.14374938397699172
  6 3 -0.39896866096666955
  6 4 -0.14374938397699172
  6 5 -0.39896866096666955
  6 7 -0.39896866096666955
  6 8 -0.14374938397699172
  6 9 -0.39896866096666955
  6 10 -0.14374938397699172
  7 1 -0.14374938397699172
  7 3 -0.14374938397699172
  7 4 -0.39896866096666955
  7 5 -0.14374938397699172
  7 6 -0.39896866096666955
  7 8 -0.39896866096666955
  7 9 -0.14374938397699172
  7 10 -0.39896866096666955
  8 1 -0.39896866096666955
  8 2 -0.14374938397699172
  8 4 -0.14374938397699172
  8 5 -0.39896866096666955
  8 6 -0.14374938397699172
  8 7 -0.39896866096666955
  8 9 -0.39896866096666955
  8 10 -0.14374938397699172
  9 1 -0.14374938397699172
  9 2 -0.39896866096666955
  9 3 -0.14374938397699172
  9 5 -0.14374938397699172
  9 6 -0.39896866096666955
  9 7 -0.14374938397699172
  9 8 -0.39896866096666955
  9 10 -0.39896866096666955
  10 1 -0.39896866096666955
  10 2 -0.14374938397699172
  10 3 -0.39896866096666955
  10 4 -0.14374938397699172
  10 6 -0.14374938397699172
  10 7 -0.39896866096666955
  10 8 -0.14374938397699172
  10 9 -0.39896866096666955
TERM-20
  1 2 -0.77595562594297451E-001
  1 3 0.10434366503424539
  1 4 -0.77595562594297451E-001
  1 5 0.10434366503424539
  1 6 -0.17350311848289880E-001
  1 7 0.10434366503424539
  1 8 -0.77595562594297451E-001
  1 9 0.10434366503424539
  1 10 -0.77595562594297451E-001
  2 1 -0.77595562594297451E-001
  2 3 -0.77595562594297451E-001
  2 4 0.10434366503424539
  2 5 -0.77595562594297451E-001
  2 6 0.10434366503424539
  2 7 -0.17350311848289880E-001
  2 8 0.10434366503424539
  2 9 -0.77595562594297451E-001
  2 10 0.10434366503424539
  3 1 0.10434366503424539
  3 2 -0.77595562594297451E-001
  3 4 -0.77595562594297451E-001
  3 5 0.10434366503424539
  3 6 -0.77595562594297451E-001
  3 7 0.10434366503424539
  3 8 -0.17350311848289880E-001
  3 9 0.10434366503424539
  3 10 -0.77595562594297451E-001
  4 1 -0.77595562594297451E-001
  4 2 0.10434366503424539
  4 3 -0.77595562594297451E-001
  4 5 -0.77595562594297451E-001
  4 6 0.10434366503424539
  4 7 -0.77595562594297451E-001
  4 8 0.10434366503424539
  4 9 -0.17350311848289880E-001
  4 10 0.10434366503424539
  5 1 0.10434366503424539
  5 2 -0.77595562594297451E-001
  5 3 0.10434366503424539
  5 4 -0.77595562594297451E-001
  5 6 -0.77595562594297451E-001
  5 7 0.10434366503424539
  5 8 -0.77595562594297451E-001
  5 9 0.10434366503424539
  5 10 -0.17350311848289880E-001
  6 1 -0.17350311848289880E-001
  6 2 0.10434366503424539
  6 3 -0.77595562594297451E-001
  6 4 0.10434366503424539
  6 5 -0.77595562594297451E-001
  6 7 -0.77595562594297451E-001
  6 8 0.10434366503424539
  6 9 -0.77595562594297451E-001
  6 10 0.10434366503424539
  7 1 0.10434366503424539
  7 2 -0.17350311848289880E-001
  7 3 0.10434366503424539
  7 4 -0.77595562594297451E-001
  7 5 0.10434366503424539
  7 6 -0.77595562594297451E-001
  7 8 -0.77595562594297451E-001
  7 9 0.10434366503424539
  7 10 -0.77595562594297451E-001
  8 1 -0.77595562594297451E-001
  8 2 0.10434366503424539
  8 3 -0.17350311848289880E-001
  8 4 0.10434366503424539
  8 5 -0.77595562594297451E-001
  8 6 0.10434366503424539
  8 7 -0.77595562594297451E-001
  8 9 -0.77595562594297451E-001
  8 10 0.10434366503424539
  9 1 0.10434366503424539
  9 2 -0.77595562594297451E-001
  9 3 0.10434366503424539
  9 4 -0.17350311848289880E-001
  9 5 0.10434366503424539
  9 6 -0.77595562594297451E-001
  9 7 0.10434366503424539
  9 8 -0.77595562594297451E-001
  9 10 -0.77595562594297451E-001
  10 1 -0.77595562594297451E-001
  10 2 0.10434366503424539
  10 3 -0.77595562594297451E-001
  10 4 0.10434366503424539
  10 5 -0.17350311848289880E-001
  10 6 0.10434366503424539
  10 7 -0.77595562594297451E-001
  10 8 0.10434366503424539
  10 9 -0.77595562594297451E-001
