# of blocks mean (X_5)     std.err. (X_5)  std.err.err. (X_5)  mean (X_6)     std.err. (X_6)  std.err.err. (X_6)  cov(X_5,X_6)   mean (X_5/X_6)   std.err. (X_5/X_6) 
# from 50000 to 0
2049        -35364543.7101 2.71452690e+02  4.24144828e+00       92251.3015817  7.08102781e-01  1.10641059e-02       -3.93851e+05   -383.350078576463 5.436714095341e-08 
1024        -35364542.1884 3.79374332e+02  8.38716389e+00       92251.2976120  9.89623623e-01  2.18784847e-02       -3.84448e+05   -383.350078576715 7.599508961684e-08 
512         -35364542.1884 5.22990738e+02  1.63594444e+01       92251.2976120  1.36425647e+00  4.26747094e-02       -3.65309e+05   -383.350078576714 1.050691987446e-07 
256         -35364542.1884 7.08095521e+02  3.13549967e+01       92251.2976120  1.84711417e+00  8.17915900e-02       -3.34831e+05   -383.350078576715 1.420400623069e-07 
128         -35364542.1884 9.55118347e+02  5.99294551e+01       92251.2976120  2.49148806e+00  1.56329865e-01       -3.04597e+05   -383.350078576715 1.911043758303e-07 
64          -35364542.1884 1.25632154e+03  1.11922018e+02       92251.2976120  3.27719253e+00  2.91955515e-01       -2.63501e+05   -383.350078576715 2.482226760327e-07 
32          -35364542.1884 1.51286569e+03  1.92134134e+02       92251.2976120  3.94640687e+00  5.01194174e-01       -1.91052e+05   -383.350078576715 3.080923592183e-07 
16          -35364542.1884 1.86666371e+03  3.40804608e+02       92251.2976120  4.86931575e+00  8.89011358e-01       -1.45430e+05   -383.350078576715 3.234141775724e-07 
8           -35364542.1884 1.96915870e+03  5.26279799e+02       92251.2976120  5.13669080e+00  1.37283836e+00       -8.09197e+04   -383.350078576715 3.288040907851e-07 
4           -35364542.1884 1.50956308e+03  6.16276545e+02       92251.2976120  3.93781743e+00  1.60760724e+00       -2.37775e+04   -383.350078576715 2.739366877622e-07 
2           -35364542.1884 9.21504788e+02  6.51602285e+02       92251.2976120  2.40387171e+00  1.69979399e+00       -4.43036e+03   -383.350078576715 2.126777531848e-07 
