E[fci] = -383.3501370547
Eref.  = -381.609878990849
Eref.  = -382.1606119523
