TERM-SELF
  1 .6134185679752550
  2 1.102011857928970
  3 1.102011857928970
  4 .4900829835777390
  5 .4807535706276380
  6 .6134185679752550
  7 .4900829835777390
  8 .4807535706276380
  9 .6134185679752550
  10 .4807535706276380
  11 .6134185679752550
  12 1.102011857928970
  13 1.102011857928970
  14 .4807535706276380
TERM-u0
  1 1 2 .4918732129282975E-01
  1 1 3 .5172007524028349E-01
  1 1 4 -.1655059035862951E-01
  1 1 5 -.9314508580916613E-02
  1 1 6 -.4667420063565518E-01
  1 1 7 -.6514483170099848E-01
  1 1 8 -.1556292786910836E-01
  1 1 9 .8969143771439284E-01
  1 1 10 -.9737826139463359E-02
  1 1 11 .8116096957185832E-01
  1 1 12 -.3921481402645783E-01
  1 1 13 -.7226879792633568E-01
  1 1 14 .1664225133541342E-01
  1 2 1 .4918732129282975E-01
  1 2 3 .1759038905734518E-01
  1 2 4 .3013542493375690E-01
  1 2 5 -.1159836226521509E-01
  1 2 6 -.7226879792633568E-01
  1 2 7 .1386987114878662E-01
  1 2 8 .9248647772760252E-01
  1 2 9 .5172007524028349E-01
  1 2 10 .2597401291180499E-02
  1 2 11 .3921481402645783E-01
  1 2 12 -.1438839577915384E-01
  1 2 13 -.5528517015668647E-01
  1 2 14 -.1091700795387231E-01
  1 3 1 .5172007524028349E-01
  1 3 2 .1759038905734518E-01
  1 3 4 -.3013542493375690E-01
  1 3 5 -.1091700795387231E-01
  1 3 6 -.3921481402645783E-01
  1 3 7 -.1386987114878662E-01
  1 3 8 -.2597401291180499E-02
  1 3 9 .4918732129282975E-01
  1 3 10 -.9248647772760252E-01
  1 3 11 .7226879792633568E-01
  1 3 12 -.5528517015668647E-01
  1 3 13 -.1438839577915384E-01
  1 3 14 -.1159836226521509E-01
  1 4 1 -.1655059035862951E-01
  1 4 2 .3013542493375690E-01
  1 4 3 -.3013542493375690E-01
  1 4 5 .2203436961473621E-01
  1 4 6 -.6514483170099848E-01
  1 4 7 .1189753693544030
  1 4 8 .7151272175134839E-01
  1 4 9 .1655059035862951E-01
  1 4 10 .7151272175134839E-01
  1 4 11 -.6514483170099848E-01
  1 4 12 -.1386987114878662E-01
  1 4 13 .1386987114878662E-01
  1 4 14 -.2203436961473621E-01
  1 5 1 -.9314508580916613E-02
  1 5 2 -.1159836226521509E-01
  1 5 3 -.1091700795387231E-01
  1 5 4 .2203436961473621E-01
  1 5 6 -.9737826139463359E-02
  1 5 7 .7151272175134839E-01
  1 5 8 -.1171574893980950E-01
  1 5 9 .1664225133541342E-01
  1 5 10 .1686212245461972E-01
  1 5 11 -.1556292786910836E-01
  1 5 12 -.9248647772760252E-01
  1 5 13 .2597401291180499E-02
  1 5 14 .1706370498802382E-02
  1 6 1 -.4667420063565518E-01
  1 6 2 -.7226879792633568E-01
  1 6 3 -.3921481402645783E-01
  1 6 4 -.6514483170099848E-01
  1 6 5 -.9737826139463359E-02
  1 6 7 -.1655059035862951E-01
  1 6 8 -.1664225133541342E-01
  1 6 9 -.8116096957185832E-01
  1 6 10 -.6788841600289143E-02
  1 6 11 -.8969143771439284E-01
  1 6 12 .5172007524028349E-01
  1 6 13 .4918732129282975E-01
  1 6 14 .1556292786910836E-01
  1 7 1 -.6514483170099848E-01
  1 7 2 .1386987114878662E-01
  1 7 3 -.1386987114878662E-01
  1 7 4 .1189753693544030
  1 7 5 .7151272175134839E-01
  1 7 6 -.1655059035862951E-01
  1 7 8 .2203436961473621E-01
  1 7 9 .6514483170099848E-01
  1 7 10 .2203436961473621E-01
  1 7 11 -.1655059035862951E-01
  1 7 12 -.3056247269157263E-01
  1 7 13 .3056247269157263E-01
  1 7 14 -.7151272175134839E-01
  1 8 1 -.1556292786910836E-01
  1 8 2 .9248647772760252E-01
  1 8 3 -.2597401291180499E-02
  1 8 4 .7151272175134839E-01
  1 8 5 -.1171574893980950E-01
  1 8 6 -.1664225133541342E-01
  1 8 7 .2203436961473621E-01
  1 8 9 .9737826139463359E-02
  1 8 10 -.1706370498802382E-02
  1 8 11 -.8634576013060382E-02
  1 8 12 .1159836226521509E-01
  1 8 13 .1091700795387231E-01
  1 8 14 -.1686212245461972E-01
  1 9 1 .8969143771439284E-01
  1 9 2 .5172007524028349E-01
  1 9 3 .4918732129282975E-01
  1 9 4 .1655059035862951E-01
  1 9 5 .1664225133541342E-01
  1 9 6 -.8116096957185832E-01
  1 9 7 .6514483170099848E-01
  1 9 8 .9737826139463359E-02
  1 9 10 .1556292786910836E-01
  1 9 11 .4667420063565518E-01
  1 9 12 -.7226879792633568E-01
  1 9 13 -.3921481402645783E-01
  1 9 14 -.9148013896761989E-02
  1 10 1 -.9737826139463359E-02
  1 10 2 .2597401291180499E-02
  1 10 3 -.9248647772760252E-01
  1 10 4 .7151272175134839E-01
  1 10 5 .1686212245461972E-01
  1 10 6 -.6788841600289143E-02
  1 10 7 .2203436961473621E-01
  1 10 8 -.1706370498802382E-02
  1 10 9 .1556292786910836E-01
  1 10 11 -.1664225133541342E-01
  1 10 12 -.1091700795387231E-01
  1 10 13 -.1159836226521509E-01
  1 10 14 .1171574893980950E-01
  1 11 1 .8116096957185832E-01
  1 11 2 .3921481402645783E-01
  1 11 3 .7226879792633568E-01
  1 11 4 -.6514483170099848E-01
  1 11 5 -.1556292786910836E-01
  1 11 6 -.8969143771439284E-01
  1 11 7 -.1655059035862951E-01
  1 11 8 -.8634576013060382E-02
  1 11 9 .4667420063565518E-01
  1 11 10 -.1664225133541342E-01
  1 11 12 -.4918732129282975E-01
  1 11 13 -.5172007524028349E-01
  1 11 14 .9737826139463359E-02
  1 12 1 -.3921481402645783E-01
  1 12 2 -.1438839577915384E-01
  1 12 3 -.5528517015668647E-01
  1 12 4 -.1386987114878662E-01
  1 12 5 -.9248647772760252E-01
  1 12 6 .5172007524028349E-01
  1 12 7 -.3056247269157263E-01
  1 12 8 .1159836226521509E-01
  1 12 9 -.7226879792633568E-01
  1 12 10 -.1091700795387231E-01
  1 12 11 -.4918732129282975E-01
  1 12 13 .1759038905734518E-01
  1 12 14 .2597401291180499E-02
  1 13 1 -.7226879792633568E-01
  1 13 2 -.5528517015668647E-01
  1 13 3 -.1438839577915384E-01
  1 13 4 .1386987114878662E-01
  1 13 5 .2597401291180499E-02
  1 13 6 .4918732129282975E-01
  1 13 7 .3056247269157263E-01
  1 13 8 .1091700795387231E-01
  1 13 9 -.3921481402645783E-01
  1 13 10 -.1159836226521509E-01
  1 13 11 -.5172007524028349E-01
  1 13 12 .1759038905734518E-01
  1 13 14 -.9248647772760252E-01
  1 14 1 .1664225133541342E-01
  1 14 2 -.1091700795387231E-01
  1 14 3 -.1159836226521509E-01
  1 14 4 -.2203436961473621E-01
  1 14 5 .1706370498802382E-02
  1 14 6 .1556292786910836E-01
  1 14 7 -.7151272175134839E-01
  1 14 8 -.1686212245461972E-01
  1 14 9 -.9148013896761989E-02
  1 14 10 .1171574893980950E-01
  1 14 11 .9737826139463359E-02
  1 14 12 .2597401291180499E-02
  1 14 13 -.9248647772760252E-01
TERM-ud
  1 1 2 .3363474452386827E-01
  1 1 3 .4369142043731087E-01
  1 1 4 -.7475729675104696E-02
  1 1 5 -.1619241549608615E-01
  1 1 6 -.2560047786969356E-01
  1 1 7 .4317071108190509E-02
  1 1 8 -.3500161792628722E-01
  1 1 9 .5974587668830140E-01
  1 1 10 -.8193160997825859E-03
  1 1 11 .6680178028149560E-01
  1 1 12 -.3696600463928826E-01
  1 1 13 -.7989635659973686E-01
  1 1 14 .3249167013069491E-01
  1 2 1 .3363474452386827E-01
  1 2 3 .2427841503708027E-01
  1 2 4 .2963325011830773E-01
  1 2 5 -.1473569336521331E-01
  1 2 6 -.7989635659973686E-01
  1 2 7 .9461515552044069E-02
  1 2 8 .4652555214534072E-01
  1 2 9 .4369142043731087E-01
  1 2 10 .5228739644807497E-02
  1 2 11 .3696600463928826E-01
  1 2 12 -.7148378326220539E-02
  1 2 13 -.3757366657106632E-01
  1 2 14 .1355919995122394E-01
  1 3 1 .4369142043731087E-01
  1 3 2 .2427841503708027E-01
  1 3 4 -.2963325011830773E-01
  1 3 5 .1355919995122394E-01
  1 3 6 -.3696600463928826E-01
  1 3 7 -.9461515552044069E-02
  1 3 8 -.5228739644807497E-02
  1 3 9 .3363474452386827E-01
  1 3 10 -.4652555214534072E-01
  1 3 11 .7989635659973686E-01
  1 3 12 -.3757366657106632E-01
  1 3 13 -.7148378326220539E-02
  1 3 14 -.1473569336521331E-01
  1 4 1 -.7475729675104696E-02
  1 4 2 .2963325011830773E-01
  1 4 3 -.2963325011830773E-01
  1 4 5 .2500833232619355E-01
  1 4 6 .4317071108190509E-02
  1 4 7 .7045423695228673E-01
  1 4 8 .1756675797868553E-01
  1 4 9 .7475729675104696E-02
  1 4 10 .1756675797868553E-01
  1 4 11 .4317071108190509E-02
  1 4 12 -.9461515552044069E-02
  1 4 13 .9461515552044069E-02
  1 4 14 -.2500833232619355E-01
  1 5 1 -.1619241549608615E-01
  1 5 2 -.1473569336521331E-01
  1 5 3 .1355919995122394E-01
  1 5 4 .2500833232619355E-01
  1 5 6 -.8193160997825859E-03
  1 5 7 .1756675797868553E-01
  1 5 8 -.1077312078292540E-01
  1 5 9 .3249167013069491E-01
  1 5 10 .5983835737232647E-02
  1 5 11 -.3500161792628722E-01
  1 5 12 -.4652555214534072E-01
  1 5 13 .5228739644807497E-02
  1 5 14 .1040665712612127E-01
  1 6 1 -.2560047786969356E-01
  1 6 2 -.7989635659973686E-01
  1 6 3 -.3696600463928826E-01
  1 6 4 .4317071108190509E-02
  1 6 5 -.8193160997825859E-03
  1 6 7 -.7475729675104696E-02
  1 6 8 -.3249167013069491E-01
  1 6 9 -.6680178028149560E-01
  1 6 10 -.1266024993520221E-01
  1 6 11 -.5974587668830140E-01
  1 6 12 .4369142043731087E-01
  1 6 13 .3363474452386827E-01
  1 6 14 .3500161792628722E-01
  1 7 1 .4317071108190509E-02
  1 7 2 .9461515552044069E-02
  1 7 3 -.9461515552044069E-02
  1 7 4 .7045423695228673E-01
  1 7 5 .1756675797868553E-01
  1 7 6 -.7475729675104696E-02
  1 7 8 .2500833232619355E-01
  1 7 9 -.4317071108190509E-02
  1 7 10 .2500833232619355E-01
  1 7 11 -.7475729675104696E-02
  1 7 12 -.3026398273121571E-01
  1 7 13 .3026398273121571E-01
  1 7 14 -.1756675797868553E-01
  1 8 1 -.3500161792628722E-01
  1 8 2 .4652555214534072E-01
  1 8 3 -.5228739644807497E-02
  1 8 4 .1756675797868553E-01
  1 8 5 -.1077312078292540E-01
  1 8 6 -.3249167013069491E-01
  1 8 7 .2500833232619355E-01
  1 8 9 .8193160997825859E-03
  1 8 10 -.1040665712612127E-01
  1 8 11 -.1259113410010722E-01
  1 8 12 .1473569336521331E-01
  1 8 13 -.1355919995122394E-01
  1 8 14 -.5983835737232647E-02
  1 9 1 .5974587668830140E-01
  1 9 2 .4369142043731087E-01
  1 9 3 .3363474452386827E-01
  1 9 4 .7475729675104696E-02
  1 9 5 .3249167013069491E-01
  1 9 6 -.6680178028149560E-01
  1 9 7 -.4317071108190509E-02
  1 9 8 .8193160997825859E-03
  1 9 10 .3500161792628722E-01
  1 9 11 .2560047786969356E-01
  1 9 12 -.7989635659973686E-01
  1 9 13 -.3696600463928826E-01
  1 9 14 -.1609294414054152E-01
  1 10 1 -.8193160997825859E-03
  1 10 2 .5228739644807497E-02
  1 10 3 -.4652555214534072E-01
  1 10 4 .1756675797868553E-01
  1 10 5 .5983835737232647E-02
  1 10 6 -.1266024993520221E-01
  1 10 7 .2500833232619355E-01
  1 10 8 -.1040665712612127E-01
  1 10 9 .3500161792628722E-01
  1 10 11 -.3249167013069491E-01
  1 10 12 .1355919995122394E-01
  1 10 13 -.1473569336521331E-01
  1 10 14 .1077312078292540E-01
  1 11 1 .6680178028149560E-01
  1 11 2 .3696600463928826E-01
  1 11 3 .7989635659973686E-01
  1 11 4 .4317071108190509E-02
  1 11 5 -.3500161792628722E-01
  1 11 6 -.5974587668830140E-01
  1 11 7 -.7475729675104696E-02
  1 11 8 -.1259113410010722E-01
  1 11 9 .2560047786969356E-01
  1 11 10 -.3249167013069491E-01
  1 11 12 -.3363474452386827E-01
  1 11 13 -.4369142043731087E-01
  1 11 14 .8193160997825859E-03
  1 12 1 -.3696600463928826E-01
  1 12 2 -.7148378326220539E-02
  1 12 3 -.3757366657106632E-01
  1 12 4 -.9461515552044069E-02
  1 12 5 -.4652555214534072E-01
  1 12 6 .4369142043731087E-01
  1 12 7 -.3026398273121571E-01
  1 12 8 .1473569336521331E-01
  1 12 9 -.7989635659973686E-01
  1 12 10 .1355919995122394E-01
  1 12 11 -.3363474452386827E-01
  1 12 13 .2427841503708027E-01
  1 12 14 .5228739644807497E-02
  1 13 1 -.7989635659973686E-01
  1 13 2 -.3757366657106632E-01
  1 13 3 -.7148378326220539E-02
  1 13 4 .9461515552044069E-02
  1 13 5 .5228739644807497E-02
  1 13 6 .3363474452386827E-01
  1 13 7 .3026398273121571E-01
  1 13 8 -.1355919995122394E-01
  1 13 9 -.3696600463928826E-01
  1 13 10 -.1473569336521331E-01
  1 13 11 -.4369142043731087E-01
  1 13 12 .2427841503708027E-01
  1 13 14 -.4652555214534072E-01
  1 14 1 .3249167013069491E-01
  1 14 2 .1355919995122394E-01
  1 14 3 -.1473569336521331E-01
  1 14 4 -.2500833232619355E-01
  1 14 5 .1040665712612127E-01
  1 14 6 .3500161792628722E-01
  1 14 7 -.1756675797868553E-01
  1 14 8 -.5983835737232647E-02
  1 14 9 -.1609294414054152E-01
  1 14 10 .1077312078292540E-01
  1 14 11 .8193160997825859E-03
  1 14 12 .5228739644807497E-02
  1 14 13 -.4652555214534072E-01
TERM-d0
  2 1 2 .4918732129282975E-01
  2 1 3 .5172007524028349E-01
  2 1 4 -.1655059035862951E-01
  2 1 5 -.9314508580916613E-02
  2 1 6 -.4667420063565518E-01
  2 1 7 -.6514483170099848E-01
  2 1 8 -.1556292786910836E-01
  2 1 9 .8969143771439284E-01
  2 1 10 -.9737826139463359E-02
  2 1 11 .8116096957185832E-01
  2 1 12 -.3921481402645783E-01
  2 1 13 -.7226879792633568E-01
  2 1 14 .1664225133541342E-01
  2 2 1 .4918732129282975E-01
  2 2 3 .1759038905734518E-01
  2 2 4 .3013542493375690E-01
  2 2 5 -.1159836226521509E-01
  2 2 6 -.7226879792633568E-01
  2 2 7 .1386987114878662E-01
  2 2 8 .9248647772760252E-01
  2 2 9 .5172007524028349E-01
  2 2 10 .2597401291180499E-02
  2 2 11 .3921481402645783E-01
  2 2 12 -.1438839577915384E-01
  2 2 13 -.5528517015668647E-01
  2 2 14 -.1091700795387231E-01
  2 3 1 .5172007524028349E-01
  2 3 2 .1759038905734518E-01
  2 3 4 -.3013542493375690E-01
  2 3 5 -.1091700795387231E-01
  2 3 6 -.3921481402645783E-01
  2 3 7 -.1386987114878662E-01
  2 3 8 -.2597401291180499E-02
  2 3 9 .4918732129282975E-01
  2 3 10 -.9248647772760252E-01
  2 3 11 .7226879792633568E-01
  2 3 12 -.5528517015668647E-01
  2 3 13 -.1438839577915384E-01
  2 3 14 -.1159836226521509E-01
  2 4 1 -.1655059035862951E-01
  2 4 2 .3013542493375690E-01
  2 4 3 -.3013542493375690E-01
  2 4 5 .2203436961473621E-01
  2 4 6 -.6514483170099848E-01
  2 4 7 .1189753693544030
  2 4 8 .7151272175134839E-01
  2 4 9 .1655059035862951E-01
  2 4 10 .7151272175134839E-01
  2 4 11 -.6514483170099848E-01
  2 4 12 -.1386987114878662E-01
  2 4 13 .1386987114878662E-01
  2 4 14 -.2203436961473621E-01
  2 5 1 -.9314508580916613E-02
  2 5 2 -.1159836226521509E-01
  2 5 3 -.1091700795387231E-01
  2 5 4 .2203436961473621E-01
  2 5 6 -.9737826139463359E-02
  2 5 7 .7151272175134839E-01
  2 5 8 -.1171574893980950E-01
  2 5 9 .1664225133541342E-01
  2 5 10 .1686212245461972E-01
  2 5 11 -.1556292786910836E-01
  2 5 12 -.9248647772760252E-01
  2 5 13 .2597401291180499E-02
  2 5 14 .1706370498802382E-02
  2 6 1 -.4667420063565518E-01
  2 6 2 -.7226879792633568E-01
  2 6 3 -.3921481402645783E-01
  2 6 4 -.6514483170099848E-01
  2 6 5 -.9737826139463359E-02
  2 6 7 -.1655059035862951E-01
  2 6 8 -.1664225133541342E-01
  2 6 9 -.8116096957185832E-01
  2 6 10 -.6788841600289143E-02
  2 6 11 -.8969143771439284E-01
  2 6 12 .5172007524028349E-01
  2 6 13 .4918732129282975E-01
  2 6 14 .1556292786910836E-01
  2 7 1 -.6514483170099848E-01
  2 7 2 .1386987114878662E-01
  2 7 3 -.1386987114878662E-01
  2 7 4 .1189753693544030
  2 7 5 .7151272175134839E-01
  2 7 6 -.1655059035862951E-01
  2 7 8 .2203436961473621E-01
  2 7 9 .6514483170099848E-01
  2 7 10 .2203436961473621E-01
  2 7 11 -.1655059035862951E-01
  2 7 12 -.3056247269157263E-01
  2 7 13 .3056247269157263E-01
  2 7 14 -.7151272175134839E-01
  2 8 1 -.1556292786910836E-01
  2 8 2 .9248647772760252E-01
  2 8 3 -.2597401291180499E-02
  2 8 4 .7151272175134839E-01
  2 8 5 -.1171574893980950E-01
  2 8 6 -.1664225133541342E-01
  2 8 7 .2203436961473621E-01
  2 8 9 .9737826139463359E-02
  2 8 10 -.1706370498802382E-02
  2 8 11 -.8634576013060382E-02
  2 8 12 .1159836226521509E-01
  2 8 13 .1091700795387231E-01
  2 8 14 -.1686212245461972E-01
  2 9 1 .8969143771439284E-01
  2 9 2 .5172007524028349E-01
  2 9 3 .4918732129282975E-01
  2 9 4 .1655059035862951E-01
  2 9 5 .1664225133541342E-01
  2 9 6 -.8116096957185832E-01
  2 9 7 .6514483170099848E-01
  2 9 8 .9737826139463359E-02
  2 9 10 .1556292786910836E-01
  2 9 11 .4667420063565518E-01
  2 9 12 -.7226879792633568E-01
  2 9 13 -.3921481402645783E-01
  2 9 14 -.9148013896761989E-02
  2 10 1 -.9737826139463359E-02
  2 10 2 .2597401291180499E-02
  2 10 3 -.9248647772760252E-01
  2 10 4 .7151272175134839E-01
  2 10 5 .1686212245461972E-01
  2 10 6 -.6788841600289143E-02
  2 10 7 .2203436961473621E-01
  2 10 8 -.1706370498802382E-02
  2 10 9 .1556292786910836E-01
  2 10 11 -.1664225133541342E-01
  2 10 12 -.1091700795387231E-01
  2 10 13 -.1159836226521509E-01
  2 10 14 .1171574893980950E-01
  2 11 1 .8116096957185832E-01
  2 11 2 .3921481402645783E-01
  2 11 3 .7226879792633568E-01
  2 11 4 -.6514483170099848E-01
  2 11 5 -.1556292786910836E-01
  2 11 6 -.8969143771439284E-01
  2 11 7 -.1655059035862951E-01
  2 11 8 -.8634576013060382E-02
  2 11 9 .4667420063565518E-01
  2 11 10 -.1664225133541342E-01
  2 11 12 -.4918732129282975E-01
  2 11 13 -.5172007524028349E-01
  2 11 14 .9737826139463359E-02
  2 12 1 -.3921481402645783E-01
  2 12 2 -.1438839577915384E-01
  2 12 3 -.5528517015668647E-01
  2 12 4 -.1386987114878662E-01
  2 12 5 -.9248647772760252E-01
  2 12 6 .5172007524028349E-01
  2 12 7 -.3056247269157263E-01
  2 12 8 .1159836226521509E-01
  2 12 9 -.7226879792633568E-01
  2 12 10 -.1091700795387231E-01
  2 12 11 -.4918732129282975E-01
  2 12 13 .1759038905734518E-01
  2 12 14 .2597401291180499E-02
  2 13 1 -.7226879792633568E-01
  2 13 2 -.5528517015668647E-01
  2 13 3 -.1438839577915384E-01
  2 13 4 .1386987114878662E-01
  2 13 5 .2597401291180499E-02
  2 13 6 .4918732129282975E-01
  2 13 7 .3056247269157263E-01
  2 13 8 .1091700795387231E-01
  2 13 9 -.3921481402645783E-01
  2 13 10 -.1159836226521509E-01
  2 13 11 -.5172007524028349E-01
  2 13 12 .1759038905734518E-01
  2 13 14 -.9248647772760252E-01
  2 14 1 .1664225133541342E-01
  2 14 2 -.1091700795387231E-01
  2 14 3 -.1159836226521509E-01
  2 14 4 -.2203436961473621E-01
  2 14 5 .1706370498802382E-02
  2 14 6 .1556292786910836E-01
  2 14 7 -.7151272175134839E-01
  2 14 8 -.1686212245461972E-01
  2 14 9 -.9148013896761989E-02
  2 14 10 .1171574893980950E-01
  2 14 11 .9737826139463359E-02
  2 14 12 .2597401291180499E-02
  2 14 13 -.9248647772760252E-01
TERM-du
  2 1 2 .3363474452386827E-01
  2 1 3 .4369142043731087E-01
  2 1 4 -.7475729675104696E-02
  2 1 5 -.1619241549608615E-01
  2 1 6 -.2560047786969356E-01
  2 1 7 .4317071108190509E-02
  2 1 8 -.3500161792628722E-01
  2 1 9 .5974587668830140E-01
  2 1 10 -.8193160997825859E-03
  2 1 11 .6680178028149560E-01
  2 1 12 -.3696600463928826E-01
  2 1 13 -.7989635659973686E-01
  2 1 14 .3249167013069491E-01
  2 2 1 .3363474452386827E-01
  2 2 3 .2427841503708027E-01
  2 2 4 .2963325011830773E-01
  2 2 5 -.1473569336521331E-01
  2 2 6 -.7989635659973686E-01
  2 2 7 .9461515552044069E-02
  2 2 8 .4652555214534072E-01
  2 2 9 .4369142043731087E-01
  2 2 10 .5228739644807497E-02
  2 2 11 .3696600463928826E-01
  2 2 12 -.7148378326220539E-02
  2 2 13 -.3757366657106632E-01
  2 2 14 .1355919995122394E-01
  2 3 1 .4369142043731087E-01
  2 3 2 .2427841503708027E-01
  2 3 4 -.2963325011830773E-01
  2 3 5 .1355919995122394E-01
  2 3 6 -.3696600463928826E-01
  2 3 7 -.9461515552044069E-02
  2 3 8 -.5228739644807497E-02
  2 3 9 .3363474452386827E-01
  2 3 10 -.4652555214534072E-01
  2 3 11 .7989635659973686E-01
  2 3 12 -.3757366657106632E-01
  2 3 13 -.7148378326220539E-02
  2 3 14 -.1473569336521331E-01
  2 4 1 -.7475729675104696E-02
  2 4 2 .2963325011830773E-01
  2 4 3 -.2963325011830773E-01
  2 4 5 .2500833232619355E-01
  2 4 6 .4317071108190509E-02
  2 4 7 .7045423695228673E-01
  2 4 8 .1756675797868553E-01
  2 4 9 .7475729675104696E-02
  2 4 10 .1756675797868553E-01
  2 4 11 .4317071108190509E-02
  2 4 12 -.9461515552044069E-02
  2 4 13 .9461515552044069E-02
  2 4 14 -.2500833232619355E-01
  2 5 1 -.1619241549608615E-01
  2 5 2 -.1473569336521331E-01
  2 5 3 .1355919995122394E-01
  2 5 4 .2500833232619355E-01
  2 5 6 -.8193160997825859E-03
  2 5 7 .1756675797868553E-01
  2 5 8 -.1077312078292540E-01
  2 5 9 .3249167013069491E-01
  2 5 10 .5983835737232647E-02
  2 5 11 -.3500161792628722E-01
  2 5 12 -.4652555214534072E-01
  2 5 13 .5228739644807497E-02
  2 5 14 .1040665712612127E-01
  2 6 1 -.2560047786969356E-01
  2 6 2 -.7989635659973686E-01
  2 6 3 -.3696600463928826E-01
  2 6 4 .4317071108190509E-02
  2 6 5 -.8193160997825859E-03
  2 6 7 -.7475729675104696E-02
  2 6 8 -.3249167013069491E-01
  2 6 9 -.6680178028149560E-01
  2 6 10 -.1266024993520221E-01
  2 6 11 -.5974587668830140E-01
  2 6 12 .4369142043731087E-01
  2 6 13 .3363474452386827E-01
  2 6 14 .3500161792628722E-01
  2 7 1 .4317071108190509E-02
  2 7 2 .9461515552044069E-02
  2 7 3 -.9461515552044069E-02
  2 7 4 .7045423695228673E-01
  2 7 5 .1756675797868553E-01
  2 7 6 -.7475729675104696E-02
  2 7 8 .2500833232619355E-01
  2 7 9 -.4317071108190509E-02
  2 7 10 .2500833232619355E-01
  2 7 11 -.7475729675104696E-02
  2 7 12 -.3026398273121571E-01
  2 7 13 .3026398273121571E-01
  2 7 14 -.1756675797868553E-01
  2 8 1 -.3500161792628722E-01
  2 8 2 .4652555214534072E-01
  2 8 3 -.5228739644807497E-02
  2 8 4 .1756675797868553E-01
  2 8 5 -.1077312078292540E-01
  2 8 6 -.3249167013069491E-01
  2 8 7 .2500833232619355E-01
  2 8 9 .8193160997825859E-03
  2 8 10 -.1040665712612127E-01
  2 8 11 -.1259113410010722E-01
  2 8 12 .1473569336521331E-01
  2 8 13 -.1355919995122394E-01
  2 8 14 -.5983835737232647E-02
  2 9 1 .5974587668830140E-01
  2 9 2 .4369142043731087E-01
  2 9 3 .3363474452386827E-01
  2 9 4 .7475729675104696E-02
  2 9 5 .3249167013069491E-01
  2 9 6 -.6680178028149560E-01
  2 9 7 -.4317071108190509E-02
  2 9 8 .8193160997825859E-03
  2 9 10 .3500161792628722E-01
  2 9 11 .2560047786969356E-01
  2 9 12 -.7989635659973686E-01
  2 9 13 -.3696600463928826E-01
  2 9 14 -.1609294414054152E-01
  2 10 1 -.8193160997825859E-03
  2 10 2 .5228739644807497E-02
  2 10 3 -.4652555214534072E-01
  2 10 4 .1756675797868553E-01
  2 10 5 .5983835737232647E-02
  2 10 6 -.1266024993520221E-01
  2 10 7 .2500833232619355E-01
  2 10 8 -.1040665712612127E-01
  2 10 9 .3500161792628722E-01
  2 10 11 -.3249167013069491E-01
  2 10 12 .1355919995122394E-01
  2 10 13 -.1473569336521331E-01
  2 10 14 .1077312078292540E-01
  2 11 1 .6680178028149560E-01
  2 11 2 .3696600463928826E-01
  2 11 3 .7989635659973686E-01
  2 11 4 .4317071108190509E-02
  2 11 5 -.3500161792628722E-01
  2 11 6 -.5974587668830140E-01
  2 11 7 -.7475729675104696E-02
  2 11 8 -.1259113410010722E-01
  2 11 9 .2560047786969356E-01
  2 11 10 -.3249167013069491E-01
  2 11 12 -.3363474452386827E-01
  2 11 13 -.4369142043731087E-01
  2 11 14 .8193160997825859E-03
  2 12 1 -.3696600463928826E-01
  2 12 2 -.7148378326220539E-02
  2 12 3 -.3757366657106632E-01
  2 12 4 -.9461515552044069E-02
  2 12 5 -.4652555214534072E-01
  2 12 6 .4369142043731087E-01
  2 12 7 -.3026398273121571E-01
  2 12 8 .1473569336521331E-01
  2 12 9 -.7989635659973686E-01
  2 12 10 .1355919995122394E-01
  2 12 11 -.3363474452386827E-01
  2 12 13 .2427841503708027E-01
  2 12 14 .5228739644807497E-02
  2 13 1 -.7989635659973686E-01
  2 13 2 -.3757366657106632E-01
  2 13 3 -.7148378326220539E-02
  2 13 4 .9461515552044069E-02
  2 13 5 .5228739644807497E-02
  2 13 6 .3363474452386827E-01
  2 13 7 .3026398273121571E-01
  2 13 8 -.1355919995122394E-01
  2 13 9 -.3696600463928826E-01
  2 13 10 -.1473569336521331E-01
  2 13 11 -.4369142043731087E-01
  2 13 12 .2427841503708027E-01
  2 13 14 -.4652555214534072E-01
  2 14 1 .3249167013069491E-01
  2 14 2 .1355919995122394E-01
  2 14 3 -.1473569336521331E-01
  2 14 4 -.2500833232619355E-01
  2 14 5 .1040665712612127E-01
  2 14 6 .3500161792628722E-01
  2 14 7 -.1756675797868553E-01
  2 14 8 -.5983835737232647E-02
  2 14 9 -.1609294414054152E-01
  2 14 10 .1077312078292540E-01
  2 14 11 .8193160997825859E-03
  2 14 12 .5228739644807497E-02
  2 14 13 -.4652555214534072E-01
TERM-20
  1 1 2 .7051414706494409E-01
  1 1 3 .3760880416284086E-01
  1 1 4 -.2717291774677238E-01
  1 1 5 .1191437899959932E-01
  1 1 6 .6341933684704439E-01
  1 1 7 .5473878200343365E-01
  1 1 8 .2814456982440708E-01
  1 1 9 .7543975094834569E-01
  1 1 10 -.3350692618276817E-02
  1 1 11 .6525741487383811E-01
  1 1 12 -.4121083628921667E-01
  1 1 13 -.8144073630784276E-01
  1 1 14 .8905375937666568E-01
  1 2 1 .7051414706494409E-01
  1 2 3 .2896702387603443E-01
  1 2 4 -.5952583633159844E-02
  1 2 5 -.8132295399733673E-03
  1 2 6 -.8144073630784276E-01
  1 2 7 .5334084710107648E-02
  1 2 8 -.5139278887847957E-01
  1 2 9 .3760880416284086E-01
  1 2 10 -.7811596370268433E-02
  1 2 11 .4121083628921667E-01
  1 2 12 -.2374423074100911E-01
  1 2 13 .7759934066777947E-01
  1 2 14 -.3362730342243525E-01
  1 3 1 .3760880416284086E-01
  1 3 2 .2896702387603443E-01
  1 3 4 .5952583633159844E-02
  1 3 5 -.3362730342243525E-01
  1 3 6 -.4121083628921667E-01
  1 3 7 -.5334084710107648E-02
  1 3 8 .7811596370268433E-02
  1 3 9 .7051414706494409E-01
  1 3 10 .5139278887847957E-01
  1 3 11 .8144073630784276E-01
  1 3 12 .7759934066777947E-01
  1 3 13 -.2374423074100911E-01
  1 3 14 -.8132295399733673E-03
  1 4 1 -.2717291774677238E-01
  1 4 2 -.5952583633159844E-02
  1 4 3 .5952583633159844E-02
  1 4 5 .6799325941949609E-03
  1 4 6 .5473878200343365E-01
  1 4 7 .7016748388860806E-01
  1 4 8 .2405790338516846E-01
  1 4 9 .2717291774677238E-01
  1 4 10 .2405790338516846E-01
  1 4 11 .5473878200343365E-01
  1 4 12 -.5334084710107648E-02
  1 4 13 .5334084710107648E-02
  1 4 14 -.6799325941949609E-03
  1 5 1 .1191437899959932E-01
  1 5 2 -.8132295399733673E-03
  1 5 3 -.3362730342243525E-01
  1 5 4 .6799325941949609E-03
  1 5 6 -.3350692618276817E-02
  1 5 7 .2405790338516846E-01
  1 5 8 -.5261948089663308E-02
  1 5 9 .8905375937666568E-01
  1 5 10 .3614622692392348E-01
  1 5 11 .2814456982440708E-01
  1 5 12 .5139278887847957E-01
  1 5 13 -.7811596370268433E-02
  1 5 14 .5229635861230020E-03
  1 6 1 .6341933684704439E-01
  1 6 2 -.8144073630784276E-01
  1 6 3 -.4121083628921667E-01
  1 6 4 .5473878200343365E-01
  1 6 5 -.3350692618276817E-02
  1 6 7 -.2717291774677238E-01
  1 6 8 -.8905375937666568E-01
  1 6 9 -.6525741487383811E-01
  1 6 10 .1457630209193575E-01
  1 6 11 -.7543975094834569E-01
  1 6 12 .3760880416284086E-01
  1 6 13 .7051414706494409E-01
  1 6 14 -.2814456982440708E-01
  1 7 1 .5473878200343365E-01
  1 7 2 .5334084710107648E-02
  1 7 3 -.5334084710107648E-02
  1 7 4 .7016748388860806E-01
  1 7 5 .2405790338516846E-01
  1 7 6 -.2717291774677238E-01
  1 7 8 .6799325941949609E-03
  1 7 9 -.5473878200343365E-01
  1 7 10 .6799325941949609E-03
  1 7 11 -.2717291774677238E-01
  1 7 12 .4419817112164283E-02
  1 7 13 -.4419817112164283E-02
  1 7 14 -.2405790338516846E-01
  1 8 1 .2814456982440708E-01
  1 8 2 -.5139278887847957E-01
  1 8 3 .7811596370268433E-02
  1 8 4 .2405790338516846E-01
  1 8 5 -.5261948089663308E-02
  1 8 6 -.8905375937666568E-01
  1 8 7 .6799325941949609E-03
  1 8 9 .3350692618276817E-02
  1 8 10 -.5229635861230020E-03
  1 8 11 .1397848535638637E-01
  1 8 12 .8132295399733673E-03
  1 8 13 .3362730342243525E-01
  1 8 14 -.3614622692392348E-01
  1 9 1 .7543975094834569E-01
  1 9 2 .3760880416284086E-01
  1 9 3 .7051414706494409E-01
  1 9 4 .2717291774677238E-01
  1 9 5 .8905375937666568E-01
  1 9 6 -.6525741487383811E-01
  1 9 7 -.5473878200343365E-01
  1 9 8 .3350692618276817E-02
  1 9 10 -.2814456982440708E-01
  1 9 11 -.6341933684704439E-01
  1 9 12 -.8144073630784276E-01
  1 9 13 -.4121083628921667E-01
  1 9 14 .1243241626738586E-01
  1 10 1 -.3350692618276817E-02
  1 10 2 -.7811596370268433E-02
  1 10 3 .5139278887847957E-01
  1 10 4 .2405790338516846E-01
  1 10 5 .3614622692392348E-01
  1 10 6 .1457630209193575E-01
  1 10 7 .6799325941949609E-03
  1 10 8 -.5229635861230020E-03
  1 10 9 -.2814456982440708E-01
  1 10 11 -.8905375937666568E-01
  1 10 12 -.3362730342243525E-01
  1 10 13 -.8132295399733673E-03
  1 10 14 .5261948089663308E-02
  1 11 1 .6525741487383811E-01
  1 11 2 .4121083628921667E-01
  1 11 3 .8144073630784276E-01
  1 11 4 .5473878200343365E-01
  1 11 5 .2814456982440708E-01
  1 11 6 -.7543975094834569E-01
  1 11 7 -.2717291774677238E-01
  1 11 8 .1397848535638637E-01
  1 11 9 -.6341933684704439E-01
  1 11 10 -.8905375937666568E-01
  1 11 12 -.7051414706494409E-01
  1 11 13 -.3760880416284086E-01
  1 11 14 .3350692618276817E-02
  1 12 1 -.4121083628921667E-01
  1 12 2 -.2374423074100911E-01
  1 12 3 .7759934066777947E-01
  1 12 4 -.5334084710107648E-02
  1 12 5 .5139278887847957E-01
  1 12 6 .3760880416284086E-01
  1 12 7 .4419817112164283E-02
  1 12 8 .8132295399733673E-03
  1 12 9 -.8144073630784276E-01
  1 12 10 -.3362730342243525E-01
  1 12 11 -.7051414706494409E-01
  1 12 13 .2896702387603443E-01
  1 12 14 -.7811596370268433E-02
  1 13 1 -.8144073630784276E-01
  1 13 2 .7759934066777947E-01
  1 13 3 -.2374423074100911E-01
  1 13 4 .5334084710107648E-02
  1 13 5 -.7811596370268433E-02
  1 13 6 .7051414706494409E-01
  1 13 7 -.4419817112164283E-02
  1 13 8 .3362730342243525E-01
  1 13 9 -.4121083628921667E-01
  1 13 10 -.8132295399733673E-03
  1 13 11 -.3760880416284086E-01
  1 13 12 .2896702387603443E-01
  1 13 14 .5139278887847957E-01
  1 14 1 .8905375937666568E-01
  1 14 2 -.3362730342243525E-01
  1 14 3 -.8132295399733673E-03
  1 14 4 -.6799325941949609E-03
  1 14 5 .5229635861230020E-03
  1 14 6 -.2814456982440708E-01
  1 14 7 -.2405790338516846E-01
  1 14 8 -.3614622692392348E-01
  1 14 9 .1243241626738586E-01
  1 14 10 .5261948089663308E-02
  1 14 11 .3350692618276817E-02
  1 14 12 -.7811596370268433E-02
  1 14 13 .5139278887847957E-01
  2 1 2 .7051414706494409E-01
  2 1 3 .3760880416284086E-01
  2 1 4 -.2717291774677238E-01
  2 1 5 .1191437899959932E-01
  2 1 6 .6341933684704439E-01
  2 1 7 .5473878200343365E-01
  2 1 8 .2814456982440708E-01
  2 1 9 .7543975094834569E-01
  2 1 10 -.3350692618276817E-02
  2 1 11 .6525741487383811E-01
  2 1 12 -.4121083628921667E-01
  2 1 13 -.8144073630784276E-01
  2 1 14 .8905375937666568E-01
  2 2 1 .7051414706494409E-01
  2 2 3 .2896702387603443E-01
  2 2 4 -.5952583633159844E-02
  2 2 5 -.8132295399733673E-03
  2 2 6 -.8144073630784276E-01
  2 2 7 .5334084710107648E-02
  2 2 8 -.5139278887847957E-01
  2 2 9 .3760880416284086E-01
  2 2 10 -.7811596370268433E-02
  2 2 11 .4121083628921667E-01
  2 2 12 -.2374423074100911E-01
  2 2 13 .7759934066777947E-01
  2 2 14 -.3362730342243525E-01
  2 3 1 .3760880416284086E-01
  2 3 2 .2896702387603443E-01
  2 3 4 .5952583633159844E-02
  2 3 5 -.3362730342243525E-01
  2 3 6 -.4121083628921667E-01
  2 3 7 -.5334084710107648E-02
  2 3 8 .7811596370268433E-02
  2 3 9 .7051414706494409E-01
  2 3 10 .5139278887847957E-01
  2 3 11 .8144073630784276E-01
  2 3 12 .7759934066777947E-01
  2 3 13 -.2374423074100911E-01
  2 3 14 -.8132295399733673E-03
  2 4 1 -.2717291774677238E-01
  2 4 2 -.5952583633159844E-02
  2 4 3 .5952583633159844E-02
  2 4 5 .6799325941949609E-03
  2 4 6 .5473878200343365E-01
  2 4 7 .7016748388860806E-01
  2 4 8 .2405790338516846E-01
  2 4 9 .2717291774677238E-01
  2 4 10 .2405790338516846E-01
  2 4 11 .5473878200343365E-01
  2 4 12 -.5334084710107648E-02
  2 4 13 .5334084710107648E-02
  2 4 14 -.6799325941949609E-03
  2 5 1 .1191437899959932E-01
  2 5 2 -.8132295399733673E-03
  2 5 3 -.3362730342243525E-01
  2 5 4 .6799325941949609E-03
  2 5 6 -.3350692618276817E-02
  2 5 7 .2405790338516846E-01
  2 5 8 -.5261948089663308E-02
  2 5 9 .8905375937666568E-01
  2 5 10 .3614622692392348E-01
  2 5 11 .2814456982440708E-01
  2 5 12 .5139278887847957E-01
  2 5 13 -.7811596370268433E-02
  2 5 14 .5229635861230020E-03
  2 6 1 .6341933684704439E-01
  2 6 2 -.8144073630784276E-01
  2 6 3 -.4121083628921667E-01
  2 6 4 .5473878200343365E-01
  2 6 5 -.3350692618276817E-02
  2 6 7 -.2717291774677238E-01
  2 6 8 -.8905375937666568E-01
  2 6 9 -.6525741487383811E-01
  2 6 10 .1457630209193575E-01
  2 6 11 -.7543975094834569E-01
  2 6 12 .3760880416284086E-01
  2 6 13 .7051414706494409E-01
  2 6 14 -.2814456982440708E-01
  2 7 1 .5473878200343365E-01
  2 7 2 .5334084710107648E-02
  2 7 3 -.5334084710107648E-02
  2 7 4 .7016748388860806E-01
  2 7 5 .2405790338516846E-01
  2 7 6 -.2717291774677238E-01
  2 7 8 .6799325941949609E-03
  2 7 9 -.5473878200343365E-01
  2 7 10 .6799325941949609E-03
  2 7 11 -.2717291774677238E-01
  2 7 12 .4419817112164283E-02
  2 7 13 -.4419817112164283E-02
  2 7 14 -.2405790338516846E-01
  2 8 1 .2814456982440708E-01
  2 8 2 -.5139278887847957E-01
  2 8 3 .7811596370268433E-02
  2 8 4 .2405790338516846E-01
  2 8 5 -.5261948089663308E-02
  2 8 6 -.8905375937666568E-01
  2 8 7 .6799325941949609E-03
  2 8 9 .3350692618276817E-02
  2 8 10 -.5229635861230020E-03
  2 8 11 .1397848535638637E-01
  2 8 12 .8132295399733673E-03
  2 8 13 .3362730342243525E-01
  2 8 14 -.3614622692392348E-01
  2 9 1 .7543975094834569E-01
  2 9 2 .3760880416284086E-01
  2 9 3 .7051414706494409E-01
  2 9 4 .2717291774677238E-01
  2 9 5 .8905375937666568E-01
  2 9 6 -.6525741487383811E-01
  2 9 7 -.5473878200343365E-01
  2 9 8 .3350692618276817E-02
  2 9 10 -.2814456982440708E-01
  2 9 11 -.6341933684704439E-01
  2 9 12 -.8144073630784276E-01
  2 9 13 -.4121083628921667E-01
  2 9 14 .1243241626738586E-01
  2 10 1 -.3350692618276817E-02
  2 10 2 -.7811596370268433E-02
  2 10 3 .5139278887847957E-01
  2 10 4 .2405790338516846E-01
  2 10 5 .3614622692392348E-01
  2 10 6 .1457630209193575E-01
  2 10 7 .6799325941949609E-03
  2 10 8 -.5229635861230020E-03
  2 10 9 -.2814456982440708E-01
  2 10 11 -.8905375937666568E-01
  2 10 12 -.3362730342243525E-01
  2 10 13 -.8132295399733673E-03
  2 10 14 .5261948089663308E-02
  2 11 1 .6525741487383811E-01
  2 11 2 .4121083628921667E-01
  2 11 3 .8144073630784276E-01
  2 11 4 .5473878200343365E-01
  2 11 5 .2814456982440708E-01
  2 11 6 -.7543975094834569E-01
  2 11 7 -.2717291774677238E-01
  2 11 8 .1397848535638637E-01
  2 11 9 -.6341933684704439E-01
  2 11 10 -.8905375937666568E-01
  2 11 12 -.7051414706494409E-01
  2 11 13 -.3760880416284086E-01
  2 11 14 .3350692618276817E-02
  2 12 1 -.4121083628921667E-01
  2 12 2 -.2374423074100911E-01
  2 12 3 .7759934066777947E-01
  2 12 4 -.5334084710107648E-02
  2 12 5 .5139278887847957E-01
  2 12 6 .3760880416284086E-01
  2 12 7 .4419817112164283E-02
  2 12 8 .8132295399733673E-03
  2 12 9 -.8144073630784276E-01
  2 12 10 -.3362730342243525E-01
  2 12 11 -.7051414706494409E-01
  2 12 13 .2896702387603443E-01
  2 12 14 -.7811596370268433E-02
  2 13 1 -.8144073630784276E-01
  2 13 2 .7759934066777947E-01
  2 13 3 -.2374423074100911E-01
  2 13 4 .5334084710107648E-02
  2 13 5 -.7811596370268433E-02
  2 13 6 .7051414706494409E-01
  2 13 7 -.4419817112164283E-02
  2 13 8 .3362730342243525E-01
  2 13 9 -.4121083628921667E-01
  2 13 10 -.8132295399733673E-03
  2 13 11 -.3760880416284086E-01
  2 13 12 .2896702387603443E-01
  2 13 14 .5139278887847957E-01
  2 14 1 .8905375937666568E-01
  2 14 2 -.3362730342243525E-01
  2 14 3 -.8132295399733673E-03
  2 14 4 -.6799325941949609E-03
  2 14 5 .5229635861230020E-03
  2 14 6 -.2814456982440708E-01
  2 14 7 -.2405790338516846E-01
  2 14 8 -.3614622692392348E-01
  2 14 9 .1243241626738586E-01
  2 14 10 .5261948089663308E-02
  2 14 11 .3350692618276817E-02
  2 14 12 -.7811596370268433E-02
  2 14 13 .5139278887847957E-01
TERM-2u
  2 1 2 .5505585756922383E-01
  2 1 3 .3159929746191757E-01
  2 1 4 -.1903240477242930E-01
  2 1 5 .8787194659645588E-02
  2 1 6 .5615879786230866E-01
  2 1 7 .5191085561552029E-01
  2 1 8 .1437015116264134E-01
  2 1 9 .5471888813190109E-01
  2 1 10 .1561652428401217E-02
  2 1 11 .5265394084846341E-01
  2 1 12 -.4023937546542957E-01
  2 1 13 -.8238205302887881E-01
  2 1 14 .7136925763800368E-01
  2 2 1 .5505585756922383E-01
  2 2 3 .3560483534393688E-01
  2 2 4 -.5908290119113324E-02
  2 2 5 -.4194665731168539E-02
  2 2 6 -.8238205302887881E-01
  2 2 7 .1394069683659194E-02
  2 2 8 .1101721510113413E-01
  2 2 9 .3159929746191757E-01
  2 2 10 -.5901094015702025E-02
  2 2 11 .4023937546542957E-01
  2 2 12 -.1639841644869941E-01
  2 2 13 .1610362022981877E-01
  2 2 14 -.1105028807390677E-01
  2 3 1 .3159929746191757E-01
  2 3 2 .3560483534393688E-01
  2 3 4 .5908290119113324E-02
  2 3 5 -.1105028807390677E-01
  2 3 6 -.4023937546542957E-01
  2 3 7 -.1394069683659194E-02
  2 3 8 .5901094015702025E-02
  2 3 9 .5505585756922383E-01
  2 3 10 -.1101721510113413E-01
  2 3 11 .8238205302887881E-01
  2 3 12 .1610362022981877E-01
  2 3 13 -.1639841644869941E-01
  2 3 14 -.4194665731168539E-02
  2 4 1 -.1903240477242930E-01
  2 4 2 -.5908290119113324E-02
  2 4 3 .5908290119113324E-02
  2 4 5 .2783722814031070E-02
  2 4 6 .5191085561552029E-01
  2 4 7 .4171430876789970E-01
  2 4 8 -.8433653237176186E-02
  2 4 9 .1903240477242930E-01
  2 4 10 -.8433653237176186E-02
  2 4 11 .5191085561552029E-01
  2 4 12 -.1394069683659194E-02
  2 4 13 .1394069683659194E-02
  2 4 14 -.2783722814031070E-02
  2 5 1 .8787194659645588E-02
  2 5 2 -.4194665731168539E-02
  2 5 3 -.1105028807390677E-01
  2 5 4 .2783722814031070E-02
  2 5 6 .1561652428401217E-02
  2 5 7 -.8433653237176186E-02
  2 5 8 -.6271959645824381E-02
  2 5 9 .7136925763800368E-01
  2 5 10 .2830028872181358E-01
  2 5 11 .1437015116264134E-01
  2 5 12 -.1101721510113413E-01
  2 5 13 -.5901094015702025E-02
  2 5 14 .5619057229776346E-02
  2 6 1 .5615879786230866E-01
  2 6 2 -.8238205302887881E-01
  2 6 3 -.4023937546542957E-01
  2 6 4 .5191085561552029E-01
  2 6 5 .1561652428401217E-02
  2 6 7 -.1903240477242930E-01
  2 6 8 -.7136925763800368E-01
  2 6 9 -.5265394084846341E-01
  2 6 10 .9810346700784539E-02
  2 6 11 -.5471888813190109E-01
  2 6 12 .3159929746191757E-01
  2 6 13 .5505585756922383E-01
  2 6 14 -.1437015116264134E-01
  2 7 1 .5191085561552029E-01
  2 7 2 .1394069683659194E-02
  2 7 3 -.1394069683659194E-02
  2 7 4 .4171430876789970E-01
  2 7 5 -.8433653237176186E-02
  2 7 6 -.1903240477242930E-01
  2 7 8 .2783722814031070E-02
  2 7 9 -.5191085561552029E-01
  2 7 10 .2783722814031070E-02
  2 7 11 -.1903240477242930E-01
  2 7 12 .4818212601130855E-02
  2 7 13 -.4818212601130855E-02
  2 7 14 .8433653237176186E-02
  2 8 1 .1437015116264134E-01
  2 8 2 .1101721510113413E-01
  2 8 3 .5901094015702025E-02
  2 8 4 -.8433653237176186E-02
  2 8 5 -.6271959645824381E-02
  2 8 6 -.7136925763800368E-01
  2 8 7 .2783722814031070E-02
  2 8 9 -.1561652428401217E-02
  2 8 10 -.5619057229776346E-02
  2 8 11 .9602564399635445E-02
  2 8 12 .4194665731168539E-02
  2 8 13 .1105028807390677E-01
  2 8 14 -.2830028872181358E-01
  2 9 1 .5471888813190109E-01
  2 9 2 .3159929746191757E-01
  2 9 3 .5505585756922383E-01
  2 9 4 .1903240477242930E-01
  2 9 5 .7136925763800368E-01
  2 9 6 -.5265394084846341E-01
  2 9 7 -.5191085561552029E-01
  2 9 8 -.1561652428401217E-02
  2 9 10 -.1437015116264134E-01
  2 9 11 -.5615879786230866E-01
  2 9 12 -.8238205302887881E-01
  2 9 13 -.4023937546542957E-01
  2 9 14 .8140563729880418E-02
  2 10 1 .1561652428401217E-02
  2 10 2 -.5901094015702025E-02
  2 10 3 -.1101721510113413E-01
  2 10 4 -.8433653237176186E-02
  2 10 5 .2830028872181358E-01
  2 10 6 .9810346700784539E-02
  2 10 7 .2783722814031070E-02
  2 10 8 -.5619057229776346E-02
  2 10 9 -.1437015116264134E-01
  2 10 11 -.7136925763800368E-01
  2 10 12 -.1105028807390677E-01
  2 10 13 -.4194665731168539E-02
  2 10 14 .6271959645824381E-02
  2 11 1 .5265394084846341E-01
  2 11 2 .4023937546542957E-01
  2 11 3 .8238205302887881E-01
  2 11 4 .5191085561552029E-01
  2 11 5 .1437015116264134E-01
  2 11 6 -.5471888813190109E-01
  2 11 7 -.1903240477242930E-01
  2 11 8 .9602564399635445E-02
  2 11 9 -.5615879786230866E-01
  2 11 10 -.7136925763800368E-01
  2 11 12 -.5505585756922383E-01
  2 11 13 -.3159929746191757E-01
  2 11 14 -.1561652428401217E-02
  2 12 1 -.4023937546542957E-01
  2 12 2 -.1639841644869941E-01
  2 12 3 .1610362022981877E-01
  2 12 4 -.1394069683659194E-02
  2 12 5 -.1101721510113413E-01
  2 12 6 .3159929746191757E-01
  2 12 7 .4818212601130855E-02
  2 12 8 .4194665731168539E-02
  2 12 9 -.8238205302887881E-01
  2 12 10 -.1105028807390677E-01
  2 12 11 -.5505585756922383E-01
  2 12 13 .3560483534393688E-01
  2 12 14 -.5901094015702025E-02
  2 13 1 -.8238205302887881E-01
  2 13 2 .1610362022981877E-01
  2 13 3 -.1639841644869941E-01
  2 13 4 .1394069683659194E-02
  2 13 5 -.5901094015702025E-02
  2 13 6 .5505585756922383E-01
  2 13 7 -.4818212601130855E-02
  2 13 8 .1105028807390677E-01
  2 13 9 -.4023937546542957E-01
  2 13 10 -.4194665731168539E-02
  2 13 11 -.3159929746191757E-01
  2 13 12 .3560483534393688E-01
  2 13 14 -.1101721510113413E-01
  2 14 1 .7136925763800368E-01
  2 14 2 -.1105028807390677E-01
  2 14 3 -.4194665731168539E-02
  2 14 4 -.2783722814031070E-02
  2 14 5 .5619057229776346E-02
  2 14 6 -.1437015116264134E-01
  2 14 7 .8433653237176186E-02
  2 14 8 -.2830028872181358E-01
  2 14 9 .8140563729880418E-02
  2 14 10 .6271959645824381E-02
  2 14 11 -.1561652428401217E-02
  2 14 12 -.5901094015702025E-02
  2 14 13 -.1101721510113413E-01
TERM-2d
  1 1 2 .5505585756922383E-01
  1 1 3 .3159929746191757E-01
  1 1 4 -.1903240477242930E-01
  1 1 5 .8787194659645588E-02
  1 1 6 .5615879786230866E-01
  1 1 7 .5191085561552029E-01
  1 1 8 .1437015116264134E-01
  1 1 9 .5471888813190109E-01
  1 1 10 .1561652428401217E-02
  1 1 11 .5265394084846341E-01
  1 1 12 -.4023937546542957E-01
  1 1 13 -.8238205302887881E-01
  1 1 14 .7136925763800368E-01
  1 2 1 .5505585756922383E-01
  1 2 3 .3560483534393688E-01
  1 2 4 -.5908290119113324E-02
  1 2 5 -.4194665731168539E-02
  1 2 6 -.8238205302887881E-01
  1 2 7 .1394069683659194E-02
  1 2 8 .1101721510113413E-01
  1 2 9 .3159929746191757E-01
  1 2 10 -.5901094015702025E-02
  1 2 11 .4023937546542957E-01
  1 2 12 -.1639841644869941E-01
  1 2 13 .1610362022981877E-01
  1 2 14 -.1105028807390677E-01
  1 3 1 .3159929746191757E-01
  1 3 2 .3560483534393688E-01
  1 3 4 .5908290119113324E-02
  1 3 5 -.1105028807390677E-01
  1 3 6 -.4023937546542957E-01
  1 3 7 -.1394069683659194E-02
  1 3 8 .5901094015702025E-02
  1 3 9 .5505585756922383E-01
  1 3 10 -.1101721510113413E-01
  1 3 11 .8238205302887881E-01
  1 3 12 .1610362022981877E-01
  1 3 13 -.1639841644869941E-01
  1 3 14 -.4194665731168539E-02
  1 4 1 -.1903240477242930E-01
  1 4 2 -.5908290119113324E-02
  1 4 3 .5908290119113324E-02
  1 4 5 .2783722814031070E-02
  1 4 6 .5191085561552029E-01
  1 4 7 .4171430876789970E-01
  1 4 8 -.8433653237176186E-02
  1 4 9 .1903240477242930E-01
  1 4 10 -.8433653237176186E-02
  1 4 11 .5191085561552029E-01
  1 4 12 -.1394069683659194E-02
  1 4 13 .1394069683659194E-02
  1 4 14 -.2783722814031070E-02
  1 5 1 .8787194659645588E-02
  1 5 2 -.4194665731168539E-02
  1 5 3 -.1105028807390677E-01
  1 5 4 .2783722814031070E-02
  1 5 6 .1561652428401217E-02
  1 5 7 -.8433653237176186E-02
  1 5 8 -.6271959645824381E-02
  1 5 9 .7136925763800368E-01
  1 5 10 .2830028872181358E-01
  1 5 11 .1437015116264134E-01
  1 5 12 -.1101721510113413E-01
  1 5 13 -.5901094015702025E-02
  1 5 14 .5619057229776346E-02
  1 6 1 .5615879786230866E-01
  1 6 2 -.8238205302887881E-01
  1 6 3 -.4023937546542957E-01
  1 6 4 .5191085561552029E-01
  1 6 5 .1561652428401217E-02
  1 6 7 -.1903240477242930E-01
  1 6 8 -.7136925763800368E-01
  1 6 9 -.5265394084846341E-01
  1 6 10 .9810346700784539E-02
  1 6 11 -.5471888813190109E-01
  1 6 12 .3159929746191757E-01
  1 6 13 .5505585756922383E-01
  1 6 14 -.1437015116264134E-01
  1 7 1 .5191085561552029E-01
  1 7 2 .1394069683659194E-02
  1 7 3 -.1394069683659194E-02
  1 7 4 .4171430876789970E-01
  1 7 5 -.8433653237176186E-02
  1 7 6 -.1903240477242930E-01
  1 7 8 .2783722814031070E-02
  1 7 9 -.5191085561552029E-01
  1 7 10 .2783722814031070E-02
  1 7 11 -.1903240477242930E-01
  1 7 12 .4818212601130855E-02
  1 7 13 -.4818212601130855E-02
  1 7 14 .8433653237176186E-02
  1 8 1 .1437015116264134E-01
  1 8 2 .1101721510113413E-01
  1 8 3 .5901094015702025E-02
  1 8 4 -.8433653237176186E-02
  1 8 5 -.6271959645824381E-02
  1 8 6 -.7136925763800368E-01
  1 8 7 .2783722814031070E-02
  1 8 9 -.1561652428401217E-02
  1 8 10 -.5619057229776346E-02
  1 8 11 .9602564399635445E-02
  1 8 12 .4194665731168539E-02
  1 8 13 .1105028807390677E-01
  1 8 14 -.2830028872181358E-01
  1 9 1 .5471888813190109E-01
  1 9 2 .3159929746191757E-01
  1 9 3 .5505585756922383E-01
  1 9 4 .1903240477242930E-01
  1 9 5 .7136925763800368E-01
  1 9 6 -.5265394084846341E-01
  1 9 7 -.5191085561552029E-01
  1 9 8 -.1561652428401217E-02
  1 9 10 -.1437015116264134E-01
  1 9 11 -.5615879786230866E-01
  1 9 12 -.8238205302887881E-01
  1 9 13 -.4023937546542957E-01
  1 9 14 .8140563729880418E-02
  1 10 1 .1561652428401217E-02
  1 10 2 -.5901094015702025E-02
  1 10 3 -.1101721510113413E-01
  1 10 4 -.8433653237176186E-02
  1 10 5 .2830028872181358E-01
  1 10 6 .9810346700784539E-02
  1 10 7 .2783722814031070E-02
  1 10 8 -.5619057229776346E-02
  1 10 9 -.1437015116264134E-01
  1 10 11 -.7136925763800368E-01
  1 10 12 -.1105028807390677E-01
  1 10 13 -.4194665731168539E-02
  1 10 14 .6271959645824381E-02
  1 11 1 .5265394084846341E-01
  1 11 2 .4023937546542957E-01
  1 11 3 .8238205302887881E-01
  1 11 4 .5191085561552029E-01
  1 11 5 .1437015116264134E-01
  1 11 6 -.5471888813190109E-01
  1 11 7 -.1903240477242930E-01
  1 11 8 .9602564399635445E-02
  1 11 9 -.5615879786230866E-01
  1 11 10 -.7136925763800368E-01
  1 11 12 -.5505585756922383E-01
  1 11 13 -.3159929746191757E-01
  1 11 14 -.1561652428401217E-02
  1 12 1 -.4023937546542957E-01
  1 12 2 -.1639841644869941E-01
  1 12 3 .1610362022981877E-01
  1 12 4 -.1394069683659194E-02
  1 12 5 -.1101721510113413E-01
  1 12 6 .3159929746191757E-01
  1 12 7 .4818212601130855E-02
  1 12 8 .4194665731168539E-02
  1 12 9 -.8238205302887881E-01
  1 12 10 -.1105028807390677E-01
  1 12 11 -.5505585756922383E-01
  1 12 13 .3560483534393688E-01
  1 12 14 -.5901094015702025E-02
  1 13 1 -.8238205302887881E-01
  1 13 2 .1610362022981877E-01
  1 13 3 -.1639841644869941E-01
  1 13 4 .1394069683659194E-02
  1 13 5 -.5901094015702025E-02
  1 13 6 .5505585756922383E-01
  1 13 7 -.4818212601130855E-02
  1 13 8 .1105028807390677E-01
  1 13 9 -.4023937546542957E-01
  1 13 10 -.4194665731168539E-02
  1 13 11 -.3159929746191757E-01
  1 13 12 .3560483534393688E-01
  1 13 14 -.1101721510113413E-01
  1 14 1 .7136925763800368E-01
  1 14 2 -.1105028807390677E-01
  1 14 3 -.4194665731168539E-02
  1 14 4 -.2783722814031070E-02
  1 14 5 .5619057229776346E-02
  1 14 6 -.1437015116264134E-01
  1 14 7 .8433653237176186E-02
  1 14 8 -.2830028872181358E-01
  1 14 9 .8140563729880418E-02
  1 14 10 .6271959645824381E-02
  1 14 11 -.1561652428401217E-02
  1 14 12 -.5901094015702025E-02
  1 14 13 -.1101721510113413E-01
