# of blocks mean (X_1)     std.err. (X_1)  std.err.err. (X_1)  
# from 50000 to 0
2049        -1.67718356808 6.74222036e-05  1.05347193e-06       
1024        -1.67718494922 8.75533587e-05  1.93561954e-06       
512         -1.67718494922 1.02456651e-04  3.20490166e-06       
256         -1.67718494922 1.02679220e-04  4.54671226e-06       
128         -1.67718494922 9.83047077e-05  6.16818595e-06       
64          -1.67718494922 8.00669897e-05  7.13293436e-06       
32          -1.67718494922 8.73703608e-05  1.10960469e-05       
16          -1.67718494922 7.47571343e-05  1.36487229e-05       
8           -1.67718494922 7.81502964e-05  2.08865453e-05       
4           -1.67718494922 9.39054603e-05  3.83367436e-05       
2           -1.67718494922 1.61909180e-04  1.14487079e-04       
