# No.Blocks      Mean       Error        Error_in_Error
        2270  -1.6763436850220230        6.0488504510074275E-005   8.9792611281164664E-007
        1135  -1.6763436850220266        7.8183681997223567E-005   1.6417030091112007E-006
         567  -1.6763419660493821        9.0748123201277975E-005   2.6972079963834277E-006
         283  -1.6763445490282687        9.4955845992683732E-005   3.9983624059617564E-006
         141  -1.6763409206560282        9.1929907950850999E-005   5.4938628018167228E-006
          70  -1.6763374982142858        8.3828184630964730E-005   7.1359289628758884E-006
          35  -1.6763374982142856        8.2261377643943763E-005   9.9756573216118633E-006
          17  -1.6763309489889706        8.4286684159298969E-005   1.4899921483192264E-005
           8  -1.6763659057617188        6.9793672780262193E-005   1.8653143664882243E-005
           4  -1.6763659057617186        6.7052711853693661E-005   2.7374154985236443E-005
           2  -1.6763659057617186        3.4471193891420486E-005   2.4374814956219717E-005
