# No.Blocks      Mean       Error        Error_in_Error
        2270   41.800090629569972        3.4912630215129380E-002   5.1826314092259362E-004
        1135   41.800090629569993        4.8427188096706625E-002   1.0168753682383578E-003
         567   41.799825574397360        6.5929269473855828E-002   1.9595441376367498E-003
         283   41.799149826929906        8.7192019405139459E-002   3.6714463321853700E-003
         141   41.796267331917029       0.11263736548919442        6.7313700856369840E-003
          70   41.793037479442248       0.12721926629309740        1.0829623127033550E-002
          35   41.793037479442226       0.14206765585489700        1.7228233855107047E-002
          17   41.841286407010244       0.15345498983922054        2.7127265980556398E-002
           8   41.944520344068749       0.13660506957550789        3.6509240546283378E-002
           4   41.944520344068749       0.17585618057697330        7.1792985088053748E-002
           2   41.944520344068749        5.2956020550292806E-003   3.7445561235766207E-003
