# No.Blocks      Mean       Error        Error_in_Error
        2268  -1.6787857636684311        7.8529600048821496E-005   1.1662526073735177E-006
        1134  -1.6787857636684305        1.0184077637364020E-004   2.1393988040776078E-006
         567  -1.6787857636684294        1.2215492146232240E-004   3.6306781820158421E-006
         283  -1.6787824960247351        1.3162303622965977E-004   5.5423296408708001E-006
         141  -1.6787615341312052        1.4130613051983431E-004   8.4446564935822939E-006
          70  -1.6787575008928575        1.6095839903714390E-004   1.3701688836084142E-005
          35  -1.6787575008928570        1.7621096190788290E-004   2.1368717892290921E-005
          17  -1.6787069324448531        1.8314051329040319E-004   3.2374974714407283E-005
           8  -1.6786895991210935        1.6022673316774352E-004   4.2822395693981776E-005
           4  -1.6786895991210939        7.1358142068772819E-005   2.9131839510253970E-005
           2  -1.6786895991210937        1.2365728687657695E-005   8.7438906093557822E-006
