# No.Blocks      Mean       Error        Error_in_Error
        2012  -34.473553013961926        1.7013132274565048E-002   2.6826452475890115E-004
        1006  -34.473553013961876        2.3712001835366175E-002   5.2889588882324822E-004
         503  -34.473553013961883        3.2723257341547997E-002   1.0327368442557096E-003
         251  -34.473135760676982        4.4276911849181338E-002   1.9801236945707077E-003
         125  -34.472171534448229        5.9033757966658461E-002   3.7486473795320663E-003
          62  -34.471161043321978        7.5587615748705025E-002   6.8433811833842322E-003
          31  -34.471161043321978        9.3908736902119538E-002   1.2123565802842762E-002
          15  -34.460607840352758       0.11287258319241325        2.1330913211755315E-002
           7  -34.446450775360553       0.11043769479572438        3.1880616409496604E-002
           3  -34.372859406157687        6.9940482626441591E-002   3.4970241313220796E-002
