# Block_length   Mean       Error        Error_in_Error
        2012  -1.6725878070211617        1.7471630465661491E-003   2.7549416344931374E-005
        1006  -1.6725878070211573        2.3931119239702738E-003   5.3378329964279278E-005
         503  -1.6725878070211566        3.2078969571009627E-003   1.0124033025183006E-004
         251  -1.6725440703656573        4.1045647096530921E-003   1.8356171417662002E-004
         125  -1.6725656909061455        4.8968351183062732E-003   3.1094934096194480E-004
          62  -1.6726286991451129        5.7647695060075816E-003   5.2191770798955739E-004
          31  -1.6726286991451134        6.4737365454286934E-003   8.3575579427265544E-004
          15  -1.6714461751431320        6.6886877712986998E-003   1.2640431743010877E-003
           7  -1.6733831332455826        9.0721645227833658E-003   2.6189083146807746E-003
           3  -1.6698875342907016        1.1026452223656679E-002   5.5132261118283395E-003
