4.255345330693038330e-01 1.383099912306000601e-01 3.005037124903287005e-01 -3.159715238510792390e-01 3.824692728495840965e-01 1.243238392372135459e-01 -9.840700787373149461e-02 8.227246356926454229e-02 5.970995153974456571e-02 -1.860182049613686717e-01 -6.044973451693749084e-02 2.562521499917476686e-01 -3.521489513022708073e-01 2.693176314099664515e-01 -3.569735383593529710e-01
2.627486636453321700e-01 3.617062885322844257e-01 -3.002484939740703851e-01 -3.164287856591546655e-01 -2.364147509417205695e-01 -3.253659154650072605e-01 9.929070394990668902e-02 3.136541776114254443e-02 -9.679025080301770223e-02 1.149274719238301962e-01 1.582468265264621310e-01 -4.140860601600857005e-01 -1.348152817191064501e-01 4.227868867042356427e-01 1.457673070272690052e-01
-4.251053467885094195e-01 1.383548598528181461e-01 3.004511299787613887e-01 -3.159318125367397978e-01 -3.825485234190133532e-01 1.241905533189181926e-01 -1.002427705147792558e-01 8.217072052977525409e-02 -5.992455374435171067e-02 1.859476454867807493e-01 -6.046949021781280326e-02 -2.557001043895138492e-01 -3.525914050880372130e-01 -2.563254464033501434e-01 -3.664181538907328450e-01
-4.251041356181192721e-01 1.383193797206508646e-01 3.004744487895308902e-01 3.164821300095339573e-01 3.825259800616329642e-01 -1.242907677931216759e-01 -9.836733686715957992e-02 8.225256063828832731e-02 -5.992285079204643511e-02 -1.860114198369345329e-01 6.046627545183436842e-02 -2.557280423484384890e-01 -3.524477339363283335e-01 2.563642467635827704e-01 3.664784064116538564e-01
-4.255504899431342691e-01 -1.382058857055284418e-01 -3.004770202959605729e-01 -3.165437834750081114e-01 3.824470180534144670e-01 1.242534562136450582e-01 9.674403828750284540e-02 -8.234578494021149719e-02 -5.971083193306957887e-02 -1.860500332640793175e-01 -6.047677018658009773e-02 -2.562020369426588062e-01 3.520962797628429675e-01 2.692761459406144420e-01 -3.570942061324775540e-01
2.626782602161167324e-01 3.616297598640422772e-01 -3.002814150012366179e-01 3.159707614852884094e-01 2.364053118301705225e-01 3.254466971324826985e-01 1.008934683249876896e-01 3.141454114193646674e-02 -9.680275572130350725e-02 -1.149178203522993741e-01 -1.582023756304808404e-01 -4.140639643606629505e-01 -1.349056422721103266e-01 -4.227772740644301086e-01 -1.457882561485904782e-01
-2.064160127849933545e-03 -2.266272689203770174e-03 3.120034574807044603e-01 -2.562430671600595539e-03 1.375715298867110758e-04 1.992945477831291117e-04 9.500707678207860329e-01 1.293390025605173962e-03 1.171660403104559864e-03 5.473847547927633821e-04 -6.608499500156966183e-05 -7.114040393563296179e-05 4.582377223097131914e-05 -1.975726482184961375e-05 -3.756419469322157489e-06
-1.057647788690061277e-05 -3.345514934662469119e-05 -1.233637106788592177e-04 -8.084752320406985186e-05 -5.530282431952563641e-06 1.509963081529255152e-06 -4.392577246740777706e-04 8.232270478274873460e-01 -5.201459221863654614e-01 1.877312069198691332e-07 1.090480452481250034e-05 1.212645145524840345e-01 1.924581698888082337e-01 -1.655224432925428424e-05 -3.677452214170123801e-05
1.523860789706426211e-06 3.001499050879637663e-05 -3.837638291220847012e-04 -3.704259356157215538e-05 -2.937830087290580199e-06 1.504931292485236919e-05 -1.617589396388983058e-03 5.201608035570763899e-01 8.232021104942063294e-01 -4.426352790799084678e-06 1.321034963662710214e-05 -1.925618529667423862e-01 1.211948341617154618e-01 -9.002012053289931703e-06 -4.493892807112126464e-05
-6.803146357805753275e-05 -4.797286853052556976e-05 -2.919800110248626699e-05 -9.641151916646260997e-05 8.533665914650555295e-02 4.289240965113795823e-01 -1.330130320896339238e-04 -1.607844454108594312e-05 -1.002156259210638283e-05 1.755310596917508126e-01 8.820037331083055987e-01 -1.808315921504932178e-06 -8.610416749936352840e-06 -1.262806776831701503e-05 -2.320456939060312458e-05
4.308326231866610456e-05 -3.718376407820488116e-05 1.659095507264406882e-04 1.167169657192818034e-04 -4.289195551855782829e-01 8.534222482087566730e-02 5.104347013255564796e-04 -8.633721373825962525e-06 -2.542754109145261814e-06 -8.820057764063518047e-01 1.755284163348674598e-01 8.980887827318741732e-06 3.633051066258715354e-06 -2.929673271908126266e-06 -1.312143091725637113e-05
-2.629872583709955136e-01 3.618007081965424199e-01 -3.003074150039175549e-01 -3.164710822070321838e-01 2.363480279826936648e-01 -3.253686236599951931e-01 9.803726928496091231e-02 3.151042057343367286e-02 9.679042432017040398e-02 -1.149990376644729750e-01 1.582160186902254462e-01 4.142531047680676481e-01 -1.342718617860685915e-01 -4.277304496496971975e-01 1.306014434340761476e-01
2.045015703239417182e-04 4.473370927147309328e-01 3.006495286343519591e-01 -3.159004788687053700e-01 -8.702979166771339587e-05 4.021669319381822594e-01 -9.849675054496080662e-02 -1.017568624975703356e-01 2.528347578250052349e-05 -2.840136632338606195e-05 -1.955633380144679578e-01 -3.591228320834497444e-04 4.355584748030570941e-01 -8.026912416398447603e-03 4.470918792652288642e-01
-2.630506715115212280e-01 3.617085817919324375e-01 -3.003521721109934095e-01 3.159982216556119217e-01 -2.364061760976547411e-01 3.253668735702057724e-01 9.955158054601079276e-02 3.156549281746411084e-02 9.677425480858738160e-02 1.149825459657207727e-01 -1.581951917536059959e-01 4.142568503077556641e-01 -1.342617031879123068e-01 4.277411557810634757e-01 -1.305264814928407124e-01
-2.608151915903570393e-04 -4.472573892512219373e-01 -3.006738409406173873e-01 -3.165674502746279040e-01 -4.907963060512795291e-05 4.021552446839622430e-01 9.660634109845588069e-02 1.017191552305009156e-01 -2.500839770253797736e-05 -2.467174726538710959e-05 -1.956061070913534261e-01 2.973268844133925568e-04 -4.354421538143139481e-01 -7.960400074075852511e-03 4.472108669998743347e-01
