TERM-SELF
#mode=discrete
#policy=dx
  1 -1.1719381852122948
  2 -1.1719381852122948
  3 -1.1719381852122948
  4 -1.1719381852122948
  5 -1.1719381852122948
  6 -1.1719381852122948
  7 -1.1719381852122948
  8 -1.1719381852122948
  9 -1.1719381852122948
  10 -1.1719381852122948
TERM-u0
  1 1 2 0.50950109146689138
  1 1 3 0.15942827931514336
  1 1 4 0.50950109146689138
  1 1 5 0.15942827931514336
  1 1 6 -0.32626891844091049
  1 1 7 0.15942827931514336
  1 1 8 0.50950109146689138
  1 1 9 0.15942827931514336
  1 1 10 0.50950109146689138
  1 2 1 0.50950109146689138
  1 2 3 0.50950109146689138
  1 2 4 0.15942827931514336
  1 2 5 0.50950109146689138
  1 2 6 0.15942827931514336
  1 2 7 -0.32626891844091049
  1 2 8 0.15942827931514336
  1 2 9 0.50950109146689138
  1 2 10 0.15942827931514336
  1 3 1 0.15942827931514336
  1 3 2 0.50950109146689138
  1 3 4 0.50950109146689138
  1 3 5 0.15942827931514336
  1 3 6 0.50950109146689138
  1 3 7 0.15942827931514336
  1 3 8 -0.32626891844091049
  1 3 9 0.15942827931514336
  1 3 10 0.50950109146689138
  1 4 1 0.50950109146689138
  1 4 2 0.15942827931514336
  1 4 3 0.50950109146689138
  1 4 5 0.50950109146689138
  1 4 6 0.15942827931514336
  1 4 7 0.50950109146689138
  1 4 8 0.15942827931514336
  1 4 9 -0.32626891844091049
  1 4 10 0.15942827931514336
  1 5 1 0.15942827931514336
  1 5 2 0.50950109146689138
  1 5 3 0.15942827931514336
  1 5 4 0.50950109146689138
  1 5 6 0.50950109146689138
  1 5 7 0.15942827931514336
  1 5 8 0.50950109146689138
  1 5 9 0.15942827931514336
  1 5 10 -0.32626891844091049
  1 6 1 -0.32626891844091049
  1 6 2 0.15942827931514336
  1 6 3 0.50950109146689138
  1 6 4 0.15942827931514336
  1 6 5 0.50950109146689138
  1 6 7 0.50950109146689138
  1 6 8 0.15942827931514336
  1 6 9 0.50950109146689138
  1 6 10 0.15942827931514336
  1 7 1 0.15942827931514336
  1 7 2 -0.32626891844091049
  1 7 3 0.15942827931514336
  1 7 4 0.50950109146689138
  1 7 5 0.15942827931514336
  1 7 6 0.50950109146689138
  1 7 8 0.50950109146689138
  1 7 9 0.15942827931514336
  1 7 10 0.50950109146689138
  1 8 1 0.50950109146689138
  1 8 2 0.15942827931514336
  1 8 3 -0.32626891844091049
  1 8 4 0.15942827931514336
  1 8 5 0.50950109146689138
  1 8 6 0.15942827931514336
  1 8 7 0.50950109146689138
  1 8 9 0.50950109146689138
  1 8 10 0.15942827931514336
  1 9 1 0.15942827931514336
  1 9 2 0.50950109146689138
  1 9 3 0.15942827931514336
  1 9 4 -0.32626891844091049
  1 9 5 0.15942827931514336
  1 9 6 0.50950109146689138
  1 9 7 0.15942827931514336
  1 9 8 0.50950109146689138
  1 9 10 0.50950109146689138
  1 10 1 0.50950109146689138
  1 10 2 0.15942827931514336
  1 10 3 0.50950109146689138
  1 10 4 0.15942827931514336
  1 10 5 -0.32626891844091049
  1 10 6 0.15942827931514336
  1 10 7 0.50950109146689138
  1 10 8 0.15942827931514336
  1 10 9 0.50950109146689138
TERM-ud
  1 1 2 0.24327885676937045E-001
  1 1 3 -0.10612720466690252E-002
  1 1 4 0.24327885676937045E-001
  1 1 5 -0.10612720466690252E-002
  1 1 6 -0.19670925365685626
  1 1 7 -0.10612720466690252E-002
  1 1 8 0.24327885676937045E-001
  1 1 9 -0.10612720466690252E-002
  1 1 10 0.24327885676937045E-001
  1 2 1 0.24327885676937045E-001
  1 2 3 0.24327885676937045E-001
  1 2 4 -0.10612720466690252E-002
  1 2 5 0.24327885676937045E-001
  1 2 6 -0.10612720466690252E-002
  1 2 7 -0.19670925365685626
  1 2 8 -0.10612720466690252E-002
  1 2 9 0.24327885676937045E-001
  1 2 10 -0.10612720466690252E-002
  1 3 1 -0.10612720466690252E-002
  1 3 2 0.24327885676937045E-001
  1 3 4 0.24327885676937045E-001
  1 3 5 -0.10612720466690252E-002
  1 3 6 0.24327885676937045E-001
  1 3 7 -0.10612720466690252E-002
  1 3 8 -0.19670925365685626
  1 3 9 -0.10612720466690252E-002
  1 3 10 0.24327885676937045E-001
  1 4 1 0.24327885676937045E-001
  1 4 2 -0.10612720466690252E-002
  1 4 3 0.24327885676937045E-001
  1 4 5 0.24327885676937045E-001
  1 4 6 -0.10612720466690252E-002
  1 4 7 0.24327885676937045E-001
  1 4 8 -0.10612720466690252E-002
  1 4 9 -0.19670925365685626
  1 4 10 -0.10612720466690252E-002
  1 5 1 -0.10612720466690252E-002
  1 5 2 0.24327885676937045E-001
  1 5 3 -0.10612720466690252E-002
  1 5 4 0.24327885676937045E-001
  1 5 6 0.24327885676937045E-001
  1 5 7 -0.10612720466690252E-002
  1 5 8 0.24327885676937045E-001
  1 5 9 -0.10612720466690252E-002
  1 5 10 -0.19670925365685626
  1 6 1 -0.19670925365685626
  1 6 2 -0.10612720466690252E-002
  1 6 3 0.24327885676937045E-001
  1 6 4 -0.10612720466690252E-002
  1 6 5 0.24327885676937045E-001
  1 6 7 0.24327885676937045E-001
  1 6 8 -0.10612720466690252E-002
  1 6 9 0.24327885676937045E-001
  1 6 10 -0.10612720466690252E-002
  1 7 1 -0.10612720466690252E-002
  1 7 2 -0.19670925365685626
  1 7 3 -0.10612720466690252E-002
  1 7 4 0.24327885676937045E-001
  1 7 5 -0.10612720466690252E-002
  1 7 6 0.24327885676937045E-001
  1 7 8 0.24327885676937045E-001
  1 7 9 -0.10612720466690252E-002
  1 7 10 0.24327885676937045E-001
  1 8 1 0.24327885676937045E-001
  1 8 2 -0.10612720466690252E-002
  1 8 3 -0.19670925365685626
  1 8 4 -0.10612720466690252E-002
  1 8 5 0.24327885676937045E-001
  1 8 6 -0.10612720466690252E-002
  1 8 7 0.24327885676937045E-001
  1 8 9 0.24327885676937045E-001
  1 8 10 -0.10612720466690252E-002
  1 9 1 -0.10612720466690252E-002
  1 9 2 0.24327885676937045E-001
  1 9 3 -0.10612720466690252E-002
  1 9 4 -0.19670925365685626
  1 9 5 -0.10612720466690252E-002
  1 9 6 0.24327885676937045E-001
  1 9 7 -0.10612720466690252E-002
  1 9 8 0.24327885676937045E-001
  1 9 10 0.24327885676937045E-001
  1 10 1 0.24327885676937045E-001
  1 10 2 -0.10612720466690252E-002
  1 10 3 0.24327885676937045E-001
  1 10 4 -0.10612720466690252E-002
  1 10 5 -0.19670925365685626
  1 10 6 -0.10612720466690252E-002
  1 10 7 0.24327885676937045E-001
  1 10 8 -0.10612720466690252E-002
  1 10 9 0.24327885676937045E-001
TERM-d0
  2 1 2 0.50950109146689138
  2 1 3 0.15942827931514336
  2 1 4 0.50950109146689138
  2 1 5 0.15942827931514336
  2 1 6 -0.32626891844091049
  2 1 7 0.15942827931514336
  2 1 8 0.50950109146689138
  2 1 9 0.15942827931514336
  2 1 10 0.50950109146689138
  2 2 1 0.50950109146689138
  2 2 3 0.50950109146689138
  2 2 4 0.15942827931514336
  2 2 5 0.50950109146689138
  2 2 6 0.15942827931514336
  2 2 7 -0.32626891844091049
  2 2 8 0.15942827931514336
  2 2 9 0.50950109146689138
  2 2 10 0.15942827931514336
  2 3 1 0.15942827931514336
  2 3 2 0.50950109146689138
  2 3 4 0.50950109146689138
  2 3 5 0.15942827931514336
  2 3 6 0.50950109146689138
  2 3 7 0.15942827931514336
  2 3 8 -0.32626891844091049
  2 3 9 0.15942827931514336
  2 3 10 0.50950109146689138
  2 4 1 0.50950109146689138
  2 4 2 0.15942827931514336
  2 4 3 0.50950109146689138
  2 4 5 0.50950109146689138
  2 4 6 0.15942827931514336
  2 4 7 0.50950109146689138
  2 4 8 0.15942827931514336
  2 4 9 -0.32626891844091049
  2 4 10 0.15942827931514336
  2 5 1 0.15942827931514336
  2 5 2 0.50950109146689138
  2 5 3 0.15942827931514336
  2 5 4 0.50950109146689138
  2 5 6 0.50950109146689138
  2 5 7 0.15942827931514336
  2 5 8 0.50950109146689138
  2 5 9 0.15942827931514336
  2 5 10 -0.32626891844091049
  2 6 1 -0.32626891844091049
  2 6 2 0.15942827931514336
  2 6 3 0.50950109146689138
  2 6 4 0.15942827931514336
  2 6 5 0.50950109146689138
  2 6 7 0.50950109146689138
  2 6 8 0.15942827931514336
  2 6 9 0.50950109146689138
  2 6 10 0.15942827931514336
  2 7 1 0.15942827931514336
  2 7 2 -0.32626891844091049
  2 7 3 0.15942827931514336
  2 7 4 0.50950109146689138
  2 7 5 0.15942827931514336
  2 7 6 0.50950109146689138
  2 7 8 0.50950109146689138
  2 7 9 0.15942827931514336
  2 7 10 0.50950109146689138
  2 8 1 0.50950109146689138
  2 8 2 0.15942827931514336
  2 8 3 -0.32626891844091049
  2 8 4 0.15942827931514336
  2 8 5 0.50950109146689138
  2 8 6 0.15942827931514336
  2 8 7 0.50950109146689138
  2 8 9 0.50950109146689138
  2 8 10 0.15942827931514336
  2 9 1 0.15942827931514336
  2 9 2 0.50950109146689138
  2 9 3 0.15942827931514336
  2 9 4 -0.32626891844091049
  2 9 5 0.15942827931514336
  2 9 6 0.50950109146689138
  2 9 7 0.15942827931514336
  2 9 8 0.50950109146689138
  2 9 10 0.50950109146689138
  2 10 1 0.50950109146689138
  2 10 2 0.15942827931514336
  2 10 3 0.50950109146689138
  2 10 4 0.15942827931514336
  2 10 5 -0.32626891844091049
  2 10 6 0.15942827931514336
  2 10 7 0.50950109146689138
  2 10 8 0.15942827931514336
  2 10 9 0.50950109146689138
TERM-du
  2 1 2 0.24327885676937045E-001
  2 1 3 -0.10612720466690252E-002
  2 1 4 0.24327885676937045E-001
  2 1 5 -0.10612720466690252E-002
  2 1 6 -0.19670925365685626
  2 1 7 -0.10612720466690252E-002
  2 1 8 0.24327885676937045E-001
  2 1 9 -0.10612720466690252E-002
  2 1 10 0.24327885676937045E-001
  2 2 1 0.24327885676937045E-001
  2 2 3 0.24327885676937045E-001
  2 2 4 -0.10612720466690252E-002
  2 2 5 0.24327885676937045E-001
  2 2 6 -0.10612720466690252E-002
  2 2 7 -0.19670925365685626
  2 2 8 -0.10612720466690252E-002
  2 2 9 0.24327885676937045E-001
  2 2 10 -0.10612720466690252E-002
  2 3 1 -0.10612720466690252E-002
  2 3 2 0.24327885676937045E-001
  2 3 4 0.24327885676937045E-001
  2 3 5 -0.10612720466690252E-002
  2 3 6 0.24327885676937045E-001
  2 3 7 -0.10612720466690252E-002
  2 3 8 -0.19670925365685626
  2 3 9 -0.10612720466690252E-002
  2 3 10 0.24327885676937045E-001
  2 4 1 0.24327885676937045E-001
  2 4 2 -0.10612720466690252E-002
  2 4 3 0.24327885676937045E-001
  2 4 5 0.24327885676937045E-001
  2 4 6 -0.10612720466690252E-002
  2 4 7 0.24327885676937045E-001
  2 4 8 -0.10612720466690252E-002
  2 4 9 -0.19670925365685626
  2 4 10 -0.10612720466690252E-002
  2 5 1 -0.10612720466690252E-002
  2 5 2 0.24327885676937045E-001
  2 5 3 -0.10612720466690252E-002
  2 5 4 0.24327885676937045E-001
  2 5 6 0.24327885676937045E-001
  2 5 7 -0.10612720466690252E-002
  2 5 8 0.24327885676937045E-001
  2 5 9 -0.10612720466690252E-002
  2 5 10 -0.19670925365685626
  2 6 1 -0.19670925365685626
  2 6 2 -0.10612720466690252E-002
  2 6 3 0.24327885676937045E-001
  2 6 4 -0.10612720466690252E-002
  2 6 5 0.24327885676937045E-001
  2 6 7 0.24327885676937045E-001
  2 6 8 -0.10612720466690252E-002
  2 6 9 0.24327885676937045E-001
  2 6 10 -0.10612720466690252E-002
  2 7 1 -0.10612720466690252E-002
  2 7 2 -0.19670925365685626
  2 7 3 -0.10612720466690252E-002
  2 7 4 0.24327885676937045E-001
  2 7 5 -0.10612720466690252E-002
  2 7 6 0.24327885676937045E-001
  2 7 8 0.24327885676937045E-001
  2 7 9 -0.10612720466690252E-002
  2 7 10 0.24327885676937045E-001
  2 8 1 0.24327885676937045E-001
  2 8 2 -0.10612720466690252E-002
  2 8 3 -0.19670925365685626
  2 8 4 -0.10612720466690252E-002
  2 8 5 0.24327885676937045E-001
  2 8 6 -0.10612720466690252E-002
  2 8 7 0.24327885676937045E-001
  2 8 9 0.24327885676937045E-001
  2 8 10 -0.10612720466690252E-002
  2 9 1 -0.10612720466690252E-002
  2 9 2 0.24327885676937045E-001
  2 9 3 -0.10612720466690252E-002
  2 9 4 -0.19670925365685626
  2 9 5 -0.10612720466690252E-002
  2 9 6 0.24327885676937045E-001
  2 9 7 -0.10612720466690252E-002
  2 9 8 0.24327885676937045E-001
  2 9 10 0.24327885676937045E-001
  2 10 1 0.24327885676937045E-001
  2 10 2 -0.10612720466690252E-002
  2 10 3 0.24327885676937045E-001
  2 10 4 -0.10612720466690252E-002
  2 10 5 -0.19670925365685626
  2 10 6 -0.10612720466690252E-002
  2 10 7 0.24327885676937045E-001
  2 10 8 -0.10612720466690252E-002
  2 10 9 0.24327885676937045E-001
TERM-20
  1 1 2 -4.3341168485897352
  1 1 3 -0.26389261090023194E-001
  1 1 4 -4.3341168485897352
  1 1 5 -0.26389261090023194E-001
  1 1 6 -0.14331233494973575
  1 1 7 -0.26389261090023194E-001
  1 1 8 -4.3341168485897352
  1 1 9 -0.26389261090023194E-001
  1 1 10 -4.3341168485897352
  1 2 1 -4.3341168485897352
  1 2 3 -4.3341168485897352
  1 2 4 -0.26389261090023194E-001
  1 2 5 -4.3341168485897352
  1 2 6 -0.26389261090023194E-001
  1 2 7 -0.14331233494973575
  1 2 8 -0.26389261090023194E-001
  1 2 9 -4.3341168485897352
  1 2 10 -0.26389261090023194E-001
  1 3 1 -0.26389261090023194E-001
  1 3 2 -4.3341168485897352
  1 3 4 -4.3341168485897352
  1 3 5 -0.26389261090023194E-001
  1 3 6 -4.3341168485897352
  1 3 7 -0.26389261090023194E-001
  1 3 8 -0.14331233494973575
  1 3 9 -0.26389261090023194E-001
  1 3 10 -4.3341168485897352
  1 4 1 -4.3341168485897352
  1 4 2 -0.26389261090023194E-001
  1 4 3 -4.3341168485897352
  1 4 5 -4.3341168485897352
  1 4 6 -0.26389261090023194E-001
  1 4 7 -4.3341168485897352
  1 4 8 -0.26389261090023194E-001
  1 4 9 -0.14331233494973575
  1 4 10 -0.26389261090023194E-001
  1 5 1 -0.26389261090023194E-001
  1 5 2 -4.3341168485897352
  1 5 3 -0.26389261090023194E-001
  1 5 4 -4.3341168485897352
  1 5 6 -4.3341168485897352
  1 5 7 -0.26389261090023194E-001
  1 5 8 -4.3341168485897352
  1 5 9 -0.26389261090023194E-001
  1 5 10 -0.14331233494973575
  1 6 1 -0.14331233494973575
  1 6 2 -0.26389261090023194E-001
  1 6 3 -4.3341168485897352
  1 6 4 -0.26389261090023194E-001
  1 6 5 -4.3341168485897352
  1 6 7 -4.3341168485897352
  1 6 8 -0.26389261090023194E-001
  1 6 9 -4.3341168485897352
  1 6 10 -0.26389261090023194E-001
  1 7 1 -0.26389261090023194E-001
  1 7 2 -0.14331233494973575
  1 7 3 -0.26389261090023194E-001
  1 7 4 -4.3341168485897352
  1 7 5 -0.26389261090023194E-001
  1 7 6 -4.3341168485897352
  1 7 8 -4.3341168485897352
  1 7 9 -0.26389261090023194E-001
  1 7 10 -4.3341168485897352
  1 8 1 -4.3341168485897352
  1 8 2 -0.26389261090023194E-001
  1 8 3 -0.14331233494973575
  1 8 4 -0.26389261090023194E-001
  1 8 5 -4.3341168485897352
  1 8 6 -0.26389261090023194E-001
  1 8 7 -4.3341168485897352
  1 8 9 -4.3341168485897352
  1 8 10 -0.26389261090023194E-001
  1 9 1 -0.26389261090023194E-001
  1 9 2 -4.3341168485897352
  1 9 3 -0.26389261090023194E-001
  1 9 4 -0.14331233494973575
  1 9 5 -0.26389261090023194E-001
  1 9 6 -4.3341168485897352
  1 9 7 -0.26389261090023194E-001
  1 9 8 -4.3341168485897352
  1 9 10 -4.3341168485897352
  1 10 1 -4.3341168485897352
  1 10 2 -0.26389261090023194E-001
  1 10 3 -4.3341168485897352
  1 10 4 -0.26389261090023194E-001
  1 10 5 -0.14331233494973575
  1 10 6 -0.26389261090023194E-001
  1 10 7 -4.3341168485897352
  1 10 8 -0.26389261090023194E-001
  1 10 9 -4.3341168485897352
  2 1 2 -4.3341168485897352
  2 1 3 -0.26389261090023194E-001
  2 1 4 -4.3341168485897352
  2 1 5 -0.26389261090023194E-001
  2 1 6 -0.14331233494973575
  2 1 7 -0.26389261090023194E-001
  2 1 8 -4.3341168485897352
  2 1 9 -0.26389261090023194E-001
  2 1 10 -4.3341168485897352
  2 2 1 -4.3341168485897352
  2 2 3 -4.3341168485897352
  2 2 4 -0.26389261090023194E-001
  2 2 5 -4.3341168485897352
  2 2 6 -0.26389261090023194E-001
  2 2 7 -0.14331233494973575
  2 2 8 -0.26389261090023194E-001
  2 2 9 -4.3341168485897352
  2 2 10 -0.26389261090023194E-001
  2 3 1 -0.26389261090023194E-001
  2 3 2 -4.3341168485897352
  2 3 4 -4.3341168485897352
  2 3 5 -0.26389261090023194E-001
  2 3 6 -4.3341168485897352
  2 3 7 -0.26389261090023194E-001
  2 3 8 -0.14331233494973575
  2 3 9 -0.26389261090023194E-001
  2 3 10 -4.3341168485897352
  2 4 1 -4.3341168485897352
  2 4 2 -0.26389261090023194E-001
  2 4 3 -4.3341168485897352
  2 4 5 -4.3341168485897352
  2 4 6 -0.26389261090023194E-001
  2 4 7 -4.3341168485897352
  2 4 8 -0.26389261090023194E-001
  2 4 9 -0.14331233494973575
  2 4 10 -0.26389261090023194E-001
  2 5 1 -0.26389261090023194E-001
  2 5 2 -4.3341168485897352
  2 5 3 -0.26389261090023194E-001
  2 5 4 -4.3341168485897352
  2 5 6 -4.3341168485897352
  2 5 7 -0.26389261090023194E-001
  2 5 8 -4.3341168485897352
  2 5 9 -0.26389261090023194E-001
  2 5 10 -0.14331233494973575
  2 6 1 -0.14331233494973575
  2 6 2 -0.26389261090023194E-001
  2 6 3 -4.3341168485897352
  2 6 4 -0.26389261090023194E-001
  2 6 5 -4.3341168485897352
  2 6 7 -4.3341168485897352
  2 6 8 -0.26389261090023194E-001
  2 6 9 -4.3341168485897352
  2 6 10 -0.26389261090023194E-001
  2 7 1 -0.26389261090023194E-001
  2 7 2 -0.14331233494973575
  2 7 3 -0.26389261090023194E-001
  2 7 4 -4.3341168485897352
  2 7 5 -0.26389261090023194E-001
  2 7 6 -4.3341168485897352
  2 7 8 -4.3341168485897352
  2 7 9 -0.26389261090023194E-001
  2 7 10 -4.3341168485897352
  2 8 1 -4.3341168485897352
  2 8 2 -0.26389261090023194E-001
  2 8 3 -0.14331233494973575
  2 8 4 -0.26389261090023194E-001
  2 8 5 -4.3341168485897352
  2 8 6 -0.26389261090023194E-001
  2 8 7 -4.3341168485897352
  2 8 9 -4.3341168485897352
  2 8 10 -0.26389261090023194E-001
  2 9 1 -0.26389261090023194E-001
  2 9 2 -4.3341168485897352
  2 9 3 -0.26389261090023194E-001
  2 9 4 -0.14331233494973575
  2 9 5 -0.26389261090023194E-001
  2 9 6 -4.3341168485897352
  2 9 7 -0.26389261090023194E-001
  2 9 8 -4.3341168485897352
  2 9 10 -4.3341168485897352
  2 10 1 -4.3341168485897352
  2 10 2 -0.26389261090023194E-001
  2 10 3 -4.3341168485897352
  2 10 4 -0.26389261090023194E-001
  2 10 5 -0.14331233494973575
  2 10 6 -0.26389261090023194E-001
  2 10 7 -4.3341168485897352
  2 10 8 -0.26389261090023194E-001
  2 10 9 -4.3341168485897352
TERM-2u
  2 1 2 -0.52874167491484514
  2 1 3 0.17143536004806206
  2 1 4 -0.52874167491484514
  2 1 5 0.17143536004806206
  2 1 6 0.31913996089479274
  2 1 7 0.17143536004806206
  2 1 8 -0.52874167491484514
  2 1 9 0.17143536004806206
  2 1 10 -0.52874167491484514
  2 2 1 -0.52874167491484514
  2 2 3 -0.52874167491484514
  2 2 4 0.17143536004806206
  2 2 5 -0.52874167491484514
  2 2 6 0.17143536004806206
  2 2 7 0.31913996089479274
  2 2 8 0.17143536004806206
  2 2 9 -0.52874167491484514
  2 2 10 0.17143536004806206
  2 3 1 0.17143536004806206
  2 3 2 -0.52874167491484514
  2 3 4 -0.52874167491484514
  2 3 5 0.17143536004806206
  2 3 6 -0.52874167491484514
  2 3 7 0.17143536004806206
  2 3 8 0.31913996089479274
  2 3 9 0.17143536004806206
  2 3 10 -0.52874167491484514
  2 4 1 -0.52874167491484514
  2 4 2 0.17143536004806206
  2 4 3 -0.52874167491484514
  2 4 5 -0.52874167491484514
  2 4 6 0.17143536004806206
  2 4 7 -0.52874167491484514
  2 4 8 0.17143536004806206
  2 4 9 0.31913996089479274
  2 4 10 0.17143536004806206
  2 5 1 0.17143536004806206
  2 5 2 -0.52874167491484514
  2 5 3 0.17143536004806206
  2 5 4 -0.52874167491484514
  2 5 6 -0.52874167491484514
  2 5 7 0.17143536004806206
  2 5 8 -0.52874167491484514
  2 5 9 0.17143536004806206
  2 5 10 0.31913996089479274
  2 6 1 0.31913996089479274
  2 6 2 0.17143536004806206
  2 6 3 -0.52874167491484514
  2 6 4 0.17143536004806206
  2 6 5 -0.52874167491484514
  2 6 7 -0.52874167491484514
  2 6 8 0.17143536004806206
  2 6 9 -0.52874167491484514
  2 6 10 0.17143536004806206
  2 7 1 0.17143536004806206
  2 7 2 0.31913996089479274
  2 7 3 0.17143536004806206
  2 7 4 -0.52874167491484514
  2 7 5 0.17143536004806206
  2 7 6 -0.52874167491484514
  2 7 8 -0.52874167491484514
  2 7 9 0.17143536004806206
  2 7 10 -0.52874167491484514
  2 8 1 -0.52874167491484514
  2 8 2 0.17143536004806206
  2 8 3 0.31913996089479274
  2 8 4 0.17143536004806206
  2 8 5 -0.52874167491484514
  2 8 6 0.17143536004806206
  2 8 7 -0.52874167491484514
  2 8 9 -0.52874167491484514
  2 8 10 0.17143536004806206
  2 9 1 0.17143536004806206
  2 9 2 -0.52874167491484514
  2 9 3 0.17143536004806206
  2 9 4 0.31913996089479274
  2 9 5 0.17143536004806206
  2 9 6 -0.52874167491484514
  2 9 7 0.17143536004806206
  2 9 8 -0.52874167491484514
  2 9 10 -0.52874167491484514
  2 10 1 -0.52874167491484514
  2 10 2 0.17143536004806206
  2 10 3 -0.52874167491484514
  2 10 4 0.17143536004806206
  2 10 5 0.31913996089479274
  2 10 6 0.17143536004806206
  2 10 7 -0.52874167491484514
  2 10 8 0.17143536004806206
  2 10 9 -0.52874167491484514
TERM-2d
  1 1 2 -0.52874167491484514
  1 1 3 0.17143536004806206
  1 1 4 -0.52874167491484514
  1 1 5 0.17143536004806206
  1 1 6 0.31913996089479274
  1 1 7 0.17143536004806206
  1 1 8 -0.52874167491484514
  1 1 9 0.17143536004806206
  1 1 10 -0.52874167491484514
  1 2 1 -0.52874167491484514
  1 2 3 -0.52874167491484514
  1 2 4 0.17143536004806206
  1 2 5 -0.52874167491484514
  1 2 6 0.17143536004806206
  1 2 7 0.31913996089479274
  1 2 8 0.17143536004806206
  1 2 9 -0.52874167491484514
  1 2 10 0.17143536004806206
  1 3 1 0.17143536004806206
  1 3 2 -0.52874167491484514
  1 3 4 -0.52874167491484514
  1 3 5 0.17143536004806206
  1 3 6 -0.52874167491484514
  1 3 7 0.17143536004806206
  1 3 8 0.31913996089479274
  1 3 9 0.17143536004806206
  1 3 10 -0.52874167491484514
  1 4 1 -0.52874167491484514
  1 4 2 0.17143536004806206
  1 4 3 -0.52874167491484514
  1 4 5 -0.52874167491484514
  1 4 6 0.17143536004806206
  1 4 7 -0.52874167491484514
  1 4 8 0.17143536004806206
  1 4 9 0.31913996089479274
  1 4 10 0.17143536004806206
  1 5 1 0.17143536004806206
  1 5 2 -0.52874167491484514
  1 5 3 0.17143536004806206
  1 5 4 -0.52874167491484514
  1 5 6 -0.52874167491484514
  1 5 7 0.17143536004806206
  1 5 8 -0.52874167491484514
  1 5 9 0.17143536004806206
  1 5 10 0.31913996089479274
  1 6 1 0.31913996089479274
  1 6 2 0.17143536004806206
  1 6 3 -0.52874167491484514
  1 6 4 0.17143536004806206
  1 6 5 -0.52874167491484514
  1 6 7 -0.52874167491484514
  1 6 8 0.17143536004806206
  1 6 9 -0.52874167491484514
  1 6 10 0.17143536004806206
  1 7 1 0.17143536004806206
  1 7 2 0.31913996089479274
  1 7 3 0.17143536004806206
  1 7 4 -0.52874167491484514
  1 7 5 0.17143536004806206
  1 7 6 -0.52874167491484514
  1 7 8 -0.52874167491484514
  1 7 9 0.17143536004806206
  1 7 10 -0.52874167491484514
  1 8 1 -0.52874167491484514
  1 8 2 0.17143536004806206
  1 8 3 0.31913996089479274
  1 8 4 0.17143536004806206
  1 8 5 -0.52874167491484514
  1 8 6 0.17143536004806206
  1 8 7 -0.52874167491484514
  1 8 9 -0.52874167491484514
  1 8 10 0.17143536004806206
  1 9 1 0.17143536004806206
  1 9 2 -0.52874167491484514
  1 9 3 0.17143536004806206
  1 9 4 0.31913996089479274
  1 9 5 0.17143536004806206
  1 9 6 -0.52874167491484514
  1 9 7 0.17143536004806206
  1 9 8 -0.52874167491484514
  1 9 10 -0.52874167491484514
  1 10 1 -0.52874167491484514
  1 10 2 0.17143536004806206
  1 10 3 -0.52874167491484514
  1 10 4 0.17143536004806206
  1 10 5 0.31913996089479274
  1 10 6 0.17143536004806206
  1 10 7 -0.52874167491484514
  1 10 8 0.17143536004806206
  1 10 9 -0.52874167491484514
