# of blocks mean (X_1)     std.err. (X_1)  std.err.err. (X_1)  
# from 50000 to 0
2049        -4.66654207467 2.56465820e-05  4.00727844e-07       
1024        -4.66654173096 3.32739906e-05  7.35617537e-07       
512         -4.66654173096 3.87204670e-05  1.21119798e-06       
256         -4.66654173096 4.10009270e-05  1.81555156e-06       
128         -4.66654173096 4.54523075e-05  2.85193142e-06       
64          -4.66654173096 4.35710406e-05  3.88161681e-06       
32          -4.66654173096 4.46828995e-05  5.67473391e-06       
16          -4.66654173096 4.51988554e-05  8.25214423e-06       
8           -4.66654173096 3.50805831e-05  9.37568022e-06       
4           -4.66654173096 2.08168929e-05  8.49846094e-06       
2           -4.66654173096 1.44252930e-05  1.02002225e-05       
