3.903404044690373942e-01 -1.117431110063437094e-01 -3.474415137041989565e-01 2.155919531793608901e-01 2.561889333089623078e-01 -3.179914717024255877e-01 -3.146918886854910280e-01 2.482501919310513561e-01 -2.179202408569264338e-01 3.218719251836846262e-01 -4.179535912629390726e-01 -1.215149776403406101e-01
2.637858199259923708e-01 -3.881842649500311659e-01 2.950797343247812399e-01 -2.006122903534886953e-02 -2.756181026210732243e-01 3.425711687214230139e-01 -3.329017919154269034e-01 2.508505207453002872e-01 -5.938384488085385327e-02 3.339484769834862310e-01 2.389726938261104161e-01 3.911899915314303033e-01
1.707823756276586336e-01 -3.086806309256375780e-01 3.805130148973687176e-01 -3.644429413361517933e-01 2.646045067272284612e-01 -1.219967007013499916e-01 -1.517884510204441650e-01 3.002185843913919849e-01 3.889151178876239512e-01 -3.865863150048585162e-01 -1.320387758006765222e-01 -2.858898001769883956e-01
1.039686197463474265e-01 2.067789595723751039e-01 3.008818903613798557e-01 3.708154866770987934e-01 3.880910976831971615e-01 2.903811471340992378e-01 2.958879558039491098e-01 3.905395712980181400e-01 -3.611779747658416806e-01 -2.796837999696070165e-01 -6.835891730796217480e-02 1.733398454797382970e-01
1.039685972682976578e-01 -2.067789171898110345e-01 3.008818321792204875e-01 -3.708154180492259644e-01 3.880910348284804523e-01 -2.903811095077762916e-01 2.958879759982026014e-01 -3.905396223077753359e-01 -3.611780500921235038e-01 2.796838815751974128e-01 6.835894963814952152e-02 1.733399103108010653e-01
3.708970813270335842e-01 2.460341888655712128e-01 -2.062166391018954714e-01 -3.642148326858732910e-01 1.285839719044792537e-02 3.557770014072988984e-01 3.469147606267717343e-01 6.331641942669398969e-03 3.598711320793553936e-01 1.720827091050085023e-01 -3.880526974335137269e-01 2.643627166980041521e-01
3.708970635159153928e-01 -2.460342009873852376e-01 -2.062166279336062336e-01 3.642148698726360712e-01 1.285834492841343539e-02 -3.557769790493717221e-01 3.469147952981037619e-01 -6.331696647921717519e-03 3.598710993521085921e-01 -1.720827234329895816e-01 3.880527051607305378e-01 2.643626975891064101e-01
-3.170342536416577151e-01 3.718230382230506281e-01 -1.198625926506538958e-01 -2.239250937824222021e-01 3.709533311662313038e-01 -2.361032776007853384e-01 -2.433230935168519127e-01 3.643533446628559602e-01 1.943516770771221702e-01 1.661094247214566777e-01 3.090545620197892585e-01 3.879911914593548450e-01
1.707823239606853227e-01 3.086805680195946477e-01 3.805129739852796122e-01 3.644429093041606782e-01 2.646044490856372944e-01 1.219966316119175387e-01 -1.517885575657523245e-01 -3.002186992016103728e-01 3.889151814656191530e-01 3.865863292575042465e-01 1.320387718925966070e-01 -2.858897959906674946e-01
2.637857878769656605e-01 3.881842302238389109e-01 2.950797212518474488e-01 2.006124447430659638e-02 -2.756180763028238112e-01 -3.425711545145209702e-01 -3.329017938530752230e-01 -2.508505155942955533e-01 -5.938386485739611392e-02 -3.339485149653507179e-01 -2.389727235734541155e-01 3.911900356806759516e-01
-3.903402910916509705e-01 -1.117431111204032629e-01 3.474414315213537607e-01 2.155919753868268673e-01 -2.561888869395540502e-01 -3.179915312981335673e-01 3.146918452397463595e-01 2.482502649927063321e-01 2.179201969077991519e-01 3.218720108825456339e-01 -4.179536937947779252e-01 1.215149415265718291e-01
3.170343283517347843e-01 3.718231145494449441e-01 1.198626170162478827e-01 -2.239250967806340198e-01 -3.709533151138952323e-01 -2.361032500419425473e-01 2.433230760671297177e-01 3.643532959364785273e-01 -1.943516326413144424e-01 1.661094293147082068e-01 3.090545436405447433e-01 -3.879911717600609822e-01
