# No.Blocks      Mean       Error        Error_in_Error
        2014  -1.6786748118172783        6.4774971841546284E-005   1.0208697791975069E-006
        1007  -1.6786748118172794        8.3787524685375011E-005   1.8679505376706470E-006
         503  -1.6786725780318081        9.5265455207520106E-005   3.0065511067775581E-006
         251  -1.6786695971115542        9.6973245066731266E-005   4.3367753593591443E-006
         125  -1.6786819794999996        9.3360060864565884E-005   5.9283697932726911E-006
          62  -1.6786846794354842        9.6837319644316869E-005   8.7672389787560627E-006
          31  -1.6786846794354842        7.8363231967063527E-005   1.0116649745447523E-005
          15  -1.6786647182291670        7.4170544842731942E-005   1.4016915447145217E-005
           7  -1.6786593660714286        6.7728354445798110E-005   1.9551491835525963E-005
           3  -1.6786732350260418        5.8848006729185456E-005   2.9424003364592728E-005
