# No.Blocks      Mean       Error        Error_in_Error
        2014  -44.782750294070389        3.6997492974605292E-002   5.8308975534932471E-004
        1007  -44.782750294070318        5.1204676892795044E-002   1.1415518490647503E-003
         503  -44.779812603823011        6.9470841711494549E-002   2.1924803233394387E-003
         251  -44.774821193171206        9.0773340461517846E-002   4.0595071963337205E-003
         125  -44.768396039766408       0.11408150494548865        7.2441828082249592E-003
          62  -44.752695400172847       0.13458561182072643        1.2184808772778267E-002
          31  -44.752695400172833       0.14991407541827889        1.9353823915235893E-002
          15  -44.726716423820889       0.14099818097986364        2.6646151584656903E-002
           7  -44.798241308357483       0.12592319884938047        3.6350896376454299E-002
           3  -44.826824522017837       0.20099138292240332       0.10049569146120166     
