# Block_length   Mean       Error        Error_in_Error
        2014  -1.6790182031116676        1.2079202719461894E-003   1.9037126011052576E-005
        1007  -1.6790182031116725        1.6568171462066515E-003   3.6936912633473032E-005
         503  -1.6790858225283827        2.2232349709172443E-003   7.0164673520713595E-005
         251  -1.6791662375271539        2.8304279461167877E-003   1.2658058585864499E-004
         125  -1.6792744053835804        3.4581413436120612E-003   2.1959219491167058E-004
          62  -1.6795526639382439        4.0295000607242859E-003   3.6481379417604694E-004
          31  -1.6795526639382445        4.5819447163412816E-003   5.9152651932109501E-004
          15  -1.6796904755676434        4.1355901265029841E-003   7.8155307137293181E-004
           7  -1.6775853120415487        3.6654276885724241E-003   1.0581178313461984E-003
           3  -1.6766169404836979        6.2501700948381974E-003   3.1250850474190987E-003
