# No.Blocks      Mean       Error        Error_in_Error
        2014   75.191052929148569        2.1637126505309252E-002   3.4100653276974529E-004
        1007   75.191052929148668        3.0012911046111077E-002   6.6910478064797314E-004
         503   75.189148478557001        4.0876916839208285E-002   1.2900640562401307E-003
         251   75.184368038888366        5.3779453218098155E-002   2.4050902637687459E-003
         125   75.178421639655369        6.9808956826633961E-002   4.4328731913666642E-003
          62   75.164508777777101        8.4917347438513910E-002   7.6880554022976067E-003
          31   75.164508777777101        9.0545750433754818E-002   1.1689406116659513E-002
          15   75.127039580506832        8.2914062819390774E-002   1.5669285029292497E-002
           7   75.152871624193480        7.9613754003083376E-002   2.2982511152438417E-002
           3   75.157413381705155       0.12235341151142830        6.1176705755714149E-002
