TERM-2
  1 17.058302260076601
  2 17.073987908118099
  3 17.073987908118099
  4 17.066874249197301
  5 17.066343202611399
  6 17.058302260076601
  7 17.066874249197301
  8 17.066343202611399
  9 17.058302260076601
  10 17.066343202611399
  11 17.058302260076601
  12 17.073987908118099
  13 17.073987908118099
  14 17.066343202611399
TERM-02
  1 2 1.5365514317361000
  1 3 1.1862179762873399
  1 4 2.9524933074316499
  1 5 -5.9907191998360396
  1 6 3.0217604414154802
  1 7 3.2615670047294101
  1 8 -5.6566727372392398
  1 9 2.6012235285497098
  1 10 -6.0173943762803104
  1 11 2.5242185021044099
  1 12 1.1724466745571200
  1 13 1.6317690644402001
  1 14 -5.3204800689746596
  2 1 1.5371508985437199
  2 4 1.6253907986127800
  2 5 -7.2201960946710404
  2 6 1.6371072234280499
  2 7 1.5889937493552699
  2 8 -6.4247117810341603
  2 9 1.1863029194594701
  2 10 -7.2446846635056499
  2 11 1.1744148454596299
  2 12 0.24486388123906262E-001
  2 13 1.0099531290386701
  2 14 -6.6894837659454103
  3 1 1.1863029194594701
  3 4 1.6253907986127800
  3 5 -6.6894837659454103
  3 6 1.1744148454596299
  3 7 1.5889937493552699
  3 8 -7.2446846635056499
  3 9 1.5371508985437199
  3 10 -6.4247117810341603
  3 11 1.6371072234280499
  3 12 1.0099531290386701
  3 13 0.24486388123906262E-001
  3 14 -7.2201960946710404
  4 1 2.9536250870681200
  4 2 1.6221968094453101
  4 3 1.6221968094453101
  4 5 -5.6180730794157796
  4 6 3.2687908162598500
  4 7 3.1082707140652102
  4 8 -5.4404359093077996
  4 9 2.9536250870681200
  4 10 -5.4404359093077996
  4 11 3.2687908162598500
  4 12 1.5871404370206701
  4 13 1.5871404370206701
  4 14 -5.6180730794157796
  5 1 -5.9918977119882602
  5 2 -7.2205183084516698
  5 3 -6.6911035692773702
  5 4 -5.6181011090230797
  5 6 -6.0171170360129400
  5 7 -5.4362439457442902
  5 8 -14.445209110181899
  5 9 -5.3094330699798000
  5 10 -14.149102866199300
  5 11 -5.6542332891365001
  5 12 -6.4316679563366597
  5 13 -7.2446629385793502
  5 14 -14.474401918499000
  6 1 3.0217604414154802
  6 2 1.6317690644402001
  6 3 1.1724466745571200
  6 4 3.2615670047294101
  6 5 -6.0173943762803104
  6 7 2.9524933074316499
  6 8 -5.3204800689746596
  6 9 2.5242185021044099
  6 10 -5.9938822903821496
  6 11 2.6012235285497098
  6 12 1.1862179762873399
  6 13 1.5365514317361000
  6 14 -5.6566727372392398
  7 1 3.2687908162598500
  7 2 1.5871404370206701
  7 3 1.5871404370206701
  7 4 3.1082707140652102
  7 5 -5.4404359093077996
  7 6 2.9536250870681200
  7 8 -5.6180730794157796
  7 9 3.2687908162598500
  7 10 -5.6180730794157796
  7 11 2.9536250870681200
  7 12 1.6218073837516001
  7 13 1.6218073837516001
  7 14 -5.4404359093077996
  8 1 -5.6542332891365001
  8 2 -6.4316679563366597
  8 3 -7.2446629385793502
  8 4 -5.4362439457442902
  8 5 -14.445209110181899
  8 6 -5.3094330699798000
  8 7 -5.6181011090230797
  8 9 -6.0171170360129400
  8 10 -14.474401918499000
  8 11 -5.9924411612240602
  8 12 -7.2205183084516698
  8 13 -6.6911035692773702
  8 14 -14.149102866199300
  9 1 2.6012235285497098
  9 2 1.1862179762873399
  9 3 1.5365514317361000
  9 4 2.9524933074316499
  9 5 -5.3204800689746596
  9 6 2.5242185021044099
  9 7 3.2615670047294101
  9 8 -6.0173943762803104
  9 10 -5.6566727372392398
  9 11 3.0217604414154802
  9 12 1.6317690644402001
  9 13 1.1724466745571200
  9 14 -5.9921931464484004
  10 1 -6.0171170360129400
  10 2 -7.2446629385793502
  10 3 -6.4316679563366597
  10 4 -5.4362439457442902
  10 5 -14.149102866199300
  10 6 -5.9919943757755396
  10 7 -5.6181011090230797
  10 8 -14.474401918499000
  10 9 -5.6542332891365001
  10 11 -5.3094330699798000
  10 12 -6.6911035692773702
  10 13 -7.2205183084516698
  10 14 -14.445209110181899
  11 1 2.5242185021044099
  11 2 1.1724466745571200
  11 3 1.6317690644402001
  11 4 3.2615670047294101
  11 5 -5.6566727372392398
  11 6 2.6012235285497098
  11 7 2.9524933074316499
  11 8 -5.9912704600479900
  11 9 3.0217604414154802
  11 10 -5.3204800689746596
  11 12 1.5365514317361000
  11 13 1.1862179762873399
  11 14 -6.0173943762803104
  12 1 1.1744148454596299
  12 2 0.24486388123906262E-001
  12 3 1.0099531290386701
  12 4 1.5889937493552699
  12 5 -6.4247117810341603
  12 6 1.1863029194594701
  12 7 1.6243700610304199
  12 8 -7.2201960946710404
  12 9 1.6371072234280499
  12 10 -6.6894837659454103
  12 11 1.5371508985437199
  12 14 -7.2446846635056499
  13 1 1.6371072234280499
  13 2 1.0099531290386701
  13 3 0.24486388123906262E-001
  13 4 1.5889937493552699
  13 5 -7.2446846635056499
  13 6 1.5371508985437199
  13 7 1.6243700610304199
  13 8 -6.6894837659454103
  13 9 1.1744148454596299
  13 10 -7.2201960946710404
  13 11 1.1863029194594701
  13 14 -6.4247117810341603
  14 1 -5.3094330699798000
  14 2 -6.6911035692773702
  14 3 -7.2205183084516698
  14 4 -5.6181011090230797
  14 5 -14.474401918499000
  14 6 -5.6542332891365001
  14 7 -5.4362439457442902
  14 8 -14.149102866199300
  14 9 -5.9924515872000503
  14 10 -14.445209110181899
  14 11 -6.0171170360129400
  14 12 -7.2446629385793502
  14 13 -6.4316679563366597
TERM-uu
  1 2 -8.7045867874866598
  1 3 -8.4846149374146904
  1 4 -18.925929304159801
  1 5 42.195169983084298
  1 6 -17.280106853442501
  1 7 -19.052488738458500
  1 8 41.995997772635597
  1 9 -17.098854561055500
  1 10 42.224084216000598
  1 11 -17.039961489529400
  1 12 -8.4929198091813607
  1 13 -8.7807652204613298
  1 14 41.840674223784198
  2 1 -8.7045867874866598
  2 4 -10.398780538208200
  2 5 50.727361703355797
  2 6 -8.7807652204613298
  2 7 -10.359516268784500
  2 8 50.303354381361800
  2 9 -8.4846149374146904
  2 10 50.719896490164999
  2 11 -8.4929198091813607
  2 12 0.25049480694812050E-003
  2 13 -0.50934946608521903
  2 14 50.358647098110303
  3 1 -8.4846149374146904
  3 4 -10.398780538208200
  3 5 50.358647098110303
  3 6 -8.4929198091813607
  3 7 -10.359516268784500
  3 8 50.719896490164999
  3 9 -8.7045867874866598
  3 10 50.303354381361800
  3 11 -8.7807652204613298
  3 12 -0.50934946608521903
  3 13 0.25049480694812050E-003
  3 14 50.727361703355797
  4 1 -18.925929304159801
  4 2 -10.398780538208200
  4 3 -10.398780538208200
  4 5 40.351364100967103
  4 6 -19.052488738458500
  4 7 -20.677520422966701
  4 8 40.228298950570000
  4 9 -18.925929304159801
  4 10 40.228298950570000
  4 11 -19.052488738458500
  4 12 -10.359516268784500
  4 13 -10.359516268784500
  4 14 40.351364100967103
  5 1 42.195169983084298
  5 2 50.727361703355797
  5 3 50.358647098110303
  5 4 40.351364100967103
  5 6 42.224084216000598
  5 7 40.228298950570000
  5 8 101.44848743467900
  5 9 41.840674223784198
  5 10 101.19336641819100
  5 11 41.995997772635597
  5 12 50.303354381361800
  5 13 50.719896490164999
  5 14 101.43169256987601
  6 1 -17.280106853442501
  6 2 -8.7807652204613298
  6 3 -8.4929198091813607
  6 4 -19.052488738458500
  6 5 42.224084216000598
  6 7 -18.925929304159801
  6 8 41.840674223784198
  6 9 -17.039961489529400
  6 10 42.195271944192001
  6 11 -17.098854561055500
  6 12 -8.4846149374146904
  6 13 -8.7045867874866598
  6 14 41.995997772635597
  7 1 -19.052488738458500
  7 2 -10.359516268784500
  7 3 -10.359516268784500
  7 4 -20.677520422966701
  7 5 40.228298950570000
  7 6 -18.925929304159801
  7 8 40.351364100967103
  7 9 -19.052488738458500
  7 10 40.351364100967103
  7 11 -18.925929304159801
  7 12 -10.399658045961599
  7 13 -10.399658045961599
  7 14 40.228298950570000
  8 1 41.995997772635597
  8 2 50.303354381361800
  8 3 50.719896490164999
  8 4 40.228298950570000
  8 5 101.44848743467900
  8 6 41.840674223784198
  8 7 40.351364100967103
  8 9 42.224084216000598
  8 10 101.43169256987601
  8 11 42.192646018957198
  8 12 50.727361703355797
  8 13 50.358647098110303
  8 14 101.19336641819100
  9 1 -17.098854561055500
  9 2 -8.4846149374146904
  9 3 -8.7045867874866598
  9 4 -18.925929304159801
  9 5 41.840674223784198
  9 6 -17.039961489529400
  9 7 -19.052488738458500
  9 8 42.224084216000598
  9 10 41.995997772635597
  9 11 -17.280106853442501
  9 12 -8.7807652204613298
  9 13 -8.4929198091813607
  9 14 42.194716755018199
  10 1 42.224084216000598
  10 2 50.719896490164999
  10 3 50.303354381361800
  10 4 40.228298950570000
  10 5 101.19336641819100
  10 6 42.195271944192001
  10 7 40.351364100967103
  10 8 101.43169256987601
  10 9 41.995997772635597
  10 11 41.840674223784198
  10 12 50.358647098110303
  10 13 50.727361703355797
  10 14 101.44848743467900
  11 1 -17.039961489529400
  11 2 -8.4929198091813607
  11 3 -8.7807652204613298
  11 4 -19.052488738458500
  11 5 41.995997772635597
  11 6 -17.098854561055500
  11 7 -18.925929304159801
  11 8 42.192646018957198
  11 9 -17.280106853442501
  11 10 41.840674223784198
  11 12 -8.7045867874866598
  11 13 -8.4846149374146904
  11 14 42.224084216000598
  12 1 -8.4929198091813607
  12 2 0.25049480694812050E-003
  12 3 -0.50934946608521903
  12 4 -10.359516268784500
  12 5 50.303354381361800
  12 6 -8.4846149374146904
  12 7 -10.399658045961599
  12 8 50.727361703355797
  12 9 -8.7807652204613298
  12 10 50.358647098110303
  12 11 -8.7045867874866598
  12 14 50.719896490164999
  13 1 -8.7807652204613298
  13 2 -0.50934946608521903
  13 3 0.25049480694812050E-003
  13 4 -10.359516268784500
  13 5 50.719896490164999
  13 6 -8.7045867874866598
  13 7 -10.399658045961599
  13 8 50.358647098110303
  13 9 -8.4929198091813607
  13 10 50.727361703355797
  13 11 -8.4846149374146904
  13 14 50.303354381361800
  14 1 41.840674223784198
  14 2 50.358647098110303
  14 3 50.727361703355797
  14 4 40.351364100967103
  14 5 101.43169256987601
  14 6 41.995997772635597
  14 7 40.228298950570000
  14 8 101.19336641819100
  14 9 42.194716755018199
  14 10 101.44848743467900
  14 11 42.224084216000598
  14 12 50.719896490164999
  14 13 50.303354381361800
TERM-ud
  1 2 7.1723681295276602
  1 3 7.3001568431601500
  1 4 15.960202509284400
  1 5 -36.197342927302401
  1 6 14.298518012271400
  1 7 15.840315263668000
  1 8 -36.349237397785103
  1 9 14.475676883710500
  1 10 -36.207364258551003
  1 11 14.519778169145599
  1 12 7.3184508066768403
  1 13 7.1159539959083498
  1 14 -36.470673276846000
  2 1 7.1723681295276602
  2 4 8.7808629701653107
  2 5 -43.506929220852697
  2 6 7.1159539959083498
  2 7 8.7707525255754302
  2 8 -43.776799231687797
  2 9 7.3001568431601500
  2 10 -43.475858337813300
  2 11 7.3184508066768403
  2 12 -0.24646293008631519E-001
  2 13 -0.39084862347200000
  2 14 -43.710134450879202
  3 1 7.3001568431601500
  3 4 8.7808629701653107
  3 5 -43.710134450879202
  3 6 7.3184508066768403
  3 7 8.7707525255754302
  3 8 -43.475858337813300
  3 9 7.1723681295276602
  3 10 -43.776799231687797
  3 11 7.1159539959083498
  3 12 -0.39084862347200000
  3 13 -0.24646293008631519E-001
  3 14 -43.506929220852697
  4 1 15.960202509284400
  4 2 8.7808629701653107
  4 3 8.7808629701653107
  4 5 -34.731726292312999
  4 6 15.840315263668000
  4 7 17.565417814183999
  4 8 -34.806707977602599
  4 9 15.960202509284400
  4 10 -34.806707977602599
  4 11 15.840315263668000
  4 12 8.7707525255754302
  4 13 8.7707525255754302
  4 14 -34.731726292312999
  5 1 -36.197342927302401
  5 2 -43.506929220852697
  5 3 -43.710134450879202
  5 4 -34.731726292312999
  5 6 -36.207364258551003
  5 7 -34.806707977602599
  5 8 -87.003371653895599
  5 9 -36.470673276846000
  5 10 -87.052325204303799
  5 11 -36.349237397785103
  5 12 -43.776799231687797
  5 13 -43.475858337813300
  5 14 -86.953973725991304
  6 1 14.298518012271400
  6 2 7.1159539959083498
  6 3 7.3184508066768403
  6 4 15.840315263668000
  6 5 -36.207364258551003
  6 7 15.960202509284400
  6 8 -36.470673276846000
  6 9 14.519778169145599
  6 10 -36.194958157288703
  6 11 14.475676883710500
  6 12 7.3001568431601500
  6 13 7.1723681295276602
  6 14 -36.349237397785103
  7 1 15.840315263668000
  7 2 8.7707525255754302
  7 3 8.7707525255754302
  7 4 17.565417814183999
  7 5 -34.806707977602599
  7 6 15.960202509284400
  7 8 -34.731726292312999
  7 9 15.840315263668000
  7 10 -34.731726292312999
  7 11 15.960202509284400
  7 12 8.7807812081855499
  7 13 8.7807812081855499
  7 14 -34.806707977602599
  8 1 -36.349237397785103
  8 2 -43.776799231687797
  8 3 -43.475858337813300
  8 4 -34.806707977602599
  8 5 -87.003371653895599
  8 6 -36.470673276846000
  8 7 -34.731726292312999
  8 9 -36.207364258551003
  8 10 -86.953973725991304
  8 11 -36.196084407237002
  8 12 -43.506929220852697
  8 13 -43.710134450879202
  8 14 -87.052325204303799
  9 1 14.475676883710500
  9 2 7.3001568431601500
  9 3 7.1723681295276602
  9 4 15.960202509284400
  9 5 -36.470673276846000
  9 6 14.519778169145599
  9 7 15.840315263668000
  9 8 -36.207364258551003
  9 10 -36.349237397785103
  9 11 14.298518012271400
  9 12 7.1159539959083498
  9 13 7.3184508066768403
  9 14 -36.195952632269702
  10 1 -36.207364258551003
  10 2 -43.475858337813300
  10 3 -43.776799231687797
  10 4 -34.806707977602599
  10 5 -87.052325204303799
  10 6 -36.194958157288703
  10 7 -34.731726292312999
  10 8 -86.953973725991304
  10 9 -36.349237397785103
  10 11 -36.470673276846000
  10 12 -43.710134450879202
  10 13 -43.506929220852697
  10 14 -87.003371653895599
  11 1 14.519778169145599
  11 2 7.3184508066768403
  11 3 7.1159539959083498
  11 4 15.840315263668000
  11 5 -36.349237397785103
  11 6 14.475676883710500
  11 7 15.960202509284400
  11 8 -36.196084407237002
  11 9 14.298518012271400
  11 10 -36.470673276846000
  11 12 7.1723681295276602
  11 13 7.3001568431601500
  11 14 -36.207364258551003
  12 1 7.3184508066768403
  12 2 -0.24646293008631519E-001
  12 3 -0.39084862347200000
  12 4 8.7707525255754302
  12 5 -43.776799231687797
  12 6 7.3001568431601500
  12 7 8.7807812081855499
  12 8 -43.506929220852697
  12 9 7.1159539959083498
  12 10 -43.710134450879202
  12 11 7.1723681295276602
  12 14 -43.475858337813300
  13 1 7.1159539959083498
  13 2 -0.39084862347200000
  13 3 -0.24646293008631519E-001
  13 4 8.7707525255754302
  13 5 -43.475858337813300
  13 6 7.1723681295276602
  13 7 8.7807812081855499
  13 8 -43.710134450879202
  13 9 7.3184508066768403
  13 10 -43.506929220852697
  13 11 7.3001568431601500
  13 14 -43.776799231687797
  14 1 -36.470673276846000
  14 2 -43.710134450879202
  14 3 -43.506929220852697
  14 4 -34.731726292312999
  14 5 -86.953973725991304
  14 6 -36.349237397785103
  14 7 -34.806707977602599
  14 8 -87.052325204303799
  14 9 -36.195952632269702
  14 10 -87.003371653895599
  14 11 -36.207364258551003
  14 12 -43.475858337813300
  14 13 -43.776799231687797
TERM-du
  1 2 7.1723681295276602
  1 3 7.3001568431601500
  1 4 15.960202509284400
  1 5 -36.197342927302401
  1 6 14.298518012271400
  1 7 15.840315263668000
  1 8 -36.349237397785103
  1 9 14.475676883710500
  1 10 -36.207364258551003
  1 11 14.519778169145599
  1 12 7.3184508066768403
  1 13 7.1159539959083498
  1 14 -36.470673276846000
  2 1 7.1723681295276602
  2 4 8.7808629701653107
  2 5 -43.506929220852697
  2 6 7.1159539959083498
  2 7 8.7707525255754302
  2 8 -43.776799231687797
  2 9 7.3001568431601500
  2 10 -43.475858337813300
  2 11 7.3184508066768403
  2 12 -0.24646293008631519E-001
  2 13 -0.39084862347200000
  2 14 -43.710134450879202
  3 1 7.3001568431601500
  3 4 8.7808629701653107
  3 5 -43.710134450879202
  3 6 7.3184508066768403
  3 7 8.7707525255754302
  3 8 -43.475858337813300
  3 9 7.1723681295276602
  3 10 -43.776799231687797
  3 11 7.1159539959083498
  3 12 -0.39084862347200000
  3 13 -0.24646293008631519E-001
  3 14 -43.506929220852697
  4 1 15.960202509284400
  4 2 8.7808629701653107
  4 3 8.7808629701653107
  4 5 -34.731726292312999
  4 6 15.840315263668000
  4 7 17.565417814183999
  4 8 -34.806707977602599
  4 9 15.960202509284400
  4 10 -34.806707977602599
  4 11 15.840315263668000
  4 12 8.7707525255754302
  4 13 8.7707525255754302
  4 14 -34.731726292312999
  5 1 -36.197342927302401
  5 2 -43.506929220852697
  5 3 -43.710134450879202
  5 4 -34.731726292312999
  5 6 -36.207364258551003
  5 7 -34.806707977602599
  5 8 -87.003371653895599
  5 9 -36.470673276846000
  5 10 -87.052325204303799
  5 11 -36.349237397785103
  5 12 -43.776799231687797
  5 13 -43.475858337813300
  5 14 -86.953973725991304
  6 1 14.298518012271400
  6 2 7.1159539959083498
  6 3 7.3184508066768403
  6 4 15.840315263668000
  6 5 -36.207364258551003
  6 7 15.960202509284400
  6 8 -36.470673276846000
  6 9 14.519778169145599
  6 10 -36.194958157288703
  6 11 14.475676883710500
  6 12 7.3001568431601500
  6 13 7.1723681295276602
  6 14 -36.349237397785103
  7 1 15.840315263668000
  7 2 8.7707525255754302
  7 3 8.7707525255754302
  7 4 17.565417814183999
  7 5 -34.806707977602599
  7 6 15.960202509284400
  7 8 -34.731726292312999
  7 9 15.840315263668000
  7 10 -34.731726292312999
  7 11 15.960202509284400
  7 12 8.7807812081855499
  7 13 8.7807812081855499
  7 14 -34.806707977602599
  8 1 -36.349237397785103
  8 2 -43.776799231687797
  8 3 -43.475858337813300
  8 4 -34.806707977602599
  8 5 -87.003371653895599
  8 6 -36.470673276846000
  8 7 -34.731726292312999
  8 9 -36.207364258551003
  8 10 -86.953973725991304
  8 11 -36.196084407237002
  8 12 -43.506929220852697
  8 13 -43.710134450879202
  8 14 -87.052325204303799
  9 1 14.475676883710500
  9 2 7.3001568431601500
  9 3 7.1723681295276602
  9 4 15.960202509284400
  9 5 -36.470673276846000
  9 6 14.519778169145599
  9 7 15.840315263668000
  9 8 -36.207364258551003
  9 10 -36.349237397785103
  9 11 14.298518012271400
  9 12 7.1159539959083498
  9 13 7.3184508066768403
  9 14 -36.195952632269702
  10 1 -36.207364258551003
  10 2 -43.475858337813300
  10 3 -43.776799231687797
  10 4 -34.806707977602599
  10 5 -87.052325204303799
  10 6 -36.194958157288703
  10 7 -34.731726292312999
  10 8 -86.953973725991304
  10 9 -36.349237397785103
  10 11 -36.470673276846000
  10 12 -43.710134450879202
  10 13 -43.506929220852697
  10 14 -87.003371653895599
  11 1 14.519778169145599
  11 2 7.3184508066768403
  11 3 7.1159539959083498
  11 4 15.840315263668000
  11 5 -36.349237397785103
  11 6 14.475676883710500
  11 7 15.960202509284400
  11 8 -36.196084407237002
  11 9 14.298518012271400
  11 10 -36.470673276846000
  11 12 7.1723681295276602
  11 13 7.3001568431601500
  11 14 -36.207364258551003
  12 1 7.3184508066768403
  12 2 -0.24646293008631519E-001
  12 3 -0.39084862347200000
  12 4 8.7707525255754302
  12 5 -43.776799231687797
  12 6 7.3001568431601500
  12 7 8.7807812081855499
  12 8 -43.506929220852697
  12 9 7.1159539959083498
  12 10 -43.710134450879202
  12 11 7.1723681295276602
  12 14 -43.475858337813300
  13 1 7.1159539959083498
  13 2 -0.39084862347200000
  13 3 -0.24646293008631519E-001
  13 4 8.7707525255754302
  13 5 -43.475858337813300
  13 6 7.1723681295276602
  13 7 8.7807812081855499
  13 8 -43.710134450879202
  13 9 7.3184508066768403
  13 10 -43.506929220852697
  13 11 7.3001568431601500
  13 14 -43.776799231687797
  14 1 -36.470673276846000
  14 2 -43.710134450879202
  14 3 -43.506929220852697
  14 4 -34.731726292312999
  14 5 -86.953973725991304
  14 6 -36.349237397785103
  14 7 -34.806707977602599
  14 8 -87.052325204303799
  14 9 -36.195952632269702
  14 10 -87.003371653895599
  14 11 -36.207364258551003
  14 12 -43.475858337813300
  14 13 -43.776799231687797
TERM-dd
  1 2 -8.7045867874866598
  1 3 -8.4846149374146904
  1 4 -18.925929304159801
  1 5 42.195169983084298
  1 6 -17.280106853442501
  1 7 -19.052488738458500
  1 8 41.995997772635597
  1 9 -17.098854561055500
  1 10 42.224084216000598
  1 11 -17.039961489529400
  1 12 -8.4929198091813607
  1 13 -8.7807652204613298
  1 14 41.840674223784198
  2 1 -8.7045867874866598
  2 4 -10.398780538208200
  2 5 50.727361703355797
  2 6 -8.7807652204613298
  2 7 -10.359516268784500
  2 8 50.303354381361800
  2 9 -8.4846149374146904
  2 10 50.719896490164999
  2 11 -8.4929198091813607
  2 12 0.25049480694812050E-003
  2 13 -0.50934946608521903
  2 14 50.358647098110303
  3 1 -8.4846149374146904
  3 4 -10.398780538208200
  3 5 50.358647098110303
  3 6 -8.4929198091813607
  3 7 -10.359516268784500
  3 8 50.719896490164999
  3 9 -8.7045867874866598
  3 10 50.303354381361800
  3 11 -8.7807652204613298
  3 12 -0.50934946608521903
  3 13 0.25049480694812050E-003
  3 14 50.727361703355797
  4 1 -18.925929304159801
  4 2 -10.398780538208200
  4 3 -10.398780538208200
  4 5 40.351364100967103
  4 6 -19.052488738458500
  4 7 -20.677520422966701
  4 8 40.228298950570000
  4 9 -18.925929304159801
  4 10 40.228298950570000
  4 11 -19.052488738458500
  4 12 -10.359516268784500
  4 13 -10.359516268784500
  4 14 40.351364100967103
  5 1 42.195169983084298
  5 2 50.727361703355797
  5 3 50.358647098110303
  5 4 40.351364100967103
  5 6 42.224084216000598
  5 7 40.228298950570000
  5 8 101.44848743467900
  5 9 41.840674223784198
  5 10 101.19336641819100
  5 11 41.995997772635597
  5 12 50.303354381361800
  5 13 50.719896490164999
  5 14 101.43169256987601
  6 1 -17.280106853442501
  6 2 -8.7807652204613298
  6 3 -8.4929198091813607
  6 4 -19.052488738458500
  6 5 42.224084216000598
  6 7 -18.925929304159801
  6 8 41.840674223784198
  6 9 -17.039961489529400
  6 10 42.195271944192001
  6 11 -17.098854561055500
  6 12 -8.4846149374146904
  6 13 -8.7045867874866598
  6 14 41.995997772635597
  7 1 -19.052488738458500
  7 2 -10.359516268784500
  7 3 -10.359516268784500
  7 4 -20.677520422966701
  7 5 40.228298950570000
  7 6 -18.925929304159801
  7 8 40.351364100967103
  7 9 -19.052488738458500
  7 10 40.351364100967103
  7 11 -18.925929304159801
  7 12 -10.399658045961599
  7 13 -10.399658045961599
  7 14 40.228298950570000
  8 1 41.995997772635597
  8 2 50.303354381361800
  8 3 50.719896490164999
  8 4 40.228298950570000
  8 5 101.44848743467900
  8 6 41.840674223784198
  8 7 40.351364100967103
  8 9 42.224084216000598
  8 10 101.43169256987601
  8 11 42.192646018957198
  8 12 50.727361703355797
  8 13 50.358647098110303
  8 14 101.19336641819100
  9 1 -17.098854561055500
  9 2 -8.4846149374146904
  9 3 -8.7045867874866598
  9 4 -18.925929304159801
  9 5 41.840674223784198
  9 6 -17.039961489529400
  9 7 -19.052488738458500
  9 8 42.224084216000598
  9 10 41.995997772635597
  9 11 -17.280106853442501
  9 12 -8.7807652204613298
  9 13 -8.4929198091813607
  9 14 42.194716755018199
  10 1 42.224084216000598
  10 2 50.719896490164999
  10 3 50.303354381361800
  10 4 40.228298950570000
  10 5 101.19336641819100
  10 6 42.195271944192001
  10 7 40.351364100967103
  10 8 101.43169256987601
  10 9 41.995997772635597
  10 11 41.840674223784198
  10 12 50.358647098110303
  10 13 50.727361703355797
  10 14 101.44848743467900
  11 1 -17.039961489529400
  11 2 -8.4929198091813607
  11 3 -8.7807652204613298
  11 4 -19.052488738458500
  11 5 41.995997772635597
  11 6 -17.098854561055500
  11 7 -18.925929304159801
  11 8 42.192646018957198
  11 9 -17.280106853442501
  11 10 41.840674223784198
  11 12 -8.7045867874866598
  11 13 -8.4846149374146904
  11 14 42.224084216000598
  12 1 -8.4929198091813607
  12 2 0.25049480694812050E-003
  12 3 -0.50934946608521903
  12 4 -10.359516268784500
  12 5 50.303354381361800
  12 6 -8.4846149374146904
  12 7 -10.399658045961599
  12 8 50.727361703355797
  12 9 -8.7807652204613298
  12 10 50.358647098110303
  12 11 -8.7045867874866598
  12 14 50.719896490164999
  13 1 -8.7807652204613298
  13 2 -0.50934946608521903
  13 3 0.25049480694812050E-003
  13 4 -10.359516268784500
  13 5 50.719896490164999
  13 6 -8.7045867874866598
  13 7 -10.399658045961599
  13 8 50.358647098110303
  13 9 -8.4929198091813607
  13 10 50.727361703355797
  13 11 -8.4846149374146904
  13 14 50.303354381361800
  14 1 41.840674223784198
  14 2 50.358647098110303
  14 3 50.727361703355797
  14 4 40.351364100967103
  14 5 101.43169256987601
  14 6 41.995997772635597
  14 7 40.228298950570000
  14 8 101.19336641819100
  14 9 42.194716755018199
  14 10 101.44848743467900
  14 11 42.224084216000598
  14 12 50.719896490164999
  14 13 50.303354381361800
TERM-20
  1 2 1.5371508985437199
  1 3 1.1863029194594701
  1 4 2.9536250870681200
  1 5 -5.9918977119882602
  1 6 3.0217604414154802
  1 7 3.2687908162598500
  1 8 -5.6542332891365001
  1 9 2.6012235285497098
  1 10 -6.0171170360129400
  1 11 2.5242185021044099
  1 12 1.1744148454596299
  1 13 1.6371072234280499
  1 14 -5.3094330699798000
  2 1 1.5365514317361000
  2 4 1.6221968094453101
  2 5 -7.2205183084516698
  2 6 1.6317690644402001
  2 7 1.5871404370206701
  2 8 -6.4316679563366597
  2 9 1.1862179762873399
  2 10 -7.2446629385793502
  2 11 1.1724466745571200
  2 12 0.24486388123906262E-001
  2 13 1.0099531290386701
  2 14 -6.6911035692773702
  3 1 1.1862179762873399
  3 4 1.6221968094453101
  3 5 -6.6911035692773702
  3 6 1.1724466745571200
  3 7 1.5871404370206701
  3 8 -7.2446629385793502
  3 9 1.5365514317361000
  3 10 -6.4316679563366597
  3 11 1.6317690644402001
  3 12 1.0099531290386701
  3 13 0.24486388123906262E-001
  3 14 -7.2205183084516698
  4 1 2.9524933074316499
  4 2 1.6253907986127800
  4 3 1.6253907986127800
  4 5 -5.6181011090230797
  4 6 3.2615670047294101
  4 7 3.1082707140652102
  4 8 -5.4362439457442902
  4 9 2.9524933074316499
  4 10 -5.4362439457442902
  4 11 3.2615670047294101
  4 12 1.5889937493552699
  4 13 1.5889937493552699
  4 14 -5.6181011090230797
  5 1 -5.9907191998360396
  5 2 -7.2201960946710404
  5 3 -6.6894837659454103
  5 4 -5.6180730794157796
  5 6 -6.0173943762803104
  5 7 -5.4404359093077996
  5 8 -14.445209110181899
  5 9 -5.3204800689746596
  5 10 -14.149102866199300
  5 11 -5.6566727372392398
  5 12 -6.4247117810341603
  5 13 -7.2446846635056499
  5 14 -14.474401918499000
  6 1 3.0217604414154802
  6 2 1.6371072234280499
  6 3 1.1744148454596299
  6 4 3.2687908162598500
  6 5 -6.0171170360129400
  6 7 2.9536250870681200
  6 8 -5.3094330699798000
  6 9 2.5242185021044099
  6 10 -5.9919943757755396
  6 11 2.6012235285497098
  6 12 1.1863029194594701
  6 13 1.5371508985437199
  6 14 -5.6542332891365001
  7 1 3.2615670047294101
  7 2 1.5889937493552699
  7 3 1.5889937493552699
  7 4 3.1082707140652102
  7 5 -5.4362439457442902
  7 6 2.9524933074316499
  7 8 -5.6181011090230797
  7 9 3.2615670047294101
  7 10 -5.6181011090230797
  7 11 2.9524933074316499
  7 12 1.6243700610304199
  7 13 1.6243700610304199
  7 14 -5.4362439457442902
  8 1 -5.6566727372392398
  8 2 -6.4247117810341603
  8 3 -7.2446846635056499
  8 4 -5.4404359093077996
  8 5 -14.445209110181899
  8 6 -5.3204800689746596
  8 7 -5.6180730794157796
  8 9 -6.0173943762803104
  8 10 -14.474401918499000
  8 11 -5.9912704600479900
  8 12 -7.2201960946710404
  8 13 -6.6894837659454103
  8 14 -14.149102866199300
  9 1 2.6012235285497098
  9 2 1.1863029194594701
  9 3 1.5371508985437199
  9 4 2.9536250870681200
  9 5 -5.3094330699798000
  9 6 2.5242185021044099
  9 7 3.2687908162598500
  9 8 -6.0171170360129400
  9 10 -5.6542332891365001
  9 11 3.0217604414154802
  9 12 1.6371072234280499
  9 13 1.1744148454596299
  9 14 -5.9924515872000503
  10 1 -6.0173943762803104
  10 2 -7.2446846635056499
  10 3 -6.4247117810341603
  10 4 -5.4404359093077996
  10 5 -14.149102866199300
  10 6 -5.9938822903821496
  10 7 -5.6180730794157796
  10 8 -14.474401918499000
  10 9 -5.6566727372392398
  10 11 -5.3204800689746596
  10 12 -6.6894837659454103
  10 13 -7.2201960946710404
  10 14 -14.445209110181899
  11 1 2.5242185021044099
  11 2 1.1744148454596299
  11 3 1.6371072234280499
  11 4 3.2687908162598500
  11 5 -5.6542332891365001
  11 6 2.6012235285497098
  11 7 2.9536250870681200
  11 8 -5.9924411612240602
  11 9 3.0217604414154802
  11 10 -5.3094330699798000
  11 12 1.5371508985437199
  11 13 1.1863029194594701
  11 14 -6.0171170360129400
  12 1 1.1724466745571200
  12 2 0.24486388123906262E-001
  12 3 1.0099531290386701
  12 4 1.5871404370206701
  12 5 -6.4316679563366597
  12 6 1.1862179762873399
  12 7 1.6218073837516001
  12 8 -7.2205183084516698
  12 9 1.6317690644402001
  12 10 -6.6911035692773702
  12 11 1.5365514317361000
  12 14 -7.2446629385793502
  13 1 1.6317690644402001
  13 2 1.0099531290386701
  13 3 0.24486388123906262E-001
  13 4 1.5871404370206701
  13 5 -7.2446629385793502
  13 6 1.5365514317361000
  13 7 1.6218073837516001
  13 8 -6.6911035692773702
  13 9 1.1724466745571200
  13 10 -7.2205183084516698
  13 11 1.1862179762873399
  13 14 -6.4316679563366597
  14 1 -5.3204800689746596
  14 2 -6.6894837659454103
  14 3 -7.2201960946710404
  14 4 -5.6180730794157796
  14 5 -14.474401918499000
  14 6 -5.6566727372392398
  14 7 -5.4404359093077996
  14 8 -14.149102866199300
  14 9 -5.9921931464484004
  14 10 -14.445209110181899
  14 11 -6.0173943762803104
  14 12 -7.2446846635056499
  14 13 -6.4247117810341603
