TERM-SELF
  1 .6969285409404610
  2 1.076630628485150
  3 1.076630628485150
  4 .6607909898059360
  5 .7043127710618130
  6 .6969285409404610
  7 .6607909898059360
  8 .7043127710618130
  9 .6969285409404610
  10 .7043127710618130
  11 .6969285409404610
  12 1.076630628485150
  13 1.076630628485150
  14 .7043127710618130
TERM-u0
  1 1 2 -.2677787943237209E-01
  1 1 3 -.1785303042753178E-01
  1 1 4 -.3338679473378546E-01
  1 1 5 .3095144256047854E-01
  1 1 6 .2284879719089160
  1 1 7 .1270833873834310
  1 1 8 -.1442414069952906E-01
  1 1 9 .5782762173609762E-01
  1 1 10 -.4067634974515493E-03
  1 1 11 .2995896266893789E-01
  1 1 12 -.1565615186716452E-01
  1 1 13 .4535641322144728E-02
  1 1 14 .2057338100706930
  1 2 1 -.2677787943237209E-01
  1 2 3 .2094854959455510E-01
  1 2 4 -.3649266535340981E-01
  1 2 5 .1101112960016629E-01
  1 2 6 .4535641322144728E-02
  1 2 7 .1276344126710049E-01
  1 2 8 -.2342515504343000
  1 2 9 -.1785303042753178E-01
  1 2 10 -.1424200049005751E-01
  1 2 11 .1565615186716452E-01
  1 2 12 .6896605827142045E-01
  1 2 13 .2745333057762720
  1 2 14 -.2405023006730893E-01
  1 3 1 -.1785303042753178E-01
  1 3 2 .2094854959455510E-01
  1 3 4 .3649266535340981E-01
  1 3 5 -.2405023006730893E-01
  1 3 6 -.1565615186716452E-01
  1 3 7 -.1276344126710049E-01
  1 3 8 .1424200049005751E-01
  1 3 9 -.2677787943237209E-01
  1 3 10 .2342515504343000
  1 3 11 -.4535641322144728E-02
  1 3 12 .2745333057762720
  1 3 13 .6896605827142045E-01
  1 3 14 .1101112960016629E-01
  1 4 1 -.3338679473378546E-01
  1 4 2 -.3649266535340981E-01
  1 4 3 .3649266535340981E-01
  1 4 5 -.1579258720006883E-01
  1 4 6 .1270833873834310
  1 4 7 .1305057284727930
  1 4 8 .5673520115018948E-01
  1 4 9 .3338679473378546E-01
  1 4 10 .5673520115018948E-01
  1 4 11 .1270833873834310
  1 4 12 -.1276344126710049E-01
  1 4 13 .1276344126710049E-01
  1 4 14 .1579258720006883E-01
  1 5 1 .3095144256047854E-01
  1 5 2 .1101112960016629E-01
  1 5 3 -.2405023006730893E-01
  1 5 4 -.1579258720006883E-01
  1 5 6 -.4067634974515493E-03
  1 5 7 .5673520115018948E-01
  1 5 8 -.3314394776093261E-01
  1 5 9 .2057338100706930
  1 5 10 -.5200806988082753E-01
  1 5 11 -.1442414069952906E-01
  1 5 12 .2342515504343000
  1 5 13 -.1424200049005751E-01
  1 5 14 .1208459276439289E-02
  1 6 1 .2284879719089160
  1 6 2 .4535641322144728E-02
  1 6 3 -.1565615186716452E-01
  1 6 4 .1270833873834310
  1 6 5 -.4067634974515493E-03
  1 6 7 -.3338679473378546E-01
  1 6 8 -.2057338100706930
  1 6 9 -.2995896266893789E-01
  1 6 10 .2855666136607671E-01
  1 6 11 -.5782762173609762E-01
  1 6 12 -.1785303042753178E-01
  1 6 13 -.2677787943237209E-01
  1 6 14 .1442414069952906E-01
  1 7 1 .1270833873834310
  1 7 2 .1276344126710049E-01
  1 7 3 -.1276344126710049E-01
  1 7 4 .1305057284727930
  1 7 5 .5673520115018948E-01
  1 7 6 -.3338679473378546E-01
  1 7 8 -.1579258720006883E-01
  1 7 9 -.1270833873834310
  1 7 10 -.1579258720006883E-01
  1 7 11 -.3338679473378546E-01
  1 7 12 .3744933499476606E-01
  1 7 13 -.3744933499476606E-01
  1 7 14 -.5673520115018948E-01
  1 8 1 -.1442414069952906E-01
  1 8 2 -.2342515504343000
  1 8 3 .1424200049005751E-01
  1 8 4 .5673520115018948E-01
  1 8 5 -.3314394776093261E-01
  1 8 6 -.2057338100706930
  1 8 7 -.1579258720006883E-01
  1 8 9 .4067634974515493E-03
  1 8 10 -.1208459276439289E-02
  1 8 11 .3046803696763460E-01
  1 8 12 -.1101112960016629E-01
  1 8 13 .2405023006730893E-01
  1 8 14 .5200806988082753E-01
  1 9 1 .5782762173609762E-01
  1 9 2 -.1785303042753178E-01
  1 9 3 -.2677787943237209E-01
  1 9 4 .3338679473378546E-01
  1 9 5 .2057338100706930
  1 9 6 -.2995896266893789E-01
  1 9 7 -.1270833873834310
  1 9 8 .4067634974515493E-03
  1 9 10 .1442414069952906E-01
  1 9 11 -.2284879719089160
  1 9 12 .4535641322144728E-02
  1 9 13 -.1565615186716452E-01
  1 9 14 .3154622813705724E-01
  1 10 1 -.4067634974515493E-03
  1 10 2 -.1424200049005751E-01
  1 10 3 .2342515504343000
  1 10 4 .5673520115018948E-01
  1 10 5 -.5200806988082753E-01
  1 10 6 .2855666136607671E-01
  1 10 7 -.1579258720006883E-01
  1 10 8 -.1208459276439289E-02
  1 10 9 .1442414069952906E-01
  1 10 11 -.2057338100706930
  1 10 12 -.2405023006730893E-01
  1 10 13 .1101112960016629E-01
  1 10 14 .3314394776093261E-01
  1 11 1 .2995896266893789E-01
  1 11 2 .1565615186716452E-01
  1 11 3 -.4535641322144728E-02
  1 11 4 .1270833873834310
  1 11 5 -.1442414069952906E-01
  1 11 6 -.5782762173609762E-01
  1 11 7 -.3338679473378546E-01
  1 11 8 .3046803696763460E-01
  1 11 9 -.2284879719089160
  1 11 10 -.2057338100706930
  1 11 12 .2677787943237209E-01
  1 11 13 .1785303042753178E-01
  1 11 14 .4067634974515493E-03
  1 12 1 -.1565615186716452E-01
  1 12 2 .6896605827142045E-01
  1 12 3 .2745333057762720
  1 12 4 -.1276344126710049E-01
  1 12 5 .2342515504343000
  1 12 6 -.1785303042753178E-01
  1 12 7 .3744933499476606E-01
  1 12 8 -.1101112960016629E-01
  1 12 9 .4535641322144728E-02
  1 12 10 -.2405023006730893E-01
  1 12 11 .2677787943237209E-01
  1 12 13 .2094854959455510E-01
  1 12 14 -.1424200049005751E-01
  1 13 1 .4535641322144728E-02
  1 13 2 .2745333057762720
  1 13 3 .6896605827142045E-01
  1 13 4 .1276344126710049E-01
  1 13 5 -.1424200049005751E-01
  1 13 6 -.2677787943237209E-01
  1 13 7 -.3744933499476606E-01
  1 13 8 .2405023006730893E-01
  1 13 9 -.1565615186716452E-01
  1 13 10 .1101112960016629E-01
  1 13 11 .1785303042753178E-01
  1 13 12 .2094854959455510E-01
  1 13 14 .2342515504343000
  1 14 1 .2057338100706930
  1 14 2 -.2405023006730893E-01
  1 14 3 .1101112960016629E-01
  1 14 4 .1579258720006883E-01
  1 14 5 .1208459276439289E-02
  1 14 6 .1442414069952906E-01
  1 14 7 -.5673520115018948E-01
  1 14 8 .5200806988082753E-01
  1 14 9 .3154622813705724E-01
  1 14 10 .3314394776093261E-01
  1 14 11 .4067634974515493E-03
  1 14 12 -.1424200049005751E-01
  1 14 13 .2342515504343000
TERM-ud
  1 1 2 -.3443752441722678E-01
  1 1 3 -.6769787077792215E-02
  1 1 4 -.6630938205644535E-02
  1 1 5 .6362406188968339E-02
  1 1 6 .1637841728160290
  1 1 7 .1118241687139720
  1 1 8 -.1455884603356711E-01
  1 1 9 .1356631648440839E-01
  1 1 10 .6281629478774543E-03
  1 1 11 .6330762692402685E-01
  1 1 12 -.1488919271102470E-01
  1 1 13 -.3808843311927747E-01
  1 1 14 .1092487330777470
  1 2 1 -.3443752441722678E-01
  1 2 3 .8256277626553480E-02
  1 2 4 -.2308780681915000E-01
  1 2 5 -.2715232548903673E-02
  1 2 6 -.3808843311927747E-01
  1 2 7 .5479476052910395E-02
  1 2 8 -.1802029236986340
  1 2 9 -.6769787077792215E-02
  1 2 10 -.1831935982113028E-01
  1 2 11 .1488919271102470E-01
  1 2 12 .3652264754380067E-01
  1 2 13 .1316604821676880
  1 2 14 -.2968571727941823E-02
  1 3 1 -.6769787077792215E-02
  1 3 2 .8256277626553480E-02
  1 3 4 .2308780681915000E-01
  1 3 5 -.2968571727941823E-02
  1 3 6 -.1488919271102470E-01
  1 3 7 -.5479476052910395E-02
  1 3 8 .1831935982113028E-01
  1 3 9 -.3443752441722678E-01
  1 3 10 .1802029236986340
  1 3 11 .3808843311927747E-01
  1 3 12 .1316604821676880
  1 3 13 .3652264754380067E-01
  1 3 14 -.2715232548903673E-02
  1 4 1 -.6630938205644535E-02
  1 4 2 -.2308780681915000E-01
  1 4 3 .2308780681915000E-01
  1 4 5 -.9887053139815714E-02
  1 4 6 .1118241687139720
  1 4 7 .1170100714982560
  1 4 8 .1023107303254060E-01
  1 4 9 .6630938205644535E-02
  1 4 10 .1023107303254060E-01
  1 4 11 .1118241687139720
  1 4 12 -.5479476052910395E-02
  1 4 13 .5479476052910395E-02
  1 4 14 .9887053139815714E-02
  1 5 1 .6362406188968339E-02
  1 5 2 -.2715232548903673E-02
  1 5 3 -.2968571727941823E-02
  1 5 4 -.9887053139815714E-02
  1 5 6 .6281629478774543E-03
  1 5 7 .1023107303254060E-01
  1 5 8 -.2805009077404940E-01
  1 5 9 .1092487330777470
  1 5 10 -.6340751124938078E-01
  1 5 11 -.1455884603356711E-01
  1 5 12 .1802029236986340
  1 5 13 -.1831935982113028E-01
  1 5 14 -.3883089805902130E-02
  1 6 1 .1637841728160290
  1 6 2 -.3808843311927747E-01
  1 6 3 -.1488919271102470E-01
  1 6 4 .1118241687139720
  1 6 5 .6281629478774543E-03
  1 6 7 -.6630938205644535E-02
  1 6 8 -.1092487330777470
  1 6 9 -.6330762692402685E-01
  1 6 10 .3976740773434303E-02
  1 6 11 -.1356631648440839E-01
  1 6 12 -.6769787077792215E-02
  1 6 13 -.3443752441722678E-01
  1 6 14 .1455884603356711E-01
  1 7 1 .1118241687139720
  1 7 2 .5479476052910395E-02
  1 7 3 -.5479476052910395E-02
  1 7 4 .1170100714982560
  1 7 5 .1023107303254060E-01
  1 7 6 -.6630938205644535E-02
  1 7 8 -.9887053139815714E-02
  1 7 9 -.1118241687139720
  1 7 10 -.9887053139815714E-02
  1 7 11 -.6630938205644535E-02
  1 7 12 .2352648386214951E-01
  1 7 13 -.2352648386214951E-01
  1 7 14 -.1023107303254060E-01
  1 8 1 -.1455884603356711E-01
  1 8 2 -.1802029236986340
  1 8 3 .1831935982113028E-01
  1 8 4 .1023107303254060E-01
  1 8 5 -.2805009077404940E-01
  1 8 6 -.1092487330777470
  1 8 7 -.9887053139815714E-02
  1 8 9 -.6281629478774543E-03
  1 8 10 .3883089805902130E-02
  1 8 11 .4454184279355489E-02
  1 8 12 .2715232548903673E-02
  1 8 13 .2968571727941823E-02
  1 8 14 .6340751124938078E-01
  1 9 1 .1356631648440839E-01
  1 9 2 -.6769787077792215E-02
  1 9 3 -.3443752441722678E-01
  1 9 4 .6630938205644535E-02
  1 9 5 .1092487330777470
  1 9 6 -.6330762692402685E-01
  1 9 7 -.1118241687139720
  1 9 8 -.6281629478774543E-03
  1 9 10 .1455884603356711E-01
  1 9 11 -.1637841728160290
  1 9 12 -.3808843311927747E-01
  1 9 13 -.1488919271102470E-01
  1 9 14 .6007016131395909E-02
  1 10 1 .6281629478774543E-03
  1 10 2 -.1831935982113028E-01
  1 10 3 .1802029236986340
  1 10 4 .1023107303254060E-01
  1 10 5 -.6340751124938078E-01
  1 10 6 .3976740773434303E-02
  1 10 7 -.9887053139815714E-02
  1 10 8 .3883089805902130E-02
  1 10 9 .1455884603356711E-01
  1 10 11 -.1092487330777470
  1 10 12 -.2968571727941823E-02
  1 10 13 -.2715232548903673E-02
  1 10 14 .2805009077404940E-01
  1 11 1 .6330762692402685E-01
  1 11 2 .1488919271102470E-01
  1 11 3 .3808843311927747E-01
  1 11 4 .1118241687139720
  1 11 5 -.1455884603356711E-01
  1 11 6 -.1356631648440839E-01
  1 11 7 -.6630938205644535E-02
  1 11 8 .4454184279355489E-02
  1 11 9 -.1637841728160290
  1 11 10 -.1092487330777470
  1 11 12 .3443752441722678E-01
  1 11 13 .6769787077792215E-02
  1 11 14 -.6281629478774543E-03
  1 12 1 -.1488919271102470E-01
  1 12 2 .3652264754380067E-01
  1 12 3 .1316604821676880
  1 12 4 -.5479476052910395E-02
  1 12 5 .1802029236986340
  1 12 6 -.6769787077792215E-02
  1 12 7 .2352648386214951E-01
  1 12 8 .2715232548903673E-02
  1 12 9 -.3808843311927747E-01
  1 12 10 -.2968571727941823E-02
  1 12 11 .3443752441722678E-01
  1 12 13 .8256277626553480E-02
  1 12 14 -.1831935982113028E-01
  1 13 1 -.3808843311927747E-01
  1 13 2 .1316604821676880
  1 13 3 .3652264754380067E-01
  1 13 4 .5479476052910395E-02
  1 13 5 -.1831935982113028E-01
  1 13 6 -.3443752441722678E-01
  1 13 7 -.2352648386214951E-01
  1 13 8 .2968571727941823E-02
  1 13 9 -.1488919271102470E-01
  1 13 10 -.2715232548903673E-02
  1 13 11 .6769787077792215E-02
  1 13 12 .8256277626553480E-02
  1 13 14 .1802029236986340
  1 14 1 .1092487330777470
  1 14 2 -.2968571727941823E-02
  1 14 3 -.2715232548903673E-02
  1 14 4 .9887053139815714E-02
  1 14 5 -.3883089805902130E-02
  1 14 6 .1455884603356711E-01
  1 14 7 -.1023107303254060E-01
  1 14 8 .6340751124938078E-01
  1 14 9 .6007016131395909E-02
  1 14 10 .2805009077404940E-01
  1 14 11 -.6281629478774543E-03
  1 14 12 -.1831935982113028E-01
  1 14 13 .1802029236986340
TERM-d0
  2 1 2 -.2677787943237209E-01
  2 1 3 -.1785303042753178E-01
  2 1 4 -.3338679473378546E-01
  2 1 5 .3095144256047854E-01
  2 1 6 .2284879719089160
  2 1 7 .1270833873834310
  2 1 8 -.1442414069952906E-01
  2 1 9 .5782762173609762E-01
  2 1 10 -.4067634974515493E-03
  2 1 11 .2995896266893789E-01
  2 1 12 -.1565615186716452E-01
  2 1 13 .4535641322144728E-02
  2 1 14 .2057338100706930
  2 2 1 -.2677787943237209E-01
  2 2 3 .2094854959455510E-01
  2 2 4 -.3649266535340981E-01
  2 2 5 .1101112960016629E-01
  2 2 6 .4535641322144728E-02
  2 2 7 .1276344126710049E-01
  2 2 8 -.2342515504343000
  2 2 9 -.1785303042753178E-01
  2 2 10 -.1424200049005751E-01
  2 2 11 .1565615186716452E-01
  2 2 12 .6896605827142045E-01
  2 2 13 .2745333057762720
  2 2 14 -.2405023006730893E-01
  2 3 1 -.1785303042753178E-01
  2 3 2 .2094854959455510E-01
  2 3 4 .3649266535340981E-01
  2 3 5 -.2405023006730893E-01
  2 3 6 -.1565615186716452E-01
  2 3 7 -.1276344126710049E-01
  2 3 8 .1424200049005751E-01
  2 3 9 -.2677787943237209E-01
  2 3 10 .2342515504343000
  2 3 11 -.4535641322144728E-02
  2 3 12 .2745333057762720
  2 3 13 .6896605827142045E-01
  2 3 14 .1101112960016629E-01
  2 4 1 -.3338679473378546E-01
  2 4 2 -.3649266535340981E-01
  2 4 3 .3649266535340981E-01
  2 4 5 -.1579258720006883E-01
  2 4 6 .1270833873834310
  2 4 7 .1305057284727930
  2 4 8 .5673520115018948E-01
  2 4 9 .3338679473378546E-01
  2 4 10 .5673520115018948E-01
  2 4 11 .1270833873834310
  2 4 12 -.1276344126710049E-01
  2 4 13 .1276344126710049E-01
  2 4 14 .1579258720006883E-01
  2 5 1 .3095144256047854E-01
  2 5 2 .1101112960016629E-01
  2 5 3 -.2405023006730893E-01
  2 5 4 -.1579258720006883E-01
  2 5 6 -.4067634974515493E-03
  2 5 7 .5673520115018948E-01
  2 5 8 -.3314394776093261E-01
  2 5 9 .2057338100706930
  2 5 10 -.5200806988082753E-01
  2 5 11 -.1442414069952906E-01
  2 5 12 .2342515504343000
  2 5 13 -.1424200049005751E-01
  2 5 14 .1208459276439289E-02
  2 6 1 .2284879719089160
  2 6 2 .4535641322144728E-02
  2 6 3 -.1565615186716452E-01
  2 6 4 .1270833873834310
  2 6 5 -.4067634974515493E-03
  2 6 7 -.3338679473378546E-01
  2 6 8 -.2057338100706930
  2 6 9 -.2995896266893789E-01
  2 6 10 .2855666136607671E-01
  2 6 11 -.5782762173609762E-01
  2 6 12 -.1785303042753178E-01
  2 6 13 -.2677787943237209E-01
  2 6 14 .1442414069952906E-01
  2 7 1 .1270833873834310
  2 7 2 .1276344126710049E-01
  2 7 3 -.1276344126710049E-01
  2 7 4 .1305057284727930
  2 7 5 .5673520115018948E-01
  2 7 6 -.3338679473378546E-01
  2 7 8 -.1579258720006883E-01
  2 7 9 -.1270833873834310
  2 7 10 -.1579258720006883E-01
  2 7 11 -.3338679473378546E-01
  2 7 12 .3744933499476606E-01
  2 7 13 -.3744933499476606E-01
  2 7 14 -.5673520115018948E-01
  2 8 1 -.1442414069952906E-01
  2 8 2 -.2342515504343000
  2 8 3 .1424200049005751E-01
  2 8 4 .5673520115018948E-01
  2 8 5 -.3314394776093261E-01
  2 8 6 -.2057338100706930
  2 8 7 -.1579258720006883E-01
  2 8 9 .4067634974515493E-03
  2 8 10 -.1208459276439289E-02
  2 8 11 .3046803696763460E-01
  2 8 12 -.1101112960016629E-01
  2 8 13 .2405023006730893E-01
  2 8 14 .5200806988082753E-01
  2 9 1 .5782762173609762E-01
  2 9 2 -.1785303042753178E-01
  2 9 3 -.2677787943237209E-01
  2 9 4 .3338679473378546E-01
  2 9 5 .2057338100706930
  2 9 6 -.2995896266893789E-01
  2 9 7 -.1270833873834310
  2 9 8 .4067634974515493E-03
  2 9 10 .1442414069952906E-01
  2 9 11 -.2284879719089160
  2 9 12 .4535641322144728E-02
  2 9 13 -.1565615186716452E-01
  2 9 14 .3154622813705724E-01
  2 10 1 -.4067634974515493E-03
  2 10 2 -.1424200049005751E-01
  2 10 3 .2342515504343000
  2 10 4 .5673520115018948E-01
  2 10 5 -.5200806988082753E-01
  2 10 6 .2855666136607671E-01
  2 10 7 -.1579258720006883E-01
  2 10 8 -.1208459276439289E-02
  2 10 9 .1442414069952906E-01
  2 10 11 -.2057338100706930
  2 10 12 -.2405023006730893E-01
  2 10 13 .1101112960016629E-01
  2 10 14 .3314394776093261E-01
  2 11 1 .2995896266893789E-01
  2 11 2 .1565615186716452E-01
  2 11 3 -.4535641322144728E-02
  2 11 4 .1270833873834310
  2 11 5 -.1442414069952906E-01
  2 11 6 -.5782762173609762E-01
  2 11 7 -.3338679473378546E-01
  2 11 8 .3046803696763460E-01
  2 11 9 -.2284879719089160
  2 11 10 -.2057338100706930
  2 11 12 .2677787943237209E-01
  2 11 13 .1785303042753178E-01
  2 11 14 .4067634974515493E-03
  2 12 1 -.1565615186716452E-01
  2 12 2 .6896605827142045E-01
  2 12 3 .2745333057762720
  2 12 4 -.1276344126710049E-01
  2 12 5 .2342515504343000
  2 12 6 -.1785303042753178E-01
  2 12 7 .3744933499476606E-01
  2 12 8 -.1101112960016629E-01
  2 12 9 .4535641322144728E-02
  2 12 10 -.2405023006730893E-01
  2 12 11 .2677787943237209E-01
  2 12 13 .2094854959455510E-01
  2 12 14 -.1424200049005751E-01
  2 13 1 .4535641322144728E-02
  2 13 2 .2745333057762720
  2 13 3 .6896605827142045E-01
  2 13 4 .1276344126710049E-01
  2 13 5 -.1424200049005751E-01
  2 13 6 -.2677787943237209E-01
  2 13 7 -.3744933499476606E-01
  2 13 8 .2405023006730893E-01
  2 13 9 -.1565615186716452E-01
  2 13 10 .1101112960016629E-01
  2 13 11 .1785303042753178E-01
  2 13 12 .2094854959455510E-01
  2 13 14 .2342515504343000
  2 14 1 .2057338100706930
  2 14 2 -.2405023006730893E-01
  2 14 3 .1101112960016629E-01
  2 14 4 .1579258720006883E-01
  2 14 5 .1208459276439289E-02
  2 14 6 .1442414069952906E-01
  2 14 7 -.5673520115018948E-01
  2 14 8 .5200806988082753E-01
  2 14 9 .3154622813705724E-01
  2 14 10 .3314394776093261E-01
  2 14 11 .4067634974515493E-03
  2 14 12 -.1424200049005751E-01
  2 14 13 .2342515504343000
TERM-du
  2 1 2 -.3443752441722678E-01
  2 1 3 -.6769787077792215E-02
  2 1 4 -.6630938205644535E-02
  2 1 5 .6362406188968339E-02
  2 1 6 .1637841728160290
  2 1 7 .1118241687139720
  2 1 8 -.1455884603356711E-01
  2 1 9 .1356631648440839E-01
  2 1 10 .6281629478774543E-03
  2 1 11 .6330762692402685E-01
  2 1 12 -.1488919271102470E-01
  2 1 13 -.3808843311927747E-01
  2 1 14 .1092487330777470
  2 2 1 -.3443752441722678E-01
  2 2 3 .8256277626553480E-02
  2 2 4 -.2308780681915000E-01
  2 2 5 -.2715232548903673E-02
  2 2 6 -.3808843311927747E-01
  2 2 7 .5479476052910395E-02
  2 2 8 -.1802029236986340
  2 2 9 -.6769787077792215E-02
  2 2 10 -.1831935982113028E-01
  2 2 11 .1488919271102470E-01
  2 2 12 .3652264754380067E-01
  2 2 13 .1316604821676880
  2 2 14 -.2968571727941823E-02
  2 3 1 -.6769787077792215E-02
  2 3 2 .8256277626553480E-02
  2 3 4 .2308780681915000E-01
  2 3 5 -.2968571727941823E-02
  2 3 6 -.1488919271102470E-01
  2 3 7 -.5479476052910395E-02
  2 3 8 .1831935982113028E-01
  2 3 9 -.3443752441722678E-01
  2 3 10 .1802029236986340
  2 3 11 .3808843311927747E-01
  2 3 12 .1316604821676880
  2 3 13 .3652264754380067E-01
  2 3 14 -.2715232548903673E-02
  2 4 1 -.6630938205644535E-02
  2 4 2 -.2308780681915000E-01
  2 4 3 .2308780681915000E-01
  2 4 5 -.9887053139815714E-02
  2 4 6 .1118241687139720
  2 4 7 .1170100714982560
  2 4 8 .1023107303254060E-01
  2 4 9 .6630938205644535E-02
  2 4 10 .1023107303254060E-01
  2 4 11 .1118241687139720
  2 4 12 -.5479476052910395E-02
  2 4 13 .5479476052910395E-02
  2 4 14 .9887053139815714E-02
  2 5 1 .6362406188968339E-02
  2 5 2 -.2715232548903673E-02
  2 5 3 -.2968571727941823E-02
  2 5 4 -.9887053139815714E-02
  2 5 6 .6281629478774543E-03
  2 5 7 .1023107303254060E-01
  2 5 8 -.2805009077404940E-01
  2 5 9 .1092487330777470
  2 5 10 -.6340751124938078E-01
  2 5 11 -.1455884603356711E-01
  2 5 12 .1802029236986340
  2 5 13 -.1831935982113028E-01
  2 5 14 -.3883089805902130E-02
  2 6 1 .1637841728160290
  2 6 2 -.3808843311927747E-01
  2 6 3 -.1488919271102470E-01
  2 6 4 .1118241687139720
  2 6 5 .6281629478774543E-03
  2 6 7 -.6630938205644535E-02
  2 6 8 -.1092487330777470
  2 6 9 -.6330762692402685E-01
  2 6 10 .3976740773434303E-02
  2 6 11 -.1356631648440839E-01
  2 6 12 -.6769787077792215E-02
  2 6 13 -.3443752441722678E-01
  2 6 14 .1455884603356711E-01
  2 7 1 .1118241687139720
  2 7 2 .5479476052910395E-02
  2 7 3 -.5479476052910395E-02
  2 7 4 .1170100714982560
  2 7 5 .1023107303254060E-01
  2 7 6 -.6630938205644535E-02
  2 7 8 -.9887053139815714E-02
  2 7 9 -.1118241687139720
  2 7 10 -.9887053139815714E-02
  2 7 11 -.6630938205644535E-02
  2 7 12 .2352648386214951E-01
  2 7 13 -.2352648386214951E-01
  2 7 14 -.1023107303254060E-01
  2 8 1 -.1455884603356711E-01
  2 8 2 -.1802029236986340
  2 8 3 .1831935982113028E-01
  2 8 4 .1023107303254060E-01
  2 8 5 -.2805009077404940E-01
  2 8 6 -.1092487330777470
  2 8 7 -.9887053139815714E-02
  2 8 9 -.6281629478774543E-03
  2 8 10 .3883089805902130E-02
  2 8 11 .4454184279355489E-02
  2 8 12 .2715232548903673E-02
  2 8 13 .2968571727941823E-02
  2 8 14 .6340751124938078E-01
  2 9 1 .1356631648440839E-01
  2 9 2 -.6769787077792215E-02
  2 9 3 -.3443752441722678E-01
  2 9 4 .6630938205644535E-02
  2 9 5 .1092487330777470
  2 9 6 -.6330762692402685E-01
  2 9 7 -.1118241687139720
  2 9 8 -.6281629478774543E-03
  2 9 10 .1455884603356711E-01
  2 9 11 -.1637841728160290
  2 9 12 -.3808843311927747E-01
  2 9 13 -.1488919271102470E-01
  2 9 14 .6007016131395909E-02
  2 10 1 .6281629478774543E-03
  2 10 2 -.1831935982113028E-01
  2 10 3 .1802029236986340
  2 10 4 .1023107303254060E-01
  2 10 5 -.6340751124938078E-01
  2 10 6 .3976740773434303E-02
  2 10 7 -.9887053139815714E-02
  2 10 8 .3883089805902130E-02
  2 10 9 .1455884603356711E-01
  2 10 11 -.1092487330777470
  2 10 12 -.2968571727941823E-02
  2 10 13 -.2715232548903673E-02
  2 10 14 .2805009077404940E-01
  2 11 1 .6330762692402685E-01
  2 11 2 .1488919271102470E-01
  2 11 3 .3808843311927747E-01
  2 11 4 .1118241687139720
  2 11 5 -.1455884603356711E-01
  2 11 6 -.1356631648440839E-01
  2 11 7 -.6630938205644535E-02
  2 11 8 .4454184279355489E-02
  2 11 9 -.1637841728160290
  2 11 10 -.1092487330777470
  2 11 12 .3443752441722678E-01
  2 11 13 .6769787077792215E-02
  2 11 14 -.6281629478774543E-03
  2 12 1 -.1488919271102470E-01
  2 12 2 .3652264754380067E-01
  2 12 3 .1316604821676880
  2 12 4 -.5479476052910395E-02
  2 12 5 .1802029236986340
  2 12 6 -.6769787077792215E-02
  2 12 7 .2352648386214951E-01
  2 12 8 .2715232548903673E-02
  2 12 9 -.3808843311927747E-01
  2 12 10 -.2968571727941823E-02
  2 12 11 .3443752441722678E-01
  2 12 13 .8256277626553480E-02
  2 12 14 -.1831935982113028E-01
  2 13 1 -.3808843311927747E-01
  2 13 2 .1316604821676880
  2 13 3 .3652264754380067E-01
  2 13 4 .5479476052910395E-02
  2 13 5 -.1831935982113028E-01
  2 13 6 -.3443752441722678E-01
  2 13 7 -.2352648386214951E-01
  2 13 8 .2968571727941823E-02
  2 13 9 -.1488919271102470E-01
  2 13 10 -.2715232548903673E-02
  2 13 11 .6769787077792215E-02
  2 13 12 .8256277626553480E-02
  2 13 14 .1802029236986340
  2 14 1 .1092487330777470
  2 14 2 -.2968571727941823E-02
  2 14 3 -.2715232548903673E-02
  2 14 4 .9887053139815714E-02
  2 14 5 -.3883089805902130E-02
  2 14 6 .1455884603356711E-01
  2 14 7 -.1023107303254060E-01
  2 14 8 .6340751124938078E-01
  2 14 9 .6007016131395909E-02
  2 14 10 .2805009077404940E-01
  2 14 11 -.6281629478774543E-03
  2 14 12 -.1831935982113028E-01
  2 14 13 .1802029236986340
TERM-20
  1 1 2 -.1893030644310863E-01
  1 1 3 -.4536788573743578E-01
  1 1 4 -.1242613895633299E-01
  1 1 5 .2599459566428788E-01
  1 1 6 .2399211586940830
  1 1 7 .1384722574218760
  1 1 8 -.1468617187813432E-02
  1 1 9 .2976193940345338E-01
  1 1 10 .1288160584642398E-01
  1 1 11 .3316226013524440E-02
  1 1 12 .1114056008818767E-01
  1 1 13 .1996988248587738E-01
  1 1 14 .2141603630733900
  1 2 1 -.1893030644310863E-01
  1 2 3 .2531018469650975E-02
  1 2 4 -.4623732529481398E-01
  1 2 5 -.6080023361923583E-02
  1 2 6 .1996988248587738E-01
  1 2 7 -.4339181708463844E-02
  1 2 8 -.2810163271218770
  1 2 9 -.4536788573743578E-01
  1 2 10 -.2287867680978416E-01
  1 2 11 -.1114056008818767E-01
  1 2 12 .1152922118459650
  1 2 13 .3433043595644710
  1 2 14 .2682430759653743E-01
  1 3 1 -.4536788573743578E-01
  1 3 2 .2531018469650975E-02
  1 3 4 .4623732529481398E-01
  1 3 5 .2682430759653743E-01
  1 3 6 .1114056008818767E-01
  1 3 7 .4339181708463844E-02
  1 3 8 .2287867680978416E-01
  1 3 9 -.1893030644310863E-01
  1 3 10 .2810163271218770
  1 3 11 -.1996988248587738E-01
  1 3 12 .3433043595644710
  1 3 13 .1152922118459650
  1 3 14 -.6080023361923583E-02
  1 4 1 -.1242613895633299E-01
  1 4 2 -.4623732529481398E-01
  1 4 3 .4623732529481398E-01
  1 4 5 -.2159491913997447E-01
  1 4 6 .1384722574218760
  1 4 7 .7980010466145328E-01
  1 4 8 .4033513942821218E-02
  1 4 9 .1242613895633299E-01
  1 4 10 .4033513942821218E-02
  1 4 11 .1384722574218760
  1 4 12 .4339181708463844E-02
  1 4 13 -.4339181708463844E-02
  1 4 14 .2159491913997447E-01
  1 5 1 .2599459566428788E-01
  1 5 2 -.6080023361923583E-02
  1 5 3 .2682430759653743E-01
  1 5 4 -.2159491913997447E-01
  1 5 6 .1288160584642398E-01
  1 5 7 .4033513942821218E-02
  1 5 8 -.3574912309801916E-01
  1 5 9 .2141603630733900
  1 5 10 -.2463720813070568E-01
  1 5 11 -.1468617187813432E-02
  1 5 12 .2810163271218770
  1 5 13 -.2287867680978416E-01
  1 5 14 .1665553213494930E-01
  1 6 1 .2399211586940830
  1 6 2 .1996988248587738E-01
  1 6 3 .1114056008818767E-01
  1 6 4 .1384722574218760
  1 6 5 .1288160584642398E-01
  1 6 7 -.1242613895633299E-01
  1 6 8 -.2141603630733900
  1 6 9 -.3316226013524440E-02
  1 6 10 .2395053023058620E-01
  1 6 11 -.2976193940345338E-01
  1 6 12 -.4536788573743578E-01
  1 6 13 -.1893030644310863E-01
  1 6 14 .1468617187813432E-02
  1 7 1 .1384722574218760
  1 7 2 -.4339181708463844E-02
  1 7 3 .4339181708463844E-02
  1 7 4 .7980010466145328E-01
  1 7 5 .4033513942821218E-02
  1 7 6 -.1242613895633299E-01
  1 7 8 -.2159491913997447E-01
  1 7 9 -.1384722574218760
  1 7 10 -.2159491913997447E-01
  1 7 11 -.1242613895633299E-01
  1 7 12 .4695855940299638E-01
  1 7 13 -.4695855940299638E-01
  1 7 14 -.4033513942821218E-02
  1 8 1 -.1468617187813432E-02
  1 8 2 -.2810163271218770
  1 8 3 .2287867680978416E-01
  1 8 4 .4033513942821218E-02
  1 8 5 -.3574912309801916E-01
  1 8 6 -.2141603630733900
  1 8 7 -.2159491913997447E-01
  1 8 9 -.1288160584642398E-01
  1 8 10 -.1665553213494930E-01
  1 8 11 .2531519976041835E-01
  1 8 12 .6080023361923583E-02
  1 8 13 -.2682430759653743E-01
  1 8 14 .2463720813070568E-01
  1 9 1 .2976193940345338E-01
  1 9 2 -.4536788573743578E-01
  1 9 3 -.1893030644310863E-01
  1 9 4 .1242613895633299E-01
  1 9 5 .2141603630733900
  1 9 6 -.3316226013524440E-02
  1 9 7 -.1384722574218760
  1 9 8 -.1288160584642398E-01
  1 9 10 .1468617187813432E-02
  1 9 11 -.2399211586940830
  1 9 12 .1996988248587738E-01
  1 9 13 .1114056008818767E-01
  1 9 14 .2658428719965266E-01
  1 10 1 .1288160584642398E-01
  1 10 2 -.2287867680978416E-01
  1 10 3 .2810163271218770
  1 10 4 .4033513942821218E-02
  1 10 5 -.2463720813070568E-01
  1 10 6 .2395053023058620E-01
  1 10 7 -.2159491913997447E-01
  1 10 8 -.1665553213494930E-01
  1 10 9 .1468617187813432E-02
  1 10 11 -.2141603630733900
  1 10 12 .2682430759653743E-01
  1 10 13 -.6080023361923583E-02
  1 10 14 .3574912309801916E-01
  1 11 1 .3316226013524440E-02
  1 11 2 -.1114056008818767E-01
  1 11 3 -.1996988248587738E-01
  1 11 4 .1384722574218760
  1 11 5 -.1468617187813432E-02
  1 11 6 -.2976193940345338E-01
  1 11 7 -.1242613895633299E-01
  1 11 8 .2531519976041835E-01
  1 11 9 -.2399211586940830
  1 11 10 -.2141603630733900
  1 11 12 .1893030644310863E-01
  1 11 13 .4536788573743578E-01
  1 11 14 -.1288160584642398E-01
  1 12 1 .1114056008818767E-01
  1 12 2 .1152922118459650
  1 12 3 .3433043595644710
  1 12 4 .4339181708463844E-02
  1 12 5 .2810163271218770
  1 12 6 -.4536788573743578E-01
  1 12 7 .4695855940299638E-01
  1 12 8 .6080023361923583E-02
  1 12 9 .1996988248587738E-01
  1 12 10 .2682430759653743E-01
  1 12 11 .1893030644310863E-01
  1 12 13 .2531018469650975E-02
  1 12 14 -.2287867680978416E-01
  1 13 1 .1996988248587738E-01
  1 13 2 .3433043595644710
  1 13 3 .1152922118459650
  1 13 4 -.4339181708463844E-02
  1 13 5 -.2287867680978416E-01
  1 13 6 -.1893030644310863E-01
  1 13 7 -.4695855940299638E-01
  1 13 8 -.2682430759653743E-01
  1 13 9 .1114056008818767E-01
  1 13 10 -.6080023361923583E-02
  1 13 11 .4536788573743578E-01
  1 13 12 .2531018469650975E-02
  1 13 14 .2810163271218770
  1 14 1 .2141603630733900
  1 14 2 .2682430759653743E-01
  1 14 3 -.6080023361923583E-02
  1 14 4 .2159491913997447E-01
  1 14 5 .1665553213494930E-01
  1 14 6 .1468617187813432E-02
  1 14 7 -.4033513942821218E-02
  1 14 8 .2463720813070568E-01
  1 14 9 .2658428719965266E-01
  1 14 10 .3574912309801916E-01
  1 14 11 -.1288160584642398E-01
  1 14 12 -.2287867680978416E-01
  1 14 13 .2810163271218770
  2 1 2 -.1893030644310863E-01
  2 1 3 -.4536788573743578E-01
  2 1 4 -.1242613895633299E-01
  2 1 5 .2599459566428788E-01
  2 1 6 .2399211586940830
  2 1 7 .1384722574218760
  2 1 8 -.1468617187813432E-02
  2 1 9 .2976193940345338E-01
  2 1 10 .1288160584642398E-01
  2 1 11 .3316226013524440E-02
  2 1 12 .1114056008818767E-01
  2 1 13 .1996988248587738E-01
  2 1 14 .2141603630733900
  2 2 1 -.1893030644310863E-01
  2 2 3 .2531018469650975E-02
  2 2 4 -.4623732529481398E-01
  2 2 5 -.6080023361923583E-02
  2 2 6 .1996988248587738E-01
  2 2 7 -.4339181708463844E-02
  2 2 8 -.2810163271218770
  2 2 9 -.4536788573743578E-01
  2 2 10 -.2287867680978416E-01
  2 2 11 -.1114056008818767E-01
  2 2 12 .1152922118459650
  2 2 13 .3433043595644710
  2 2 14 .2682430759653743E-01
  2 3 1 -.4536788573743578E-01
  2 3 2 .2531018469650975E-02
  2 3 4 .4623732529481398E-01
  2 3 5 .2682430759653743E-01
  2 3 6 .1114056008818767E-01
  2 3 7 .4339181708463844E-02
  2 3 8 .2287867680978416E-01
  2 3 9 -.1893030644310863E-01
  2 3 10 .2810163271218770
  2 3 11 -.1996988248587738E-01
  2 3 12 .3433043595644710
  2 3 13 .1152922118459650
  2 3 14 -.6080023361923583E-02
  2 4 1 -.1242613895633299E-01
  2 4 2 -.4623732529481398E-01
  2 4 3 .4623732529481398E-01
  2 4 5 -.2159491913997447E-01
  2 4 6 .1384722574218760
  2 4 7 .7980010466145328E-01
  2 4 8 .4033513942821218E-02
  2 4 9 .1242613895633299E-01
  2 4 10 .4033513942821218E-02
  2 4 11 .1384722574218760
  2 4 12 .4339181708463844E-02
  2 4 13 -.4339181708463844E-02
  2 4 14 .2159491913997447E-01
  2 5 1 .2599459566428788E-01
  2 5 2 -.6080023361923583E-02
  2 5 3 .2682430759653743E-01
  2 5 4 -.2159491913997447E-01
  2 5 6 .1288160584642398E-01
  2 5 7 .4033513942821218E-02
  2 5 8 -.3574912309801916E-01
  2 5 9 .2141603630733900
  2 5 10 -.2463720813070568E-01
  2 5 11 -.1468617187813432E-02
  2 5 12 .2810163271218770
  2 5 13 -.2287867680978416E-01
  2 5 14 .1665553213494930E-01
  2 6 1 .2399211586940830
  2 6 2 .1996988248587738E-01
  2 6 3 .1114056008818767E-01
  2 6 4 .1384722574218760
  2 6 5 .1288160584642398E-01
  2 6 7 -.1242613895633299E-01
  2 6 8 -.2141603630733900
  2 6 9 -.3316226013524440E-02
  2 6 10 .2395053023058620E-01
  2 6 11 -.2976193940345338E-01
  2 6 12 -.4536788573743578E-01
  2 6 13 -.1893030644310863E-01
  2 6 14 .1468617187813432E-02
  2 7 1 .1384722574218760
  2 7 2 -.4339181708463844E-02
  2 7 3 .4339181708463844E-02
  2 7 4 .7980010466145328E-01
  2 7 5 .4033513942821218E-02
  2 7 6 -.1242613895633299E-01
  2 7 8 -.2159491913997447E-01
  2 7 9 -.1384722574218760
  2 7 10 -.2159491913997447E-01
  2 7 11 -.1242613895633299E-01
  2 7 12 .4695855940299638E-01
  2 7 13 -.4695855940299638E-01
  2 7 14 -.4033513942821218E-02
  2 8 1 -.1468617187813432E-02
  2 8 2 -.2810163271218770
  2 8 3 .2287867680978416E-01
  2 8 4 .4033513942821218E-02
  2 8 5 -.3574912309801916E-01
  2 8 6 -.2141603630733900
  2 8 7 -.2159491913997447E-01
  2 8 9 -.1288160584642398E-01
  2 8 10 -.1665553213494930E-01
  2 8 11 .2531519976041835E-01
  2 8 12 .6080023361923583E-02
  2 8 13 -.2682430759653743E-01
  2 8 14 .2463720813070568E-01
  2 9 1 .2976193940345338E-01
  2 9 2 -.4536788573743578E-01
  2 9 3 -.1893030644310863E-01
  2 9 4 .1242613895633299E-01
  2 9 5 .2141603630733900
  2 9 6 -.3316226013524440E-02
  2 9 7 -.1384722574218760
  2 9 8 -.1288160584642398E-01
  2 9 10 .1468617187813432E-02
  2 9 11 -.2399211586940830
  2 9 12 .1996988248587738E-01
  2 9 13 .1114056008818767E-01
  2 9 14 .2658428719965266E-01
  2 10 1 .1288160584642398E-01
  2 10 2 -.2287867680978416E-01
  2 10 3 .2810163271218770
  2 10 4 .4033513942821218E-02
  2 10 5 -.2463720813070568E-01
  2 10 6 .2395053023058620E-01
  2 10 7 -.2159491913997447E-01
  2 10 8 -.1665553213494930E-01
  2 10 9 .1468617187813432E-02
  2 10 11 -.2141603630733900
  2 10 12 .2682430759653743E-01
  2 10 13 -.6080023361923583E-02
  2 10 14 .3574912309801916E-01
  2 11 1 .3316226013524440E-02
  2 11 2 -.1114056008818767E-01
  2 11 3 -.1996988248587738E-01
  2 11 4 .1384722574218760
  2 11 5 -.1468617187813432E-02
  2 11 6 -.2976193940345338E-01
  2 11 7 -.1242613895633299E-01
  2 11 8 .2531519976041835E-01
  2 11 9 -.2399211586940830
  2 11 10 -.2141603630733900
  2 11 12 .1893030644310863E-01
  2 11 13 .4536788573743578E-01
  2 11 14 -.1288160584642398E-01
  2 12 1 .1114056008818767E-01
  2 12 2 .1152922118459650
  2 12 3 .3433043595644710
  2 12 4 .4339181708463844E-02
  2 12 5 .2810163271218770
  2 12 6 -.4536788573743578E-01
  2 12 7 .4695855940299638E-01
  2 12 8 .6080023361923583E-02
  2 12 9 .1996988248587738E-01
  2 12 10 .2682430759653743E-01
  2 12 11 .1893030644310863E-01
  2 12 13 .2531018469650975E-02
  2 12 14 -.2287867680978416E-01
  2 13 1 .1996988248587738E-01
  2 13 2 .3433043595644710
  2 13 3 .1152922118459650
  2 13 4 -.4339181708463844E-02
  2 13 5 -.2287867680978416E-01
  2 13 6 -.1893030644310863E-01
  2 13 7 -.4695855940299638E-01
  2 13 8 -.2682430759653743E-01
  2 13 9 .1114056008818767E-01
  2 13 10 -.6080023361923583E-02
  2 13 11 .4536788573743578E-01
  2 13 12 .2531018469650975E-02
  2 13 14 .2810163271218770
  2 14 1 .2141603630733900
  2 14 2 .2682430759653743E-01
  2 14 3 -.6080023361923583E-02
  2 14 4 .2159491913997447E-01
  2 14 5 .1665553213494930E-01
  2 14 6 .1468617187813432E-02
  2 14 7 -.4033513942821218E-02
  2 14 8 .2463720813070568E-01
  2 14 9 .2658428719965266E-01
  2 14 10 .3574912309801916E-01
  2 14 11 -.1288160584642398E-01
  2 14 12 -.2287867680978416E-01
  2 14 13 .2810163271218770
TERM-2u
  2 1 2 -.3427136941047791E-01
  2 1 3 -.3535281500493869E-01
  2 1 4 .1005100756652878E-01
  2 1 5 .9096158940585733E-02
  2 1 6 .1597160239627400
  2 1 7 .9178130111521281E-01
  2 1 8 -.1935157028775269E-02
  2 1 9 -.6188785890531164E-02
  2 1 10 .1171812244057162E-01
  2 1 11 .2445658566934146E-01
  2 1 12 .1129515476581751E-01
  2 1 13 -.2149139484919101E-01
  2 1 14 .9772432759808793E-01
  2 2 1 -.3427136941047791E-01
  2 2 3 -.1051207445704102E-01
  2 2 4 -.3642628326040017E-01
  2 2 5 -.1876787623055483E-01
  2 2 6 -.2149139484919101E-01
  2 2 7 -.7744180561297987E-02
  2 2 8 -.8659600347537517E-01
  2 2 9 -.3535281500493869E-01
  2 2 10 -.2708933476245549E-01
  2 2 11 -.1129515476581751E-01
  2 2 12 .8353407253335958E-01
  2 2 13 .1100880009771130
  2 2 14 .3544826807661341E-01
  2 3 1 -.3535281500493869E-01
  2 3 2 -.1051207445704102E-01
  2 3 4 .3642628326040017E-01
  2 3 5 .3544826807661341E-01
  2 3 6 .1129515476581751E-01
  2 3 7 .7744180561297987E-02
  2 3 8 .2708933476245549E-01
  2 3 9 -.3427136941047791E-01
  2 3 10 .8659600347537517E-01
  2 3 11 .2149139484919101E-01
  2 3 12 .1100880009771130
  2 3 13 .8353407253335958E-01
  2 3 14 -.1876787623055483E-01
  2 4 1 .1005100756652878E-01
  2 4 2 -.3642628326040017E-01
  2 4 3 .3642628326040017E-01
  2 4 5 -.1946291268717388E-01
  2 4 6 .9178130111521281E-01
  2 4 7 .7511099077129585E-01
  2 4 8 -.3168150542295486E-01
  2 4 9 -.1005100756652878E-01
  2 4 10 -.3168150542295486E-01
  2 4 11 .9178130111521281E-01
  2 4 12 .7744180561297987E-02
  2 4 13 -.7744180561297987E-02
  2 4 14 .1946291268717388E-01
  2 5 1 .9096158940585733E-02
  2 5 2 -.1876787623055483E-01
  2 5 3 .3544826807661341E-01
  2 5 4 -.1946291268717388E-01
  2 5 6 .1171812244057162E-01
  2 5 7 -.3168150542295486E-01
  2 5 8 -.3144879954867785E-01
  2 5 9 .9772432759808793E-01
  2 5 10 -.3847592897714202E-01
  2 5 11 -.1935157028775269E-02
  2 5 12 .8659600347537517E-01
  2 5 13 -.2708933476245549E-01
  2 5 14 .1718741627760026E-01
  2 6 1 .1597160239627400
  2 6 2 -.2149139484919101E-01
  2 6 3 .1129515476581751E-01
  2 6 4 .9178130111521281E-01
  2 6 5 .1171812244057162E-01
  2 6 7 .1005100756652878E-01
  2 6 8 -.9772432759808793E-01
  2 6 9 -.2445658566934146E-01
  2 6 10 .6006595738523458E-02
  2 6 11 .6188785890531164E-02
  2 6 12 -.3535281500493869E-01
  2 6 13 -.3427136941047791E-01
  2 6 14 .1935157028775269E-02
  2 7 1 .9178130111521281E-01
  2 7 2 -.7744180561297987E-02
  2 7 3 .7744180561297987E-02
  2 7 4 .7511099077129585E-01
  2 7 5 -.3168150542295486E-01
  2 7 6 .1005100756652878E-01
  2 7 8 -.1946291268717388E-01
  2 7 9 -.9178130111521281E-01
  2 7 10 -.1946291268717388E-01
  2 7 11 .1005100756652878E-01
  2 7 12 .3686210330605667E-01
  2 7 13 -.3686210330605667E-01
  2 7 14 .3168150542295486E-01
  2 8 1 -.1935157028775269E-02
  2 8 2 -.8659600347537517E-01
  2 8 3 .2708933476245549E-01
  2 8 4 -.3168150542295486E-01
  2 8 5 -.3144879954867785E-01
  2 8 6 -.9772432759808793E-01
  2 8 7 -.1946291268717388E-01
  2 8 9 -.1171812244057162E-01
  2 8 10 -.1718741627760026E-01
  2 8 11 .7831375964848656E-02
  2 8 12 .1876787623055483E-01
  2 8 13 -.3544826807661341E-01
  2 8 14 .3847592897714202E-01
  2 9 1 -.6188785890531164E-02
  2 9 2 -.3535281500493869E-01
  2 9 3 -.3427136941047791E-01
  2 9 4 -.1005100756652878E-01
  2 9 5 .9772432759808793E-01
  2 9 6 -.2445658566934146E-01
  2 9 7 -.9178130111521281E-01
  2 9 8 -.1171812244057162E-01
  2 9 10 .1935157028775269E-02
  2 9 11 -.1597160239627400
  2 9 12 -.2149139484919101E-01
  2 9 13 .1129515476581751E-01
  2 9 14 .8424511408402542E-02
  2 10 1 .1171812244057162E-01
  2 10 2 -.2708933476245549E-01
  2 10 3 .8659600347537517E-01
  2 10 4 -.3168150542295486E-01
  2 10 5 -.3847592897714202E-01
  2 10 6 .6006595738523458E-02
  2 10 7 -.1946291268717388E-01
  2 10 8 -.1718741627760026E-01
  2 10 9 .1935157028775269E-02
  2 10 11 -.9772432759808793E-01
  2 10 12 .3544826807661341E-01
  2 10 13 -.1876787623055483E-01
  2 10 14 .3144879954867785E-01
  2 11 1 .2445658566934146E-01
  2 11 2 -.1129515476581751E-01
  2 11 3 .2149139484919101E-01
  2 11 4 .9178130111521281E-01
  2 11 5 -.1935157028775269E-02
  2 11 6 .6188785890531164E-02
  2 11 7 .1005100756652878E-01
  2 11 8 .7831375964848656E-02
  2 11 9 -.1597160239627400
  2 11 10 -.9772432759808793E-01
  2 11 12 .3427136941047791E-01
  2 11 13 .3535281500493869E-01
  2 11 14 -.1171812244057162E-01
  2 12 1 .1129515476581751E-01
  2 12 2 .8353407253335958E-01
  2 12 3 .1100880009771130
  2 12 4 .7744180561297987E-02
  2 12 5 .8659600347537517E-01
  2 12 6 -.3535281500493869E-01
  2 12 7 .3686210330605667E-01
  2 12 8 .1876787623055483E-01
  2 12 9 -.2149139484919101E-01
  2 12 10 .3544826807661341E-01
  2 12 11 .3427136941047791E-01
  2 12 13 -.1051207445704102E-01
  2 12 14 -.2708933476245549E-01
  2 13 1 -.2149139484919101E-01
  2 13 2 .1100880009771130
  2 13 3 .8353407253335958E-01
  2 13 4 -.7744180561297987E-02
  2 13 5 -.2708933476245549E-01
  2 13 6 -.3427136941047791E-01
  2 13 7 -.3686210330605667E-01
  2 13 8 -.3544826807661341E-01
  2 13 9 .1129515476581751E-01
  2 13 10 -.1876787623055483E-01
  2 13 11 .3535281500493869E-01
  2 13 12 -.1051207445704102E-01
  2 13 14 .8659600347537517E-01
  2 14 1 .9772432759808793E-01
  2 14 2 .3544826807661341E-01
  2 14 3 -.1876787623055483E-01
  2 14 4 .1946291268717388E-01
  2 14 5 .1718741627760026E-01
  2 14 6 .1935157028775269E-02
  2 14 7 .3168150542295486E-01
  2 14 8 .3847592897714202E-01
  2 14 9 .8424511408402542E-02
  2 14 10 .3144879954867785E-01
  2 14 11 -.1171812244057162E-01
  2 14 12 -.2708933476245549E-01
  2 14 13 .8659600347537517E-01
TERM-2d
  1 1 2 -.3427136941047791E-01
  1 1 3 -.3535281500493869E-01
  1 1 4 .1005100756652878E-01
  1 1 5 .9096158940585733E-02
  1 1 6 .1597160239627400
  1 1 7 .9178130111521281E-01
  1 1 8 -.1935157028775269E-02
  1 1 9 -.6188785890531164E-02
  1 1 10 .1171812244057162E-01
  1 1 11 .2445658566934146E-01
  1 1 12 .1129515476581751E-01
  1 1 13 -.2149139484919101E-01
  1 1 14 .9772432759808793E-01
  1 2 1 -.3427136941047791E-01
  1 2 3 -.1051207445704102E-01
  1 2 4 -.3642628326040017E-01
  1 2 5 -.1876787623055483E-01
  1 2 6 -.2149139484919101E-01
  1 2 7 -.7744180561297987E-02
  1 2 8 -.8659600347537517E-01
  1 2 9 -.3535281500493869E-01
  1 2 10 -.2708933476245549E-01
  1 2 11 -.1129515476581751E-01
  1 2 12 .8353407253335958E-01
  1 2 13 .1100880009771130
  1 2 14 .3544826807661341E-01
  1 3 1 -.3535281500493869E-01
  1 3 2 -.1051207445704102E-01
  1 3 4 .3642628326040017E-01
  1 3 5 .3544826807661341E-01
  1 3 6 .1129515476581751E-01
  1 3 7 .7744180561297987E-02
  1 3 8 .2708933476245549E-01
  1 3 9 -.3427136941047791E-01
  1 3 10 .8659600347537517E-01
  1 3 11 .2149139484919101E-01
  1 3 12 .1100880009771130
  1 3 13 .8353407253335958E-01
  1 3 14 -.1876787623055483E-01
  1 4 1 .1005100756652878E-01
  1 4 2 -.3642628326040017E-01
  1 4 3 .3642628326040017E-01
  1 4 5 -.1946291268717388E-01
  1 4 6 .9178130111521281E-01
  1 4 7 .7511099077129585E-01
  1 4 8 -.3168150542295486E-01
  1 4 9 -.1005100756652878E-01
  1 4 10 -.3168150542295486E-01
  1 4 11 .9178130111521281E-01
  1 4 12 .7744180561297987E-02
  1 4 13 -.7744180561297987E-02
  1 4 14 .1946291268717388E-01
  1 5 1 .9096158940585733E-02
  1 5 2 -.1876787623055483E-01
  1 5 3 .3544826807661341E-01
  1 5 4 -.1946291268717388E-01
  1 5 6 .1171812244057162E-01
  1 5 7 -.3168150542295486E-01
  1 5 8 -.3144879954867785E-01
  1 5 9 .9772432759808793E-01
  1 5 10 -.3847592897714202E-01
  1 5 11 -.1935157028775269E-02
  1 5 12 .8659600347537517E-01
  1 5 13 -.2708933476245549E-01
  1 5 14 .1718741627760026E-01
  1 6 1 .1597160239627400
  1 6 2 -.2149139484919101E-01
  1 6 3 .1129515476581751E-01
  1 6 4 .9178130111521281E-01
  1 6 5 .1171812244057162E-01
  1 6 7 .1005100756652878E-01
  1 6 8 -.9772432759808793E-01
  1 6 9 -.2445658566934146E-01
  1 6 10 .6006595738523458E-02
  1 6 11 .6188785890531164E-02
  1 6 12 -.3535281500493869E-01
  1 6 13 -.3427136941047791E-01
  1 6 14 .1935157028775269E-02
  1 7 1 .9178130111521281E-01
  1 7 2 -.7744180561297987E-02
  1 7 3 .7744180561297987E-02
  1 7 4 .7511099077129585E-01
  1 7 5 -.3168150542295486E-01
  1 7 6 .1005100756652878E-01
  1 7 8 -.1946291268717388E-01
  1 7 9 -.9178130111521281E-01
  1 7 10 -.1946291268717388E-01
  1 7 11 .1005100756652878E-01
  1 7 12 .3686210330605667E-01
  1 7 13 -.3686210330605667E-01
  1 7 14 .3168150542295486E-01
  1 8 1 -.1935157028775269E-02
  1 8 2 -.8659600347537517E-01
  1 8 3 .2708933476245549E-01
  1 8 4 -.3168150542295486E-01
  1 8 5 -.3144879954867785E-01
  1 8 6 -.9772432759808793E-01
  1 8 7 -.1946291268717388E-01
  1 8 9 -.1171812244057162E-01
  1 8 10 -.1718741627760026E-01
  1 8 11 .7831375964848656E-02
  1 8 12 .1876787623055483E-01
  1 8 13 -.3544826807661341E-01
  1 8 14 .3847592897714202E-01
  1 9 1 -.6188785890531164E-02
  1 9 2 -.3535281500493869E-01
  1 9 3 -.3427136941047791E-01
  1 9 4 -.1005100756652878E-01
  1 9 5 .9772432759808793E-01
  1 9 6 -.2445658566934146E-01
  1 9 7 -.9178130111521281E-01
  1 9 8 -.1171812244057162E-01
  1 9 10 .1935157028775269E-02
  1 9 11 -.1597160239627400
  1 9 12 -.2149139484919101E-01
  1 9 13 .1129515476581751E-01
  1 9 14 .8424511408402542E-02
  1 10 1 .1171812244057162E-01
  1 10 2 -.2708933476245549E-01
  1 10 3 .8659600347537517E-01
  1 10 4 -.3168150542295486E-01
  1 10 5 -.3847592897714202E-01
  1 10 6 .6006595738523458E-02
  1 10 7 -.1946291268717388E-01
  1 10 8 -.1718741627760026E-01
  1 10 9 .1935157028775269E-02
  1 10 11 -.9772432759808793E-01
  1 10 12 .3544826807661341E-01
  1 10 13 -.1876787623055483E-01
  1 10 14 .3144879954867785E-01
  1 11 1 .2445658566934146E-01
  1 11 2 -.1129515476581751E-01
  1 11 3 .2149139484919101E-01
  1 11 4 .9178130111521281E-01
  1 11 5 -.1935157028775269E-02
  1 11 6 .6188785890531164E-02
  1 11 7 .1005100756652878E-01
  1 11 8 .7831375964848656E-02
  1 11 9 -.1597160239627400
  1 11 10 -.9772432759808793E-01
  1 11 12 .3427136941047791E-01
  1 11 13 .3535281500493869E-01
  1 11 14 -.1171812244057162E-01
  1 12 1 .1129515476581751E-01
  1 12 2 .8353407253335958E-01
  1 12 3 .1100880009771130
  1 12 4 .7744180561297987E-02
  1 12 5 .8659600347537517E-01
  1 12 6 -.3535281500493869E-01
  1 12 7 .3686210330605667E-01
  1 12 8 .1876787623055483E-01
  1 12 9 -.2149139484919101E-01
  1 12 10 .3544826807661341E-01
  1 12 11 .3427136941047791E-01
  1 12 13 -.1051207445704102E-01
  1 12 14 -.2708933476245549E-01
  1 13 1 -.2149139484919101E-01
  1 13 2 .1100880009771130
  1 13 3 .8353407253335958E-01
  1 13 4 -.7744180561297987E-02
  1 13 5 -.2708933476245549E-01
  1 13 6 -.3427136941047791E-01
  1 13 7 -.3686210330605667E-01
  1 13 8 -.3544826807661341E-01
  1 13 9 .1129515476581751E-01
  1 13 10 -.1876787623055483E-01
  1 13 11 .3535281500493869E-01
  1 13 12 -.1051207445704102E-01
  1 13 14 .8659600347537517E-01
  1 14 1 .9772432759808793E-01
  1 14 2 .3544826807661341E-01
  1 14 3 -.1876787623055483E-01
  1 14 4 .1946291268717388E-01
  1 14 5 .1718741627760026E-01
  1 14 6 .1935157028775269E-02
  1 14 7 .3168150542295486E-01
  1 14 8 .3847592897714202E-01
  1 14 9 .8424511408402542E-02
  1 14 10 .3144879954867785E-01
  1 14 11 -.1171812244057162E-01
  1 14 12 -.2708933476245549E-01
  1 14 13 .8659600347537517E-01
