# of blocks mean (X_5)     std.err. (X_5)  std.err.err. (X_5)  mean (X_6)     std.err. (X_6)  std.err.err. (X_6)  cov(X_5,X_6)   mean (X_5/X_6)   std.err. (X_5/X_6) 
# from 50000 to 0
2049        -954628286.493 5.92300256e+03  9.25469149e+01       576459.597778  3.57665302e+00  5.58852034e-02       -4.34071e+07   -1656.019416057920 1.140761909093e-07 
1024        -954628403.966 7.91595750e+03  1.75005073e+02       576459.668713  4.78011573e+00  1.05678246e-01       -3.87473e+07   -1656.019416061471 1.480535340756e-07 
512         -954628403.966 9.79921815e+03  3.06525054e+02       576459.668713  5.91733638e+00  1.85097610e-01       -2.96885e+07   -1656.019416061471 1.776071177563e-07 
256         -954628403.966 1.15414633e+04  5.11064586e+02       576459.668713  6.96940537e+00  3.08610457e-01       -2.05919e+07   -1656.019416061468 1.941016239484e-07 
128         -954628403.966 1.35475006e+04  8.50045788e+02       576459.668713  8.18076960e+00  5.13307138e-01       -1.41861e+07   -1656.019416061469 2.002363893507e-07 
64          -954628403.966 1.43541803e+04  1.27877202e+03       576459.668713  8.66789238e+00  7.72197228e-01       -7.96291e+06   -1656.019416061469 1.986943218235e-07 
32          -954628403.966 1.52782123e+04  1.94033491e+03       576459.668713  9.22588138e+00  1.17168811e+00       -4.51056e+06   -1656.019416061469 1.899693892087e-07 
16          -954628403.966 1.71037885e+04  3.12271027e+03       576459.668713  1.03282600e+01  1.88567365e+00       -2.82644e+06   -1656.019416061469 2.064628835450e-07 
8           -954628403.966 1.86873928e+04  4.99441581e+03       576459.668713  1.12845164e+01  3.01591387e+00       -1.68703e+06   -1656.019416061469 2.059196732239e-07 
4           -954628403.966 1.78690520e+04  7.29500993e+03       576459.668713  1.07903161e+01  4.40512810e+00       -7.71251e+05   -1656.019416061469 1.706190737000e-07 
2           -954628403.966 2.74426561e+04  1.94048882e+04       576459.668713  1.65713639e+01  1.17177238e+01       -9.09524e+05   -1656.019416061469 2.701077974966e-07 
