# of blocks mean (X_1)     std.err. (X_1)  std.err.err. (X_1)  
# from 50000 to 0
2049        -0.683214781698 4.37792936e-06  6.84051462e-08       
1024        -0.683214694531 5.67435917e-06  1.25448077e-07       
512         -0.683214694531 6.42363232e-06  2.00934831e-07       
256         -0.683214694531 6.47316932e-06  2.86636755e-07       
128         -0.683214694531 7.03004563e-06  4.41104294e-07       
64          -0.683214694531 6.92400982e-06  6.16839821e-07       
32          -0.683214694531 6.41534806e-06  8.14750019e-07       
16          -0.683214694531 6.11899511e-06  1.11717055e-06       
8           -0.683214694531 6.76124352e-06  1.80701834e-06       
4           -0.683214694531 5.60303614e-06  2.28742993e-06       
2           -0.683214694531 6.65117187e-06  4.70308874e-06       
