# of blocks mean (X_5)     std.err. (X_5)  std.err.err. (X_5)  mean (X_6)     std.err. (X_6)  std.err.err. (X_6)  cov(X_5,X_6)   mean (X_5/X_6)   std.err. (X_5/X_6) 
# from 50000 to 0
2049        -64529843.7997 1.04708349e+02  1.63606796e+00       279713.279414  4.53865706e-01  7.09165166e-03       -9.73757e+04   -230.699965103235 5.669404013298e-08 
1024        -64529842.0690 1.44256226e+02  3.18919996e+00       279713.271909  6.25288313e-01  1.38238017e-02       -9.23666e+04   -230.699965105521 7.878224085576e-08 
512         -64529842.0690 1.93042923e+02  6.03849119e+00       279713.271909  8.36756468e-01  2.61742129e-02       -8.27033e+04   -230.699965105521 1.078946438633e-07 
256         -64529842.0690 2.54072819e+02  1.12505335e+01       279713.271909  1.10129484e+00  4.87661552e-02       -7.16311e+04   -230.699965105521 1.452913649687e-07 
128         -64529842.0690 3.33949175e+02  2.09538348e+01       279713.271909  1.44752311e+00  9.08256780e-02       -6.18751e+04   -230.699965105521 1.880043436361e-07 
64          -64529842.0690 4.12455768e+02  3.67444803e+01       279713.271909  1.78780052e+00  1.59269929e-01       -4.71929e+04   -230.699965105521 2.234463494656e-07 
32          -64529842.0690 4.88713882e+02  6.20667250e+01       279713.271909  2.11836336e+00  2.69032416e-01       -3.31288e+04   -230.699965105521 2.791436720430e-07 
16          -64529842.0690 4.86294550e+02  8.87848316e+01       279713.271909  2.10782523e+00  3.84834475e-01       -1.64004e+04   -230.699965105521 2.609130979306e-07 
8           -64529842.0690 5.28802774e+02  1.41328486e+02       279713.271909  2.29212454e+00  6.12596050e-01       -9.69665e+03   -230.699965105521 2.870957323711e-07 
4           -64529842.0690 6.33061085e+02  2.58446106e+02       279713.271909  2.74379101e+00  1.12014799e+00       -6.94795e+03   -230.699965105521 3.398658826630e-07 
2           -64529842.0690 1.59372722e+02  1.12693532e+02       279713.271909  6.91171789e-01  4.88732259e-01       -2.20308e+02   -230.699965105521 2.881008959688e-07 
