# of blocks mean (X_5)     std.err. (X_5)  std.err.err. (X_5)  mean (X_6)     std.err. (X_6)  std.err.err. (X_6)  cov(X_5,X_6)   mean (X_5/X_6)   std.err. (X_5/X_6) 
# from 50000 to 0
2049        -962763009.995 5.89766287e+03  9.21509823e+01       581374.071599  3.56135445e+00  5.56461633e-02       -4.30365e+07   -1656.012982049207 1.211886053443e-07 
1024        -962763180.711 7.86871026e+03  1.73960537e+02       581374.174687  4.75158788e+00  1.05047556e-01       -3.82862e+07   -1656.012982050832 1.610169475233e-07 
512         -962763180.711 9.89081643e+03  3.09390300e+02       581374.174687  5.97265230e+00  1.86827923e-01       -3.02461e+07   -1656.012982050833 2.019372696808e-07 
256         -962763180.711 1.16198059e+04  5.14533653e+02       581374.174687  7.01670988e+00  3.10705136e-01       -2.08724e+07   -1656.012982050832 2.530550582479e-07 
128         -962763180.711 1.41746743e+04  8.89398166e+02       581374.174687  8.55948165e+00  5.37069645e-01       -1.55300e+07   -1656.012982050833 2.840170452603e-07 
64          -962763180.711 1.51522002e+04  1.34986528e+03       581374.174687  9.14975487e+00  8.15124950e-01       -8.87289e+06   -1656.012982050833 3.126654346598e-07 
32          -962763180.711 1.63248514e+04  2.07325821e+03       581374.174687  9.85786681e+00  1.25195034e+00       -5.14970e+06   -1656.012982050832 3.080727326778e-07 
16          -962763180.711 1.90215020e+04  3.47283523e+03       581374.174687  1.14862547e+01  2.09709361e+00       -3.49577e+06   -1656.012982050833 3.489336530154e-07 
8           -962763180.711 2.52625011e+04  6.75168741e+03       581374.174687  1.52549433e+01  4.07705509e+00       -3.08302e+06   -1656.012982050832 4.008463158529e-07 
4           -962763180.711 2.87185269e+04  1.17242895e+04       581374.174687  1.73418613e+01  7.07978525e+00       -1.99213e+06   -1656.012982050832 4.367772120476e-07 
2           -962763180.711 4.50100631e+04  3.18269209e+04       581374.174687  2.71796011e+01  1.92188802e+01       -2.44671e+06   -1656.012982050832 5.003293530328e-07 
