# Block_length   Mean       Error        Error_in_Error
        2278  -4.6658714863278474        8.5547183905205503E-005   1.2676787332315466E-006
        1139  -4.6658714863278270        1.1092879830853590E-004   2.3251885701423206E-006
         569  -4.6658667785231511        1.3445681528148626E-004   3.9892720548806726E-006
         284  -4.6658656730347152        1.5072862225681651E-004   6.3355965534472881E-006
         142  -4.6658656730347161        1.5548698535447326E-004   9.2591152355648298E-006
          71  -4.6658656730347161        1.6036980887617795E-004   1.3553722630170082E-005
          35  -4.6658658837669451        1.4270724003705661E-004   1.7305794829798764E-005
          17  -4.6658469041540354        8.4702215984886514E-005   1.4973377826110209E-005
           8  -4.6658028654371639        8.9934553495752374E-005   2.4036020458114147E-005
           4  -4.6658028654371639        9.9260728238875285E-005   4.0523022613718933E-005
           2  -4.6658028654371639        1.3297960176440572E-004   9.4030778167097863E-005
