# No.Blocks      Mean       Error        Error_in_Error
        2278  -4.6665349240561858        2.4128447260217327E-005   3.5754677198456877E-007
        1139  -4.6665349240561929        3.1493025877606561E-005   6.6012816262674977E-007
         569  -4.6665339929701224        3.6982587585422178E-005   1.0972564154731685E-006
         284  -4.6665329339788730        3.9921670912674029E-005   1.6780329897214069E-006
         142  -4.6665329339788730        3.8678578760460711E-005   2.3032758470075566E-006
          71  -4.6665329339788739        3.8943292764694442E-005   3.2913089573219762E-006
          35  -4.6665360602678563        4.0639019280307563E-005   4.9282049710064908E-006
          17  -4.6665360960477935        4.3931020239434826E-005   7.7659805789369568E-006
           8  -4.6665237236328121        2.8371306558649156E-005   7.5825506255426847E-006
           4  -4.6665237236328121        2.5935501082264045E-005   1.0588123979157967E-005
           2  -4.6665237236328121        4.1878938226703029E-005   2.9612881208994237E-005
