# No.Blocks      Mean       Error        Error_in_Error
        2278  -30669.545893412440       0.63989122153272238        9.4822115245482529E-003
        1139  -30669.545893412505       0.85170439065749393        1.7852652733049992E-002
         569  -30669.561300498499        1.0775125800954144        3.1969304163259327E-002
         284  -30669.544604485625        1.2701441651892555        5.3388141381955141E-002
         142  -30669.544604485611        1.3411157988333047        7.9862283633097025E-002
          71  -30669.544604485600        1.3263866213795403       0.11210012964739005     
          35  -30669.557833523570        1.3191790840641267       0.15997396184417509     
          17  -30669.635849810988        1.0196030420290352       0.18024205628429080     
           8  -30669.909363773684       0.92730855493949782       0.24783363602914582     
           4  -30669.909363773681       0.72723114231109698       0.29689087062058767     
           2  -30669.909363773681       0.76946950680002169       0.54409710617456353     
