# No.Blocks      Mean       Error        Error_in_Error
        2278   143100.15968269642        1.5837888925252430        2.3469334761590261E-002
        1139   143100.15968269610        2.1094988028317969        4.4217395120703912E-002
         569   143100.08718387524        2.7018399271243894        8.0162351722176062E-002
         284   143099.97537767654        3.1934008892799270       0.13422865123403885     
         142   143099.97537767651        3.4318312444165917       0.20436257664025065     
          71   143099.97537767646        3.3220680311448216       0.28076599310196321     
          35   143100.04356565489        3.7581132819101568       0.45573817689271223     
          17   143099.82548137222        3.5368990132763702       0.62524131916493253     
           8   143099.75099219335        3.1240740038200285       0.83494389808726088     
           4   143099.75099219335        2.6712097192715709        1.0905168013630744     
           2   143099.75099219335        4.4345699935627545        3.1357145140946079     
