   2   3   5   6   7   8   9  10  11  14   -1.00000000000E+00  -1.65601493278E+03   1.81572177436E-01
   1   4   5   6   7   8   9  10  12  13   -1.00000000000E+00  -1.65601493278E+03   1.81572177436E-01
   3   4   5   6   7   8   9  10  11  12    9.82909784499E-01  -1.65607233855E+03   1.72267309976E-01
   1   2   5   6   7   8   9  10  13  14    9.48075236190E-01  -1.65607189822E+03   2.21355572961E-01
   2   3   5   6   7   8   9  10  11  12   -7.11984245071E-01  -1.65601116600E+03   3.95962020723E-01
   1   4   5   6   7   8   9  10  11  12    7.11984245071E-01  -1.65601116600E+03   3.95962020723E-01
   1   3   4   5   6   7   8   9  10  12    7.07258583807E-01  -1.65601028045E+03   3.62177077451E-01
   2   3   4   5   6   7   8   9  10  11   -7.07258583807E-01  -1.65601028045E+03   3.62177077451E-01
   1   2   5   6   7   8   9  10  12  13   -7.09536603664E-01  -1.65596568489E+03   4.16406003137E-01
   1   2   5   6   7   8   9  10  11  14    7.09536603664E-01  -1.65596568489E+03   4.16406003137E-01
   1   2   4   5   6   7   8   9  10  13    6.88420463119E-01  -1.65604727258E+03   4.12156975748E-01
   1   2   3   5   6   7   8   9  10  14   -6.88420463119E-01  -1.65604727258E+03   4.12156975748E-01
   4   5   6   7   8   9  10  11  12  13    6.74541693179E-01  -1.65598437704E+03   3.73201478555E-01
   3   5   6   7   8   9  10  11  12  14   -6.74541693179E-01  -1.65598437704E+03   3.73201478555E-01
   2   5   6   7   8   9  10  11  13  14   -6.57125481458E-01  -1.65601835593E+03   3.80830189480E-01
   1   5   6   7   8   9  10  12  13  14    6.57125481458E-01  -1.65601835593E+03   3.80830189480E-01
   3   4   5   6   7   8   9  10  12  13   -6.52093292274E-01  -1.65604642396E+03   3.42473077598E-01
   3   4   5   6   7   8   9  10  11  14    6.52093292274E-01  -1.65604642396E+03   3.42473077598E-01
   2   3   5   6   7   8   9  10  13  14   -6.42923835323E-01  -1.65600526699E+03   3.57025156671E-01
   1   4   5   6   7   8   9  10  13  14    6.42923835323E-01  -1.65600526699E+03   3.57025156671E-01
   1   2   3   5   6   7   8   9  10  12   -5.05522263399E-01  -1.65605524169E+03   5.74834876957E-01
   1   2   4   5   6   7   8   9  10  11    5.05522263399E-01  -1.65605524169E+03   5.74834876957E-01
   1   3   5   6   7   8   9  10  12  14    4.98069150768E-01  -1.65606401915E+03   4.78160040663E-01
   2   4   5   6   7   8   9  10  11  13    4.98069150768E-01  -1.65606401915E+03   4.78160040663E-01
   1   4   5   6   7   8   9  10  11  14    4.89110519443E-01  -1.65607079199E+03   5.15802922355E-01
   2   3   5   6   7   8   9  10  12  13    4.89110519443E-01  -1.65607079199E+03   5.15802922355E-01
   1   5   6   7   8   9  10  11  12  14   -4.80700440747E-01  -1.65605833694E+03   6.15104478310E-01
   2   5   6   7   8   9  10  11  12  13    4.80700440747E-01  -1.65605833694E+03   6.15104478310E-01
   1   2   5   6   7   8   9  10  11  12    4.64772650923E-01  -1.65606604740E+03   8.72573722675E-01
   1   3   4   5   6   7   8   9  10  14    4.65728739222E-01  -1.65600941142E+03   5.55142670912E-01
   2   3   4   5   6   7   8   9  10  13   -4.65728739222E-01  -1.65600941142E+03   5.55142670912E-01
   1   2   3   4   5   6   7   8   9  10    4.58935064735E-01  -1.65599636102E+03   8.24020868532E-01
   3   5   6   7   8   9  10  12  13  14    4.37592888654E-01  -1.65606558992E+03   5.08238232843E-01
   4   5   6   7   8   9  10  11  13  14   -4.37592888654E-01  -1.65606558992E+03   5.08238232843E-01
   5   6   7   8   9  10  11  12  13  14    4.11901367554E-01  -1.65604466662E+03   8.50267746012E-01
   3   4   5   6   7   8   9  10  13  14    4.01850412701E-01  -1.65591646373E+03   7.34093339269E-01
   2   3   5   7   8   9  10  11  12  14    3.61713831869E-01  -1.65594904572E+03   8.83938466445E-01
   1   4   6   7   8   9  10  11  12  13    3.61713831869E-01  -1.65594904572E+03   8.83938466445E-01
   1   2   5   7   8   9  10  12  13  14    3.54684044523E-01  -1.65599016076E+03   8.03705556967E-01
   1   2   6   7   8   9  10  11  13  14   -3.54684044523E-01  -1.65599016076E+03   8.03705556967E-01
   2   3   4   5   6   7   9  10  11  14   -3.49857091496E-01  -1.65589024555E+03   4.34013609183E-01
   1   3   4   5   6   8   9  10  12  13   -3.49857091496E-01  -1.65589024555E+03   4.34013609183E-01
   1   2   4   5   6   7   9  10  12  13   -3.35455494519E-01  -1.65610915073E+03   4.48293406471E-01
   1   2   3   5   6   8   9  10  11  14   -3.35455494519E-01  -1.65610915073E+03   4.48293406471E-01
   1   2   4   5   6   7   9  10  13  14    3.27318995711E-01  -1.65606292175E+03   4.25131073363E-01
   1   2   3   5   6   8   9  10  13  14   -3.27318995711E-01  -1.65606292175E+03   4.25131073363E-01
   2   3   4   5   6   7   9  10  11  12   -3.48033852128E-01  -1.65599174935E+03   4.52545353721E-01
   1   3   4   5   6   8   9  10  11  12    3.48033852128E-01  -1.65599174935E+03   4.52545353721E-01
   2   3   6   7   8   9  10  11  13  14    3.28626722545E-01  -1.65597839078E+03   7.08990054607E-01
   1   4   5   7   8   9  10  12  13  14    3.28626722545E-01  -1.65597839078E+03   7.08990054607E-01
   3   4   5   7   8   9  10  11  12  14   -3.26847563846E-01  -1.65599910226E+03   7.82301258677E-01
   3   4   6   7   8   9  10  11  12  13    3.26847563846E-01  -1.65599910226E+03   7.82301258677E-01
   1   2   3   5   7   8   9  10  12  14   -2.59549630208E-01  -1.65602826277E+03   1.03718554343E+00
   1   2   4   6   7   8   9  10  11  13   -2.59549630208E-01  -1.65602826277E+03   1.03718554343E+00
   1   2   6   7   8   9  10  11  12  13    2.56873094675E-01  -1.65605788522E+03   1.21532936356E+00
   1   2   5   7   8   9  10  11  12  14   -2.56873094675E-01  -1.65605788522E+03   1.21532936356E+00
   1   2   4   5   6   7   9  10  11  14    2.55006991750E-01  -1.65598679380E+03   7.16565816215E-01
   1   2   3   5   6   8   9  10  12  13    2.55006991750E-01  -1.65598679380E+03   7.16565816215E-01
   1   2   4   5   6   7   9  10  11  12    2.50271066111E-01  -1.65600558853E+03   7.86190063041E-01
   1   2   3   5   6   8   9  10  11  12   -2.50271066111E-01  -1.65600558853E+03   7.86190063041E-01
   1   2   3   4   5   6   7   9  10  14   -2.38209376827E-01  -1.65606230620E+03   7.38086698917E-01
   1   2   3   4   5   6   8   9  10  13    2.38209376827E-01  -1.65606230620E+03   7.38086698917E-01
   2   3   6   7   8   9  10  11  12  13   -2.43005862289E-01  -1.65603705601E+03   1.00547133651E+00
   1   4   5   7   8   9  10  11  12  14   -2.43005862289E-01  -1.65603705601E+03   1.00547133651E+00
   1   2   3   4   5   6   7   9  10  12   -2.49694743825E-01  -1.65591026237E+03   7.49263478048E-01
   1   2   3   4   5   6   8   9  10  11    2.49694743825E-01  -1.65591026237E+03   7.49263478048E-01
   2   3   5   7   8   9  10  12  13  14   -2.38962058996E-01  -1.65603248321E+03   9.36563588301E-01
   1   4   6   7   8   9  10  11  13  14   -2.38962058996E-01  -1.65603248321E+03   9.36563588301E-01
   2   5   7   8   9  10  11  12  13  14    2.39997379803E-01  -1.65603607407E+03   1.12035499317E+00
   1   6   7   8   9  10  11  12  13  14   -2.39997379803E-01  -1.65603607407E+03   1.12035499317E+00
   2   3   4   6   7   8   9  10  11  13    2.38773751520E-01  -1.65599326418E+03   9.50144153964E-01
   1   3   4   5   7   8   9  10  12  14    2.38773751520E-01  -1.65599326418E+03   9.50144153964E-01
   2   4   5   6   7   9  10  11  13  14   -2.32082830600E-01  -1.65600476619E+03   6.50328955568E-01
   1   3   5   6   8   9  10  12  13  14   -2.32082830600E-01  -1.65600476619E+03   6.50328955568E-01
   2   4   5   6   7   9  10  11  12  13    2.36135468059E-01  -1.65601749775E+03   6.98669241224E-01
   1   3   5   6   8   9  10  11  12  14    2.36135468059E-01  -1.65601749775E+03   6.98669241224E-01
   2   3   4   5   6   7   9  10  12  13    2.33364773438E-01  -1.65597605319E+03   6.12227198024E-01
   1   3   4   5   6   8   9  10  11  14    2.33364773438E-01  -1.65597605319E+03   6.12227198024E-01
   1   3   4   5   6   8   9  10  13  14    2.18861315097E-01  -1.65605904097E+03   6.26135336742E-01
   2   3   4   5   6   7   9  10  13  14   -2.18861315097E-01  -1.65605904097E+03   6.26135336742E-01
   4   5   7   8   9  10  11  12  13  14    2.20970051456E-01  -1.65601953436E+03   1.01227535410E+00
   3   6   7   8   9  10  11  12  13  14   -2.20970051456E-01  -1.65601953436E+03   1.01227535410E+00
   3   4   5   7   8   9  10  12  13  14    2.13882294630E-01  -1.65600329200E+03   9.51056356146E-01
   3   4   6   7   8   9  10  11  13  14   -2.13882294630E-01  -1.65600329200E+03   9.51056356146E-01
   1   2   4   5   7   8   9  10  12  13    1.60665363360E-01  -1.65600094163E+03   2.35951473853E+00
   1   2   3   6   7   8   9  10  11  14    1.60665363360E-01  -1.65600094163E+03   2.35951473853E+00
   2   3   4   5   7   8   9  10  11  12    1.60828041586E-01  -1.65598147657E+03   2.49149517495E+00
   1   3   4   6   7   8   9  10  11  12   -1.60828041586E-01  -1.65598147657E+03   2.49149517495E+00
   2   3   5   6   8   9  10  11  13  14    1.34310098502E-01  -1.65613140648E+03   2.15268044710E+00
   1   4   5   6   7   9  10  12  13  14    1.34310098502E-01  -1.65613140648E+03   2.15268044710E+00
   3   4   5   6   8   9  10  11  12  13    1.38851557294E-01  -1.65616816141E+03   2.13420513501E+00
   3   4   5   6   7   9  10  11  12  14   -1.38851557294E-01  -1.65616816141E+03   2.13420513501E+00
   1   3   4   6   7   8   9  10  12  13   -1.29185728091E-01  -1.65591649518E+03   3.21908167602E+00
   2   3   4   5   7   8   9  10  11  14   -1.29185728091E-01  -1.65591649518E+03   3.21908167602E+00
   1   2   4   5   7   8   9  10  13  14    1.24260808312E-01  -1.65609206363E+03   3.19742691885E+00
   1   2   3   6   7   8   9  10  13  14   -1.24260808312E-01  -1.65609206363E+03   3.19742691885E+00
   1   4   5   6   8   9  10  11  12  13   -1.32476736175E-01  -1.65601116228E+03   2.26611724221E+00
   2   3   5   6   7   9  10  11  12  14   -1.32476736175E-01  -1.65601116228E+03   2.26611724221E+00
   1   2   5   6   8   9  10  11  13  14    1.40458769223E-01  -1.65569058116E+03   2.05494828119E+00
   1   2   5   6   7   9  10  12  13  14   -1.40458769223E-01  -1.65569058116E+03   2.05494828119E+00
   1   2   4   5   7   8   9  10  11  12   -1.14116944200E-01  -1.65604314476E+03   3.01061840061E+00
   1   2   3   6   7   8   9  10  11  12    1.14116944200E-01  -1.65604314476E+03   3.01061840061E+00
   1   4   5   6   7   9  10  11  12  14   -1.08335662484E-01  -1.65596936486E+03   2.41794795234E+00
   2   3   5   6   8   9  10  11  12  13   -1.08335662484E-01  -1.65596936486E+03   2.41794795234E+00
   1   2   3   4   5   7   8   9  10  12    1.14364960928E-01  -1.65597494823E+03   2.58907082716E+00
   1   2   3   4   6   7   8   9  10  11   -1.14364960928E-01  -1.65597494823E+03   2.58907082716E+00
   1   3   4   5   6   7   9  10  12  14    1.00792779243E-01  -1.65602984586E+03   2.41315296838E+00
   2   3   4   5   6   8   9  10  11  13    1.00792779243E-01  -1.65602984586E+03   2.41315296838E+00
   2   3   4   5   7   8   9  10  12  13   -1.07589093362E-01  -1.65612034298E+03   2.76018270220E+00
   1   3   4   6   7   8   9  10  11  14   -1.07589093362E-01  -1.65612034298E+03   2.76018270220E+00
   2   4   5   7   8   9  10  11  12  13   -1.10903420837E-01  -1.65596342092E+03   3.13661505098E+00
   1   3   6   7   8   9  10  11  12  14   -1.10903420837E-01  -1.65596342092E+03   3.13661505098E+00
   4   5   6   7   9  10  11  12  13  14    9.27455946188E-02  -1.65602748615E+03   2.73795261587E+00
   3   5   6   8   9  10  11  12  13  14   -9.27455946188E-02  -1.65602748615E+03   2.73795261587E+00
   3   4   5   6   8   9  10  11  13  14   -8.72742488518E-02  -1.65629949786E+03   2.67028676467E+00
   3   4   5   6   7   9  10  12  13  14    8.72742488518E-02  -1.65629949786E+03   2.67028676467E+00
   1   2   4   5   7   8   9  10  11  14    9.47276676677E-02  -1.65612179132E+03   3.60043662387E+00
   1   2   3   6   7   8   9  10  12  13    9.47276676677E-02  -1.65612179132E+03   3.60043662387E+00
   1   2   3   4   6   7   8   9  10  13    8.74769683673E-02  -1.65606840871E+03   3.54999614056E+00
   1   2   3   4   5   7   8   9  10  14   -8.74769683673E-02  -1.65606840871E+03   3.54999614056E+00
   1   2   5   6   7   9  10  11  12  14    9.69374273018E-02  -1.65594259958E+03   2.85029298871E+00
   1   2   5   6   8   9  10  11  12  13   -9.69374273018E-02  -1.65594259958E+03   2.85029298871E+00
   2   4   5   7   8   9  10  11  13  14   -8.89540781934E-02  -1.65591649353E+03   3.87291638176E+00
   1   3   6   7   8   9  10  12  13  14   -8.89540781934E-02  -1.65591649353E+03   3.87291638176E+00
   1   2   3   5   6   7   9  10  12  14    9.56746835818E-02  -1.65598224892E+03   2.65687338191E+00
   1   2   4   5   6   8   9  10  11  13    9.56746835818E-02  -1.65598224892E+03   2.65687338191E+00
   2   3   4   5   7   8   9  10  13  14   -8.33221671339E-02  -1.65598514237E+03   3.76444557213E+00
   1   3   4   6   7   8   9  10  13  14    8.33221671339E-02  -1.65598514237E+03   3.76444557213E+00
   2   3   5   6   7   9  10  12  13  14    9.16425153115E-02  -1.65594873567E+03   2.56049223599E+00
   1   4   5   6   8   9  10  11  13  14    9.16425153115E-02  -1.65594873567E+03   2.56049223599E+00
   2   5   6   7   9  10  11  12  13  14   -8.87111665190E-02  -1.65604317180E+03   2.87635114017E+00
   1   5   6   8   9  10  11  12  13  14    8.87111665190E-02  -1.65604317180E+03   2.87635114017E+00
   1   2   4   7   9  10  11  12  13  14   -7.36128181931E-02  -1.65597428339E+03   6.10579883021E-01
   1   2   3   8   9  10  11  12  13  14    7.36128181931E-02  -1.65597428339E+03   6.10579883021E-01
   1   2   3   4   6   9  10  11  12  13   -6.23717006655E-02  -1.65642010065E+03   5.47296706689E-01
   1   2   3   4   5   9  10  11  12  14    6.23717006655E-02  -1.65642010065E+03   5.47296706689E-01
   1   2   3   4   6   9  10  11  13  14    6.13009666343E-02  -1.65623856654E+03   5.53197616989E-01
   1   2   3   4   5   9  10  12  13  14   -6.13009666343E-02  -1.65623856654E+03   5.53197616989E-01
   2   3   4   7   9  10  11  12  13  14    7.03994327646E-02  -1.65601465269E+03   5.64345935736E-01
   1   3   4   8   9  10  11  12  13  14   -7.03994327646E-02  -1.65601465269E+03   5.64345935736E-01
   1   2   3   4   5   6   9  10  11  12    4.42195228852E-07   2.15059772515E+05   5.89225060188E+05
   3   4   7   8   9  10  11  12  13  14    7.89068200488E-06   7.82816782996E+03   3.78221365590E+04
   1   2   3   4   5   6   9  10  11  14   -2.04073806179E-02  -1.65632255666E+03   6.93441047600E+00
   1   2   3   4   5   6   9  10  12  13    2.04073806179E-02  -1.65632255666E+03   6.93441047600E+00
   1   4   7   8   9  10  11  12  13  14    2.83024838285E-05   5.06445615509E+02   1.13173297090E+04
   2   3   7   8   9  10  11  12  13  14   -2.83024838285E-05   5.06445615509E+02   1.13173297090E+04
   1   2   3   4   5   6   9  10  13  14    6.63957656411E-07   1.65238737193E+05   3.74569876386E+05
   1   2   7   8   9  10  11  12  13  14    6.42233654387E-06   4.19936728767E+03   5.55127147150E+04
   1   2   3   4   7   9  10  11  12  14    2.82643894312E-02  -1.65637740522E+03   2.76033779543E+00
   1   2   3   4   8   9  10  11  12  13   -2.82643894312E-02  -1.65637740522E+03   2.76033779543E+00
   2   3   4   5   9  10  11  12  13  14   -2.90248014264E-02  -1.65601390361E+03   2.62978992213E+00
   1   3   4   6   9  10  11  12  13  14    2.90248014264E-02  -1.65601390361E+03   2.62978992213E+00
   1   2   3   4   7   9  10  12  13  14    3.09850554908E-02  -1.65594916823E+03   2.79434604630E+00
   1   2   3   4   8   9  10  11  13  14   -3.09850554908E-02  -1.65594916823E+03   2.79434604630E+00
   1   2   3   4   9  10  11  12  13  14    1.31678772434E-02  -1.65836319272E+03   1.38336059340E+00
   2   3   4   7   8   9  10  11  13  14    7.16450444594E-05  -2.29826762583E+03   2.44544569984E+03
   1   3   4   7   8   9  10  12  13  14   -7.16450444594E-05  -2.29826762583E+03   2.44544569984E+03
   1   2   3   6   9  10  11  12  13  14    2.59018893064E-02  -1.65595710030E+03   3.12094503569E+00
   1   2   4   5   9  10  11  12  13  14   -2.59018893064E-02  -1.65595710030E+03   3.12094503569E+00
   1   2   4   5   6   9  10  11  12  13   -2.91115551711E-03  -1.66539402219E+03   4.60650851263E+01
   1   2   3   5   6   9  10  11  12  14    2.91115551711E-03  -1.66539402219E+03   4.60650851263E+01
   2   3   4   6   7   9  10  11  13  14    1.83823848391E-02  -1.65730186409E+03   1.04944482001E+01
   1   3   4   5   8   9  10  12  13  14    1.83823848391E-02  -1.65730186409E+03   1.04944482001E+01
   2   3   4   6   7   9  10  11  12  13   -2.64185742274E-02  -1.65590258489E+03   6.92119015444E+00
   1   3   4   5   8   9  10  11  12  14   -2.64185742274E-02  -1.65590258489E+03   6.92119015444E+00
   1   2   3   5   8   9  10  11  12  14    3.30568878907E-02  -1.65524724566E+03   6.93742357416E+00
   1   2   4   6   7   9  10  11  12  13    3.30568878907E-02  -1.65524724566E+03   6.93742357416E+00
   1   3   4   5   6   9  10  12  13  14    1.10747090711E-03  -1.63448775623E+03   1.37902661710E+02
   2   3   4   5   6   9  10  11  13  14   -1.10747090711E-03  -1.63448775623E+03   1.37902661710E+02
   2   3   5   6   7   8  10  11  13  14    2.00765405884E-02  -1.65584208514E+03   7.87051110134E+01
   1   4   5   6   7   8   9  12  13  14    2.00765405884E-02  -1.65584208514E+03   7.87051110134E+01
   3   4   5   6   7   8  10  11  12  13    1.97780234233E-02  -1.65666751736E+03   8.07402252715E+01
   3   4   5   6   7   8   9  11  12  14   -1.97780234233E-02  -1.65666751736E+03   8.07402252715E+01
   1   3   4   5   6   7   8  10  12  13   -1.70856677798E-02  -1.65889898396E+03   1.02230598558E+02
   2   3   4   5   6   7   8   9  11  14   -1.70856677798E-02  -1.65889898396E+03   1.02230598558E+02
   1   2   3   4   5   8   9  10  13  14    8.33877266502E-03  -1.65709065514E+03   1.92408887031E+01
   1   2   3   4   6   7   9  10  13  14   -8.33877266502E-03  -1.65709065514E+03   1.92408887031E+01
   1   2   3   7   8   9  10  11  12  14   -3.28344055843E-04  -1.56317446578E+03   8.62954207277E+02
   1   2   4   7   8   9  10  11  12  13    3.28344055843E-04  -1.56317446578E+03   8.62954207277E+02
   1   2   3   4   7   8   9  10  13  14    7.51605722892E-05  -1.36683121592E+03   2.37617870595E+03
   1   2   4   7   8   9  10  11  13  14    7.95620055547E-04  -1.61993305838E+03   2.72831217833E+02
   1   2   3   7   8   9  10  12  13  14   -7.95620055547E-04  -1.61993305838E+03   2.72831217833E+02
   1   3   4   5   6   7   8   9  12  14    1.63739422180E-02  -1.65701103408E+03   7.05783793490E+01
   2   3   4   5   6   7   8  10  11  13    1.63739422180E-02  -1.65701103408E+03   7.05783793490E+01
   1   3   4   6   7   9  10  12  13  14   -1.65357885779E-03  -1.67498518582E+03   7.04227058088E+01
   2   3   4   5   8   9  10  11  13  14   -1.65357885779E-03  -1.67498518582E+03   7.04227058088E+01
   1   2   3   5   6   7   8  10  13  14   -1.48195953019E-02  -1.65718150485E+03   1.16558386448E+02
   1   2   4   5   6   7   8   9  13  14    1.48195953019E-02  -1.65718150485E+03   1.16558386448E+02
   3   4   5   6   7   8   9  12  13  14    1.27986027094E-02  -1.66000285588E+03   7.98966346681E+01
   3   4   5   6   7   8  10  11  13  14   -1.27986027094E-02  -1.66000285588E+03   7.98966346681E+01
   1   2   4   5   8   9  10  11  12  13   -8.60616050853E-03  -1.65720740058E+03   1.58482454660E+01
   1   2   3   6   7   9  10  11  12  14   -8.60616050853E-03  -1.65720740058E+03   1.58482454660E+01
   1   2   5   6   9  10  11  12  13  14    1.52575503143E-03  -1.64177543098E+03   1.04985900763E+02
   2   3   4   5   6   7   8   9  13  14   -1.17521132847E-02  -1.66090594123E+03   9.35154784243E+01
   1   3   4   5   6   7   8  10  13  14    1.17521132847E-02  -1.66090594123E+03   9.35154784243E+01
   1   2   4   6   7   9  10  11  13  14   -2.26885802874E-02  -1.65592726438E+03   1.02062014859E+01
   1   2   3   5   8   9  10  12  13  14   -2.26885802874E-02  -1.65592726438E+03   1.02062014859E+01
   1   2   5   8   9  10  11  12  13  14   -1.30225973330E-02  -1.65643444439E+03   1.35259158875E+01
   1   2   6   7   9  10  11  12  13  14    1.30225973330E-02  -1.65643444439E+03   1.35259158875E+01
   1   2   4   5   6   9  10  11  13  14    8.18382417870E-03  -1.65652537207E+03   1.47004216348E+01
   1   2   3   5   6   9  10  12  13  14   -8.18382417870E-03  -1.65652537207E+03   1.47004216348E+01
   2   3   4   5   7   9  10  11  12  14    1.22131813058E-02  -1.65726390756E+03   1.96078003724E+01
   1   3   4   6   8   9  10  11  12  13    1.22131813058E-02  -1.65726390756E+03   1.96078003724E+01
   3   4   6   7   9  10  11  12  13  14   -7.88064443285E-03  -1.65757372266E+03   2.07289142934E+01
   3   4   5   8   9  10  11  12  13  14    7.88064443285E-03  -1.65757372266E+03   2.07289142934E+01
   1   2   3   5   6   7   8   9  12  14   -1.43313391625E-02  -1.65512387754E+03   1.18082960350E+02
   1   2   4   5   6   7   8  10  11  13   -1.43313391625E-02  -1.65512387754E+03   1.18082960350E+02
   1   3   4   5   6   9  10  11  12  14   -1.10371216848E-04  -1.44997524448E+03   1.45459668429E+03
   2   3   4   5   6   9  10  11  12  13    1.10371216848E-04  -1.44997524448E+03   1.45459668429E+03
   1   2   5   6   7   8   9  12  13  14    1.65774561827E-02  -1.65372088672E+03   1.38968602545E+02
   1   2   5   6   7   8  10  11  13  14   -1.65774561827E-02  -1.65372088672E+03   1.38968602545E+02
   1   2   3   4   5   6   7   8  10  13    1.06501975289E-02  -1.65896110781E+03   1.17516494464E+02
   1   2   3   4   5   6   7   8   9  14   -1.06501975289E-02  -1.65896110781E+03   1.17516494464E+02
   3   4   5   6   9  10  11  12  13  14    1.24011158419E-05  -9.34690661579E+02   1.19938258212E+04
   1   4   5   6   7   8   9  11  12  14   -1.46953006480E-02  -1.65418961735E+03   8.17133049156E+01
   2   3   5   6   7   8  10  11  12  13   -1.46953006480E-02  -1.65418961735E+03   8.17133049156E+01
   1   2   5   7   8  10  11  12  13  14    7.43649543338E-03  -1.65870509826E+03   9.76615981298E+01
   1   2   6   7   8   9  11  12  13  14   -7.43649543338E-03  -1.65870509826E+03   9.76615981298E+01
   1   2   3   4   5   8   9  10  11  12   -1.74482705747E-02  -1.65570923767E+03   1.19471864118E+01
   1   2   3   4   6   7   9  10  11  12    1.74482705747E-02  -1.65570923767E+03   1.19471864118E+01
   2   3   6   7   8   9  11  12  13  14    7.85445281723E-03  -1.65694561206E+03   8.56138234827E+01
   1   4   5   7   8  10  11  12  13  14    7.85445281723E-03  -1.65694561206E+03   8.56138234827E+01
   1   2   3   4   7   8   9  10  11  12    1.37473832876E-05  -7.07678589031E+02   1.65227792942E+04
   2   3   5   6   7   8   9  11  12  14    1.35598736843E-02  -1.65453650064E+03   1.78510458802E+02
   1   4   5   6   7   8  10  11  12  13    1.35598736843E-02  -1.65453650064E+03   1.78510458802E+02
   1   3   4   7   8   9  10  11  12  14   -1.21768326487E-04  -1.81820804930E+03   1.83867136172E+03
   2   3   4   7   8   9  10  11  12  13    1.21768326487E-04  -1.81820804930E+03   1.83867136172E+03
   1   2   4   5   7   9  10  12  13  14    1.57192767751E-02  -1.65600024850E+03   1.57795429908E+01
   1   2   3   6   8   9  10  11  13  14    1.57192767751E-02  -1.65600024850E+03   1.57795429908E+01
   1   3   5   6   7   8  10  12  13  14   -1.10380493569E-02  -1.65679116017E+03   1.09028354818E+02
   2   4   5   6   7   8   9  11  13  14   -1.10380493569E-02  -1.65679116017E+03   1.09028354818E+02
   1   2   5   6   7   8  10  11  12  13    1.15221568721E-02  -1.65320322180E+03   1.48176760293E+02
   1   2   5   6   7   8   9  11  12  14   -1.15221568721E-02  -1.65320322180E+03   1.48176760293E+02
   2   3   4   5   8   9  10  11  12  13   -4.47394886794E-03  -1.65342640287E+03   3.50495581269E+01
   1   3   4   6   7   9  10  11  12  14   -4.47394886794E-03  -1.65342640287E+03   3.50495581269E+01
   1   2   3   5   6   8   9  11  12  14   -9.91149356745E-03  -1.65646789058E+03   7.21060698999E+01
   1   2   4   5   6   7  10  11  12  13   -9.91149356745E-03  -1.65646789058E+03   7.21060698999E+01
   1   4   6   7   8   9  11  12  13  14   -5.06631569679E-03  -1.65815602336E+03   1.00389975747E+02
   2   3   5   7   8  10  11  12  13  14   -5.06631569679E-03  -1.65815602336E+03   1.00389975747E+02
   1   2   4   5   6   7   8   9  11  14    1.11626157309E-02  -1.65523817267E+03   1.18380348890E+02
   1   2   3   5   6   7   8  10  12  13    1.11626157309E-02  -1.65523817267E+03   1.18380348890E+02
   1   3   4   5   6   8  10  11  12  13   -1.11760165170E-02  -1.65424913782E+03   6.18761118069E+01
   2   3   4   5   6   7   9  11  12  14   -1.11760165170E-02  -1.65424913782E+03   6.18761118069E+01
   1   2   4   5   6   7  10  11  13  14    8.45152556030E-03  -1.65684668076E+03   8.41536863546E+01
   1   2   3   5   6   8   9  12  13  14    8.45152556030E-03  -1.65684668076E+03   8.41536863546E+01
   3   4   5   7   8  10  11  12  13  14    4.97961067842E-03  -1.65329670761E+03   9.44375099329E+01
   3   4   6   7   8   9  11  12  13  14   -4.97961067842E-03  -1.65329670761E+03   9.44375099329E+01
   2   3   5   6   7   8   9  12  13  14   -9.07608722809E-03  -1.65434603001E+03   1.77403730541E+02
   1   4   5   6   7   8  10  11  13  14   -9.07608722809E-03  -1.65434603001E+03   1.77403730541E+02
   4   5   6   7   8   9  11  12  13  14    1.20742448940E-02  -1.65238761206E+03   9.10334348403E+01
   3   5   6   7   8  10  11  12  13  14   -1.20742448940E-02  -1.65238761206E+03   9.10334348403E+01
   1   2   4   5   6   7   9  12  13  14   -7.79912327761E-03  -1.65791455788E+03   8.86707813503E+01
   1   2   3   5   6   8  10  11  13  14   -7.79912327761E-03  -1.65791455788E+03   8.86707813503E+01
   1   2   3   4   6   7   9  10  12  13    3.29400807650E-03  -1.66166465032E+03   5.60001468961E+01
   1   2   3   4   5   8   9  10  11  14    3.29400807650E-03  -1.66166465032E+03   5.60001468961E+01
   2   4   5   7   9  10  11  12  13  14    1.10073240808E-02  -1.65504506224E+03   1.94646662446E+01
   1   3   6   8   9  10  11  12  13  14    1.10073240808E-02  -1.65504506224E+03   1.94646662446E+01
   1   2   3   4   5   7   9  10  12  14   -7.99272765536E-03  -1.65707388463E+03   2.32739853389E+01
   1   2   3   4   6   8   9  10  11  13   -7.99272765536E-03  -1.65707388463E+03   2.32739853389E+01
   1   2   4   6   7   8   9  11  12  13   -5.47578671079E-03  -1.65415832367E+03   1.83533359593E+02
   1   2   3   5   7   8  10  11  12  14   -5.47578671079E-03  -1.65415832367E+03   1.83533359593E+02
   1   3   4   6   8   9  10  11  13  14   -9.62903413937E-03  -1.65569426952E+03   2.04758255108E+01
   2   3   4   5   7   9  10  12  13  14   -9.62903413937E-03  -1.65569426952E+03   2.04758255108E+01
   1   3   4   5   7   8  10  11  12  14    6.22122561908E-03  -1.65524147715E+03   1.46500860676E+02
   2   3   4   6   7   8   9  11  12  13    6.22122561908E-03  -1.65524147715E+03   1.46500860676E+02
   1   2   4   6   7   9  11  12  13  14    7.24845045337E-03  -1.65739325115E+03   1.08886207646E+01
   1   2   3   5   8  10  11  12  13  14    7.24845045337E-03  -1.65739325115E+03   1.08886207646E+01
   1   2   4   5   7  10  11  12  13  14   -5.99190076266E-03  -1.66037809228E+03   1.19055504832E+01
   1   2   3   6   8   9  11  12  13  14   -5.99190076266E-03  -1.66037809228E+03   1.19055504832E+01
   2   3   4   5   6   7  10  11  12  13    7.85952619686E-03  -1.65528326388E+03   6.36765195852E+01
   1   3   4   5   6   8   9  11  12  14    7.85952619686E-03  -1.65528326388E+03   6.36765195852E+01
   2   3   6   7   9  10  11  12  13  14   -1.19185775120E-02  -1.65495255866E+03   1.36379595722E+01
   1   4   5   8   9  10  11  12  13  14   -1.19185775120E-02  -1.65495255866E+03   1.36379595722E+01
   1   3   4   6   8   9  11  12  13  14    6.98625428639E-03  -1.65607849584E+03   7.26730196091E+00
   2   3   4   5   7  10  11  12  13  14    6.98625428639E-03  -1.65607849584E+03   7.26730196091E+00
   1   2   3   4   5   6   9  12  13  14   -1.49297851387E-03  -1.73670147314E+03   1.90238479122E+01
   1   2   3   4   5   6  10  11  13  14    1.49297851387E-03  -1.73670147314E+03   1.90238479122E+01
   2   4   5   6   7   9  11  12  13  14   -6.65305241284E-03  -1.65756735415E+03   7.06057097719E+01
   1   3   5   6   8  10  11  12  13  14   -6.65305241284E-03  -1.65756735415E+03   7.06057097719E+01
   1   2   3   4   5   6   9  11  12  14    4.52161490162E-04  -1.85485487751E+03   1.63721956398E+02
   1   2   3   4   5   6  10  11  12  13   -4.52161490162E-04  -1.85485487751E+03   1.63721956398E+02
   1   3   4   5   8  10  11  12  13  14   -7.69955946480E-03  -1.65377947990E+03   8.83574758404E+00
   2   3   4   6   7   9  11  12  13  14   -7.69955946480E-03  -1.65377947990E+03   8.83574758404E+00
   2   3   4   5   6   7  10  11  13  14   -6.34232102802E-03  -1.65374687301E+03   7.87838792814E+01
   1   3   4   5   6   8   9  12  13  14   -6.34232102802E-03  -1.65374687301E+03   7.87838792814E+01
   1   2   3   4   5   6   7  10  11  12   -6.79278416622E-03  -1.65576169647E+03   1.42626077080E+02
   1   2   3   4   5   6   8   9  11  12    6.79278416622E-03  -1.65576169647E+03   1.42626077080E+02
   1   2   4   5   6   7   9  11  12  14    6.04362733767E-03  -1.65881351385E+03   8.69806088223E+01
   1   2   3   5   6   8  10  11  12  13    6.04362733767E-03  -1.65881351385E+03   8.69806088223E+01
   1   2   4   5   7   9  10  11  12  14   -9.76876120697E-03  -1.65494366594E+03   2.13836956835E+01
   1   2   3   6   8   9  10  11  12  13   -9.76876120697E-03  -1.65494366594E+03   2.13836956835E+01
   1   2   3   4   5   6   7   9  12  14    6.51732325516E-03  -1.65377376055E+03   7.81951309904E+01
   1   2   3   4   5   6   8  10  11  13    6.51732325516E-03  -1.65377376055E+03   7.81951309904E+01
   1   2   3   5   6   7   8  10  11  12    1.81122911480E-03  -1.69836906062E+03   1.12168366577E+03
   1   2   4   5   6   7   8   9  11  12   -1.81122911480E-03  -1.69836906062E+03   1.12168366577E+03
   1   2   4   5   7   8  10  11  12  13    3.53014311112E-03  -1.65624151025E+03   1.06486050163E+02
   1   2   3   6   7   8   9  11  12  14    3.53014311112E-03  -1.65624151025E+03   1.06486050163E+02
   1   2   3   4   5   6   7  10  11  14   -5.47181366586E-03  -1.65461378530E+03   1.78135082801E+02
   1   2   3   4   5   6   8   9  12  13   -5.47181366586E-03  -1.65461378530E+03   1.78135082801E+02
   2   3   4   5   6   7   9  12  13  14    6.98773334458E-03  -1.65279601984E+03   6.60704872091E+01
   1   3   4   5   6   8  10  11  13  14    6.98773334458E-03  -1.65279601984E+03   6.60704872091E+01
   1   2   4   5   8   9  10  11  13  14   -1.03573335387E-03  -1.65374210221E+03   1.28088022742E+02
   1   2   3   6   7   9  10  12  13  14   -1.03573335387E-03  -1.65374210221E+03   1.28088022742E+02
   1   2   3   4   5   6   7   8   9  12    3.16750152869E-03  -1.66827066558E+03   6.38234663537E+02
   1   2   3   4   5   6   7   8  10  11   -3.16750152869E-03  -1.66827066558E+03   6.38234663537E+02
   1   2   3   6   7   8   9  12  13  14    2.85494608178E-03  -1.65253383029E+03   1.06132982867E+02
   1   2   4   5   7   8  10  11  13  14    2.85494608178E-03  -1.65253383029E+03   1.06132982867E+02
   1   2   3   4   6   9  11  12  13  14    4.34940005789E-04  -1.75531956097E+03   3.17535107035E+02
   1   2   3   4   5  10  11  12  13  14   -4.34940005789E-04  -1.75531956097E+03   3.17535107035E+02
   1   2   5   6   8   9  11  12  13  14    5.51061706915E-03  -1.65511912804E+03   5.49621565873E+01
   1   2   5   6   7  10  11  12  13  14   -5.51061706915E-03  -1.65511912804E+03   5.49621565873E+01
   1   3   4   6   7   8   9  12  13  14   -2.05040877916E-03  -1.64966492233E+03   1.07948905482E+02
   2   3   4   5   7   8  10  11  13  14   -2.05040877916E-03  -1.64966492233E+03   1.07948905482E+02
   1   4   5   6   7  10  11  12  13  14    4.68004614781E-03  -1.65241261067E+03   6.72574659154E+01
   2   3   5   6   8   9  11  12  13  14    4.68004614781E-03  -1.65241261067E+03   6.72574659154E+01
   2   3   4   5   7   8   9  11  12  14   -4.18243050049E-03  -1.65623125747E+03   2.18875142322E+02
   1   3   4   6   7   8  10  11  12  13   -4.18243050049E-03  -1.65623125747E+03   2.18875142322E+02
   3   4   5   6   8   9  11  12  13  14   -3.44251603179E-03  -1.64964082686E+03   6.52702086262E+01
   3   4   5   6   7  10  11  12  13  14    3.44251603179E-03  -1.64964082686E+03   6.52702086262E+01
   1   3   4   6   7   8   9  11  12  14   -2.43618856304E-03  -1.65428790079E+03   1.11762433301E+02
   2   3   4   5   7   8  10  11  12  13   -2.43618856304E-03  -1.65428790079E+03   1.11762433301E+02
   1   2   3   5   6   7  10  11  12  14    1.25154713576E-03  -1.69002990869E+03   3.19235889793E+02
   1   2   4   5   6   8   9  11  12  13    1.25154713576E-03  -1.69002990869E+03   3.19235889793E+02
   1   2   3   5   6   7   8  10  11  14    3.24522837159E-03  -1.66251732264E+03   8.98793442101E+02
   1   2   4   5   6   7   8   9  12  13    3.24522837159E-03  -1.66251732264E+03   8.98793442101E+02
   1   2   3   4   5   7   8  10  11  12    2.48815507942E-03  -1.65112138613E+03   1.93274345182E+02
   1   2   3   4   6   7   8   9  11  12   -2.48815507942E-03  -1.65112138613E+03   1.93274345182E+02
   1   2   3   4   5   8  10  11  12  13   -3.95715946880E-03  -1.65088448905E+03   1.35975245810E+01
   1   2   3   4   6   7   9  11  12  14   -3.95715946880E-03  -1.65088448905E+03   1.35975245810E+01
   2   5   6   7   8   9  11  12  13  14    7.53172431517E-03  -1.64856813293E+03   2.14189446681E+02
   1   5   6   7   8  10  11  12  13  14   -7.53172431517E-03  -1.64856813293E+03   2.14189446681E+02
   1   2   3   4   6   8   9  11  12  13    1.37248722280E-03  -1.67518327386E+03   5.63786105113E+01
   1   2   3   4   5   7  10  11  12  14    1.37248722280E-03  -1.67518327386E+03   5.63786105113E+01
   1   2   4   5   7   8   9  12  13  14   -2.91785828275E-03  -1.65628551214E+03   3.15344898453E+02
   1   2   3   6   7   8  10  11  13  14   -2.91785828275E-03  -1.65628551214E+03   3.15344898453E+02
   1   2   3   4   5   7  10  12  13  14    4.48565681242E-03  -1.65065480904E+03   1.20093866410E+01
   1   2   3   4   6   8   9  11  13  14    4.48565681242E-03  -1.65065480904E+03   1.20093866410E+01
   1   2   5   6   7   8  11  12  13  14    3.39129395427E-08   3.04901306131E+06   5.78262311241E+06
   1   3   4   6   7   8  10  11  13  14    2.62925095922E-03  -1.65801940563E+03   2.30626852177E+02
   2   3   4   5   7   8   9  12  13  14    2.62925095922E-03  -1.65801940563E+03   2.30626852177E+02
   1   2   3   4   6   7   9  12  13  14   -5.80676350462E-04  -1.73622168265E+03   7.52492501564E+01
   1   2   3   4   5   8  10  11  13  14   -5.80676350462E-04  -1.73622168265E+03   7.52492501564E+01
   2   3   5   6   7  10  11  12  13  14    2.15635177288E-03  -1.67100634486E+03   9.99313365115E+01
   1   4   5   6   8   9  11  12  13  14    2.15635177288E-03  -1.67100634486E+03   9.99313365115E+01
   3   4   5   6   7   8  11  12  13  14    2.42182505093E-07   2.79557091512E+05   6.31099721380E+05
   1   4   5   6   7   8  11  12  13  14   -7.03262377491E-04  -1.71495139877E+03   1.31832337261E+02
   2   3   5   6   7   8  11  12  13  14    7.03262377491E-04  -1.71495139877E+03   1.31832337261E+02
   1   3   4   5   6  10  11  12  13  14    1.51518626851E-03  -1.67821701110E+03   1.25625171218E+01
   2   3   4   5   6   9  11  12  13  14   -1.51518626851E-03  -1.67821701110E+03   1.25625171218E+01
   1   3   6   7   8  10  11  12  13  14   -2.81236584734E-03  -1.65413978574E+03   2.22951460882E+02
   2   4   5   7   8   9  11  12  13  14   -2.81236584734E-03  -1.65413978574E+03   2.22951460882E+02
   1   2   3   4   6   7   8  10  11  13    2.10301833474E-03  -1.65626906441E+03   3.18670949566E+02
   1   2   3   4   5   7   8   9  12  14    2.10301833474E-03  -1.65626906441E+03   3.18670949566E+02
   1   2   4   5   6   9  11  12  13  14    3.55646859075E-04  -1.53538441746E+03   2.27541365513E+02
   1   2   3   5   6  10  11  12  13  14   -3.55646859075E-04  -1.53538441746E+03   2.27541365513E+02
   1   2   3   6   7   8  10  11  12  13    2.27537288528E-03  -1.65307633075E+03   2.99545913250E+02
   1   2   4   5   7   8   9  11  12  14    2.27537288528E-03  -1.65307633075E+03   2.99545913250E+02
   1   2   3   4   5   7   8  10  11  14   -1.90406818543E-03  -1.65474681075E+03   2.02732140223E+02
   1   2   3   4   6   7   8   9  12  13   -1.90406818543E-03  -1.65474681075E+03   2.02732140223E+02
   1   2   3   4   5   6   7   8  11  12    9.30410295309E-11   7.47376113118E+08   1.37959567122E+09
   1   2   3   5   6   7   8  11  12  14    1.45944432011E-03  -1.66084138316E+03   6.44476117737E+01
   1   2   4   5   6   7   8  11  12  13   -1.45944432011E-03  -1.66084138316E+03   6.44476117737E+01
   1   3   4   5   6   7  10  11  12  14    2.28175391512E-03  -1.66501790575E+03   1.77842172751E+02
   2   3   4   5   6   8   9  11  12  13    2.28175391512E-03  -1.66501790575E+03   1.77842172751E+02
   1   2   3   4   7   8   9  10  12  13   -1.14486570313E-03  -1.64733018555E+03   1.54591236759E+02
   1   2   3   4   7   8   9  10  11  14    1.14486570313E-03  -1.64733018555E+03   1.54591236759E+02
   2   3   5   6   9  10  11  12  13  14    2.27229114462E-04  -1.67597338158E+03   5.86649735825E+02
   1   4   5   6   9  10  11  12  13  14   -2.27229114462E-04  -1.67597338158E+03   5.86649735825E+02
   2   3   4   5   6   7   8   9  12  13    2.19044268523E-04  -1.77140951225E+03   9.13297608439E+03
   1   3   4   5   6   7   8  10  11  14    2.19044268523E-04  -1.77140951225E+03   9.13297608439E+03
   2   3   4   5   6   7   8  11  13  14    1.59559450901E-04  -1.79855757471E+03   6.45139876581E+02
   1   3   4   5   6   7   8  12  13  14   -1.59559450901E-04  -1.79855757471E+03   6.45139876581E+02
   1   3   5   6   7   8  10  11  12  14    1.06703715584E-03  -1.63805561121E+03   1.93590566971E+03
   2   4   5   6   7   8   9  11  12  13    1.06703715584E-03  -1.63805561121E+03   1.93590566971E+03
   1   2   3   4   5   6   7   8  13  14    4.96139610350E-12   7.87037902554E+09   2.75891669624E+10
   1   2   4   6   7   8   9  11  13  14   -1.31115078560E-04  -1.52341508784E+03   5.29761369204E+03
   1   2   3   5   7   8  10  12  13  14   -1.31115078560E-04  -1.52341508784E+03   5.29761369204E+03
   2   3   5   8   9  10  11  12  13  14   -1.09234724179E-02  -1.65459826336E+03   1.75263260689E+01
   1   4   6   7   9  10  11  12  13  14   -1.09234724179E-02  -1.65459826336E+03   1.75263260689E+01
   1   3   4   5   7   8  10  12  13  14   -6.38354691004E-04  -1.68430223836E+03   9.57880773036E+02
   2   3   4   6   7   8   9  11  13  14   -6.38354691004E-04  -1.68430223836E+03   9.57880773036E+02
   2   3   4   5   6   8   9  11  13  14    1.72524489684E-03  -1.62659920626E+03   1.64820989095E+02
   1   3   4   5   6   7  10  12  13  14    1.72524489684E-03  -1.62659920626E+03   1.64820989095E+02
   1   2   3   4   6   7   8   9  13  14   -8.57906962250E-05  -1.51247790234E+03   3.22150187346E+03
   1   2   3   4   5   7   8  10  13  14    8.57906962250E-05  -1.51247790234E+03   3.22150187346E+03
   2   3   4   5   6   7   8   9  11  12   -7.07846366714E-04  -1.62678527840E+03   4.19124760765E+03
   1   3   4   5   6   7   8  10  11  12    7.07846366714E-04  -1.62678527840E+03   4.19124760765E+03
   2   3   4   7   8   9  11  12  13  14   -3.54159164738E-04  -1.61642492438E+03   1.08854655127E+02
   1   3   4   7   8  10  11  12  13  14    3.54159164738E-04  -1.61642492438E+03   1.08854655127E+02
   1   3   4   5   6   7   8  11  12  14   -6.83432121611E-04  -1.66157554238E+03   1.63553521346E+02
   2   3   4   5   6   7   8  11  12  13    6.83432121611E-04  -1.66157554238E+03   1.63553521346E+02
   1   2   3   4   8   9  11  12  13  14   -1.34585608150E-03  -1.64638640843E+03   1.45239006529E+02
   1   2   3   4   7  10  11  12  13  14    1.34585608150E-03  -1.64638640843E+03   1.45239006529E+02
   1   2   3   4   5   6  11  12  13  14    1.37025354713E-13   9.99999998429E+11   1.00000000000E+05
   1   3   4   5   6   8  11  12  13  14   -4.48555610175E-04  -1.68270073155E+03   1.16565596754E+02
   2   3   4   5   6   7  11  12  13  14    4.48555610175E-04  -1.68270073155E+03   1.16565596754E+02
   1   2   3   5   6   8  11  12  13  14    9.92865407266E-04  -1.64909635769E+03   6.25102587948E+01
   1   2   4   5   6   7  11  12  13  14   -9.92865407266E-04  -1.64909635769E+03   6.25102587948E+01
   1   2   3   4   5   6   7   8  11  14    8.19223877411E-09   2.94243425141E+06   1.51073910034E+07
   1   2   3   4   5   6   7   8  12  13   -8.19223877411E-09   2.94243425141E+06   1.51073910034E+07
   1   2   3   4   5   6   8   9  13  14    4.46580203321E-04  -1.62340700423E+03   1.45217000189E+03
   1   2   3   4   5   6   7  10  13  14   -4.46580203321E-04  -1.62340700423E+03   1.45217000189E+03
   1   2   4   5   6   7   8  11  13  14   -7.53794500303E-05  -1.69463446594E+03   1.53996215697E+03
   1   2   3   5   6   7   8  12  13  14    7.53794500303E-05  -1.69463446594E+03   1.53996215697E+03
   1   2   3   4   6   7  10  11  13  14    1.82384961526E-04  -1.52827999328E+03   5.61211466201E+02
   1   2   3   4   5   8   9  12  13  14    1.82384961526E-04  -1.52827999328E+03   5.61211466201E+02
   1   2   3   4   5   8   9  10  12  13    1.09880144233E-02  -1.65474864311E+03   1.97829575552E+01
   1   2   3   4   6   7   9  10  11  14    1.09880144233E-02  -1.65474864311E+03   1.97829575552E+01
   1   2   4   5   6   8   9  11  13  14    4.21895376069E-04  -1.60656825991E+03   6.95166353301E+02
   1   2   3   5   6   7  10  12  13  14    4.21895376069E-04  -1.60656825991E+03   6.95166353301E+02
   1   2   3   4   5   6   7  12  13  14    3.50333903275E-09  -4.68137521161E+06   1.07502170148E+07
   1   2   3   4   5   6   8  11  13  14   -3.50333903275E-09  -4.68137521161E+06   1.07502170148E+07
   1   2   3   4   5   6   7  11  12  14   -1.25804417957E-07   1.06161858054E+05   6.13505663152E+05
   1   2   3   4   5   6   8  11  12  13    1.25804417957E-07   1.06161858054E+05   6.13505663152E+05
   2   3   4   5   8   9  11  12  13  14   -1.14458243008E-03  -1.63496067352E+03   3.70627922609E+01
   1   3   4   6   7  10  11  12  13  14   -1.14458243008E-03  -1.63496067352E+03   3.70627922609E+01
   1   2   3   4   5   6   8   9  11  14   -1.58801021933E-03  -1.64078754959E+03   4.17649171753E+02
   1   2   3   4   5   6   7  10  12  13   -1.58801021933E-03  -1.64078754959E+03   4.17649171753E+02
   2   3   4   5   7   8  11  12  13  14   -7.86220937532E-05  -1.66057199442E+03   5.02552948568E+02
   1   3   4   6   7   8  11  12  13  14    7.86220937532E-05  -1.66057199442E+03   5.02552948568E+02
   1   2   3   4   5   7   8  10  12  13    1.45624198197E-04  -1.59810026446E+03   2.37551277496E+03
   1   2   3   4   6   7   8   9  11  14    1.45624198197E-04  -1.59810026446E+03   2.37551277496E+03
   1   2   4   7   8   9  11  12  13  14    2.71529368237E-04  -1.62400864511E+03   1.46637310447E+02
   1   2   3   7   8  10  11  12  13  14   -2.71529368237E-04  -1.62400864511E+03   1.46637310447E+02
   1   2   3   4   5   7   8  12  13  14    9.52206786956E-08   9.25776897945E+04   3.67242959425E+05
   1   2   3   4   6   7   8  11  13  14   -9.52206786956E-08   9.25776897945E+04   3.67242959425E+05
   1   2   3   4   7   8   9  12  13  14   -7.23618469050E-05  -1.62231413454E+03   3.62478377159E+02
   1   2   3   4   7   8  10  11  13  14    7.23618469050E-05  -1.62231413454E+03   3.62478377159E+02
   1   2   3   4   7   8  11  12  13  14    4.35722197734E-13   9.99999998429E+11   1.00000000000E+05
   1   2   3   4   6   7  10  11  12  13    4.06830530594E-04  -1.63626339512E+03   2.61782429883E+02
   1   2   3   4   5   8   9  11  12  14    4.06830530594E-04  -1.63626339512E+03   2.61782429883E+02
   1   2   3   4   5   7   8  11  12  14   -3.87983151329E-08   2.29240871599E+05   1.46188623310E+06
   1   2   3   4   6   7   8  11  12  13    3.87983151329E-08   2.29240871599E+05   1.46188623310E+06
   1   2   3   4   7   8  10  11  12  13    1.43681901923E-04  -1.59198799855E+03   2.46445762658E+02
   1   2   3   4   7   8   9  11  12  14   -1.43681901923E-04  -1.59198799855E+03   2.46445762658E+02
   1   2   3   4   6   7  11  12  13  14    2.73147098365E-08  -3.41312519551E+04   9.66420775152E+05
   1   2   3   4   5   8  11  12  13  14   -2.73147098365E-08  -3.41312519551E+04   9.66420775152E+05
   1   2   3   6   7   8  11  12  13  14    1.36044418784E-04  -1.63414853097E+03   3.71245945490E+02
   1   2   4   5   7   8  11  12  13  14   -1.36044418784E-04  -1.63414853097E+03   3.71245945490E+02
   1   2   4   5   8   9  11  12  13  14   -2.15034618409E-04  -1.60716503881E+03   2.63769240485E+02
   1   2   3   6   7  10  11  12  13  14   -2.15034618409E-04  -1.60716503881E+03   2.63769240485E+02
