# Block_length   Mean       Error        Error_in_Error
        2022  -4.6645931100313867        9.3678774863553509E-005   1.4734759366737356E-006
        1011  -4.6645931100313831        1.2230798581460732E-004   2.7213169673242086E-006
         505  -4.6645876506955837        1.5025753899947639E-004   4.7326676286333751E-006
         252  -4.6645928579740623        1.7166841464650597E-004   7.6619363154545399E-006
         126  -4.6645928579740552        1.7014812024875836E-004   1.0761111991645833E-005
          63  -4.6645928579740552        1.4769652157561641E-004   1.3263539182946333E-005
          31  -4.6645764661888416        1.4991036594222989E-004   1.9353345023937198E-005
          15  -4.6645747484382856        1.8553767102331631E-004   3.5063324025843557E-005
           7  -4.6645434382473479        2.1581573239319834E-004   6.2300635596284652E-005
           3  -4.6645448890200436        4.2713660467134554E-004   2.1356830233567277E-004
