# of blocks mean (X_5)     std.err. (X_5)  std.err.err. (X_5)  mean (X_6)     std.err. (X_6)  std.err.err. (X_6)  cov(X_5,X_6)   mean (X_5/X_6)   std.err. (X_5/X_6) 
# from 50000 to 0
2049        -34849636.2536 2.40423297e+02  3.75661401e+00       90908.2531583  6.27164630e-01  9.79944735e-03       -3.08958e+05   -383.349531454557 1.577336163972e-07 
1024        -34849624.0258 3.34956295e+02  7.40517506e+00       90908.2212614  8.73762078e-01  1.93170310e-02       -2.99696e+05   -383.349531452757 2.196947139088e-07 
512         -34849624.0258 4.60276461e+02  1.43977065e+01       90908.2212614  1.20067084e+00  3.75576590e-02       -2.82952e+05   -383.349531452757 3.006932448243e-07 
256         -34849624.0258 6.21719307e+02  2.75301937e+01       90908.2212614  1.62180826e+00  7.18148767e-02       -2.58127e+05   -383.349531452757 3.999954613893e-07 
128         -34849624.0258 8.20237639e+02  5.14662868e+01       90908.2212614  2.13966140e+00  1.34254297e-01       -2.24644e+05   -383.349531452756 5.157129952696e-07 
64          -34849624.0258 1.04420124e+03  9.30248402e+01       90908.2212614  2.72388144e+00  2.42662646e-01       -1.82034e+05   -383.349531452757 5.685393200262e-07 
32          -34849624.0258 1.25359230e+03  1.59206382e+02       90908.2212614  3.27008996e+00  4.15301840e-01       -1.31180e+05   -383.349531452757 6.096888833067e-07 
16          -34849624.0258 1.22944473e+03  2.24464870e+02       90908.2212614  3.20710478e+00  5.85534543e-01       -6.30873e+04   -383.349531452757 5.466731493595e-07 
8           -34849624.0258 1.06383463e+03  2.84321765e+02       90908.2212614  2.77514570e+00  7.41688885e-01       -2.36184e+04   -383.349531452757 6.131201308371e-07 
4           -34849624.0258 4.76747893e+02  1.94631512e+02       90908.2212614  1.24372655e+00  5.07749240e-01       -2.37178e+03   -383.349531452757 7.669540998450e-07 
2           -34849624.0258 8.14833904e+01  5.76174579e+01       90908.2212614  2.12701073e-01  1.50402371e-01       -3.46632e+01   -383.349531452757 6.101351405440e-07 
