# No.Blocks      Mean       Error        Error_in_Error
        1964   10058.103080423074        8.2260018933124318E-002   1.3128456137032102E-003
         982   10058.103080423056       0.11535986548641418        2.6043853244024939E-003
         491   10058.103080423070       0.16052283586626126        5.1277138991143072E-003
         245   10058.114378993774       0.22109900296218205        1.0008681591219083E-002
         122   10058.133522097387       0.29946439810437053        1.9250300602140755E-002
          61   10058.133522097392       0.39018430969022705        3.5618791333653158E-002
          30   10058.183467206198       0.49523697931750960        6.5027801174406374E-002
          15   10058.183467206198       0.64980436200185787       0.12280148162156466     
           7   10058.405019272823       0.83952673853285020       0.24235049424191482     
           3   10058.401041297526       0.99179271740032182       0.49589635870016091     
