# Block_length   Mean       Error        Error_in_Error
        1964 -0.68349696912159208        8.5059674866229160E-006   1.3575272957563468E-007
         982 -0.68349696912159086        1.1857127270734167E-005   2.6768866384565467E-007
         491 -0.68349696912159252        1.6259352005357345E-005   5.1938594791537920E-007
         245 -0.68349613101906337        2.1865399807417975E-005   9.8980014204126355E-007
         122 -0.68349497741546816        2.7850580246206385E-005   1.7903031047338766E-006
          61 -0.68349497741546816        3.3055075585359621E-005   3.0175017563566245E-006
          30 -0.68348947065950894        3.5970758923525399E-005   4.7231920415051537E-006
          15 -0.68348947065950916        4.1480008959448725E-005   7.8389848633880305E-006
           7 -0.68349196807523738        4.9499090251845922E-005   1.4289156540772413E-005
           3 -0.68350984645449842        7.8484060917531127E-005   3.9242030458765563E-005
