# FIXED-NODE: TRIAL WAVE FUNCTION DUMP FILE [ nI | twfn amp. ]
 # Size of Hilbert Space:          441
 # Type of Trial Wave Function |  Slater =           7  |  Jastrow = T  |  Backflow = T
 
         1   1   2   3   4   5   6   7   8   9  10   4.56872246222E-01
         2   1   2   3   4   5   6   7   8   9  12   2.89627181738E-03
         3   1   2   3   4   5   6   7   8   9  14  -1.28545007890E-02
         4   1   2   3   4   5   6   7   8  10  11  -2.89627181738E-03
         5   1   2   3   4   5   6   7   8  10  13   1.28545007890E-02
         6   1   2   3   4   5   6   7   8  11  12  -1.03494961033E-03
         7   1   2   3   4   5   6   7   8  11  14  -2.84073492277E-04
         8   1   2   3   4   5   6   7   8  12  13   2.84073492277E-04
         9   1   2   3   4   5   6   7   8  13  14   6.20469607255E-05
        10   1   2   3   4   5   6   7   9  10  12  -2.46271622105E-01
        11   1   2   3   4   5   6   7   9  10  14  -2.46959884335E-01
        12   1   2   3   4   5   6   7   9  12  14   5.52019291261E-03
        13   1   2   3   4   5   6   7  10  11  12  -5.60473072323E-03
        14   1   2   3   4   5   6   7  10  11  14  -6.16200347853E-03
        15   1   2   3   4   5   6   7  10  12  13  -5.77545263851E-05
        16   1   2   3   4   5   6   7  10  13  14  -9.47613016188E-04
        17   1   2   3   4   5   6   7  11  12  14   2.55623420836E-04
        18   1   2   3   4   5   6   7  12  13  14   2.35307804927E-04
        19   1   2   3   4   5   6   8   9  10  11   2.46271622105E-01
        20   1   2   3   4   5   6   8   9  10  13   2.46959884335E-01
        21   1   2   3   4   5   6   8   9  11  12   5.60473072323E-03
        22   1   2   3   4   5   6   8   9  11  14  -5.77545263851E-05
        23   1   2   3   4   5   6   8   9  12  13  -6.16200347853E-03
        24   1   2   3   4   5   6   8   9  13  14   9.47613016188E-04
        25   1   2   3   4   5   6   8  10  11  13   5.52019291261E-03
        26   1   2   3   4   5   6   8  11  12  13  -2.55623420836E-04
        27   1   2   3   4   5   6   8  11  13  14  -2.35307804927E-04
        28   1   2   3   4   5   6   9  10  11  12  -5.35464185563E-02
        29   1   2   3   4   5   6   9  10  11  14  -4.42236740872E-02
        30   1   2   3   4   5   6   9  10  12  13   4.42236740872E-02
        31   1   2   3   4   5   6   9  10  13  14  -3.86360394563E-02
        32   1   2   3   4   5   6   9  11  12  14   3.53122287160E-03
        33   1   2   3   4   5   6   9  12  13  14  -6.05539379623E-03
        34   1   2   3   4   5   6  10  11  12  13  -3.53122287160E-03
        35   1   2   3   4   5   6  10  11  13  14   6.05539379623E-03
        36   1   2   3   4   5   6  11  12  13  14  -5.46559215534E-05
        37   1   2   3   4   5   7   8   9  10  12   1.11705238195E-01
        38   1   2   3   4   5   7   8   9  10  14  -8.48386594617E-02
        39   1   2   3   4   5   7   8   9  12  14   2.19429968965E-03
        40   1   2   3   4   5   7   8  10  11  12   3.64625706694E-03
        41   1   2   3   4   5   7   8  10  11  14  -2.75007218034E-03
        42   1   2   3   4   5   7   8  10  12  13   5.53649147724E-04
        43   1   2   3   4   5   7   8  10  13  14   9.07279354558E-04
        44   1   2   3   4   5   7   8  11  12  14   6.41624475157E-05
        45   1   2   3   4   5   7   8  12  13  14   2.16673871009E-05
        46   1   2   3   4   5   7   9  10  12  14  -2.55999780898E-03
        47   1   2   3   4   5   7  10  11  12  14   3.72439964920E-03
        48   1   2   3   4   5   7  10  12  13  14   2.70666018599E-03
        49   1   2   3   4   5   8   9  10  11  12  -1.19672573951E-02
        50   1   2   3   4   5   8   9  10  11  14   1.00795643626E-02
        51   1   2   3   4   5   8   9  10  12  13   7.06472657653E-03
        52   1   2   3   4   5   8   9  10  13  14   1.63509244109E-02
        53   1   2   3   4   5   8   9  11  12  14   2.39458826537E-04
        54   1   2   3   4   5   8   9  12  13  14  -1.64979800867E-03
        55   1   2   3   4   5   8  10  11  12  13  -3.32105159506E-03
        56   1   2   3   4   5   8  10  11  13  14  -2.14098904924E-03
        57   1   2   3   4   5   8  11  12  13  14  -5.56162881018E-05
        58   1   2   3   4   5   9  10  11  12  14   6.25375179382E-02
        59   1   2   3   4   5   9  10  12  13  14  -6.43989260582E-02
        60   1   2   3   4   5  10  11  12  13  14   1.15612786879E-03
        61   1   2   3   4   6   7   8   9  10  11  -1.11705238195E-01
        62   1   2   3   4   6   7   8   9  10  13   8.48386594617E-02
        63   1   2   3   4   6   7   8   9  11  12  -3.64625706694E-03
        64   1   2   3   4   6   7   8   9  11  14   5.53649147724E-04
        65   1   2   3   4   6   7   8   9  12  13  -2.75007218034E-03
        66   1   2   3   4   6   7   8   9  13  14  -9.07279354558E-04
        67   1   2   3   4   6   7   8  10  11  13   2.19429968965E-03
        68   1   2   3   4   6   7   8  11  12  13  -6.41624475157E-05
        69   1   2   3   4   6   7   8  11  13  14  -2.16673871009E-05
        70   1   2   3   4   6   7   9  10  11  12   1.19672573951E-02
        71   1   2   3   4   6   7   9  10  11  14   7.06472657653E-03
        72   1   2   3   4   6   7   9  10  12  13   1.00795643626E-02
        73   1   2   3   4   6   7   9  10  13  14  -1.63509244109E-02
        74   1   2   3   4   6   7   9  11  12  14  -3.32105159506E-03
        75   1   2   3   4   6   7   9  12  13  14  -2.14098904924E-03
        76   1   2   3   4   6   7  10  11  12  13   2.39458826537E-04
        77   1   2   3   4   6   7  10  11  13  14  -1.64979800867E-03
        78   1   2   3   4   6   7  11  12  13  14   5.56162881018E-05
        79   1   2   3   4   6   8   9  10  11  13  -2.55999780898E-03
        80   1   2   3   4   6   8   9  11  12  13   3.72439964920E-03
        81   1   2   3   4   6   8   9  11  13  14   2.70666018599E-03
        82   1   2   3   4   6   9  10  11  12  13  -6.25375179382E-02
        83   1   2   3   4   6   9  10  11  13  14   6.43989260582E-02
        84   1   2   3   4   6   9  11  12  13  14  -1.15612786879E-03
        85   1   2   3   4   7   8   9  10  11  12  -9.62486606782E-03
        86   1   2   3   4   7   8   9  10  11  14   9.36777637313E-04
        87   1   2   3   4   7   8   9  10  12  13  -9.36777637313E-04
        88   1   2   3   4   7   8   9  10  13  14  -1.23914997853E-02
        89   1   2   3   4   7   8   9  11  12  14   2.15762011188E-04
        90   1   2   3   4   7   8   9  12  13  14   3.73319361682E-04
        91   1   2   3   4   7   8  10  11  12  13  -2.15762011188E-04
        92   1   2   3   4   7   8  10  11  13  14  -3.73319361682E-04
        93   1   2   3   4   7   8  11  12  13  14  -4.65960426219E-05
        94   1   2   3   4   7   9  10  11  12  14   2.68448228779E-02
        95   1   2   3   4   7   9  10  12  13  14   2.97041164583E-02
        96   1   2   3   4   7  10  11  12  13  14   6.03098270521E-04
        97   1   2   3   4   8   9  10  11  12  13  -2.68448228779E-02
        98   1   2   3   4   8   9  10  11  13  14  -2.97041164583E-02
        99   1   2   3   4   8   9  11  12  13  14  -6.03098270521E-04
       100   1   2   3   4   9  10  11  12  13  14  -1.56458188143E-02
       101   1   2   3   5   6   7   8   9  10  12  -5.04551007429E-01
       102   1   2   3   5   6   7   8   9  10  14  -6.93712715914E-01
       103   1   2   3   5   6   7   8   9  12  14  -1.19760872369E-02
       104   1   2   3   5   6   7   8  10  11  12   3.12187623637E-03
       105   1   2   3   5   6   7   8  10  11  14   4.28710724272E-03
       106   1   2   3   5   6   7   8  10  12  13   1.07547786800E-02
       107   1   2   3   5   6   7   8  10  13  14  -1.57618781403E-02
       108   1   2   3   5   6   7   8  11  12  14   1.71922985015E-03
       109   1   2   3   5   6   7   8  12  13  14   4.91671502510E-04
       110   1   2   3   5   6   7   9  10  12  14   8.82046549057E-02
       111   1   2   3   5   6   7  10  11  12  14   1.44669142278E-03
       112   1   2   3   5   6   7  10  12  13  14   7.76845001647E-04
       113   1   2   3   5   6   8   9  10  11  12  -2.55243770071E-01
       114   1   2   3   5   6   8   9  10  11  14  -3.47266537953E-01
       115   1   2   3   5   6   8   9  10  12  13   2.64320520678E-01
       116   1   2   3   5   6   8   9  10  13  14  -3.50186231654E-01
       117   1   2   3   5   6   8   9  11  12  14  -9.22984961906E-03
       118   1   2   3   5   6   8   9  12  13  14   9.21648519176E-03
       119   1   2   3   5   6   8  10  11  12  13   6.57664821418E-03
       120   1   2   3   5   6   8  10  11  13  14  -9.09499250892E-03
       121   1   2   3   5   6   8  11  12  13  14   5.92266593883E-04
       122   1   2   3   5   6   9  10  11  12  14   2.04611946953E-02
       123   1   2   3   5   6   9  10  12  13  14  -1.67988929517E-02
       124   1   2   3   5   6  10  11  12  13  14  -1.75780114718E-04
       125   1   2   3   5   7   8   9  10  12  14  -2.50759532768E-01
       126   1   2   3   5   7   8  10  11  12  14  -6.05666155665E-03
       127   1   2   3   5   7   8  10  12  13  14  -1.57035613182E-03
       128   1   2   3   5   8   9  10  11  12  14   2.10839328769E-02
       129   1   2   3   5   8   9  10  12  13  14  -1.42377135475E-02
       130   1   2   3   5   8  10  11  12  13  14   6.81280256836E-03
       131   1   2   3   6   7   8   9  10  11  12   1.12235504659E-01
       132   1   2   3   6   7   8   9  10  11  14   1.59909585736E-01
       133   1   2   3   6   7   8   9  10  12  13   9.57651763000E-02
       134   1   2   3   6   7   8   9  10  13  14  -1.19724094498E-01
       135   1   2   3   6   7   8   9  11  12  14   5.08661782522E-03
       136   1   2   3   6   7   8   9  12  13  14   4.55956177716E-03
       137   1   2   3   6   7   8  10  11  12  13   1.84473488128E-03
       138   1   2   3   6   7   8  10  11  13  14  -1.91703333606E-03
       139   1   2   3   6   7   8  11  12  13  14  -6.32851740442E-05
       140   1   2   3   6   7   9  10  11  12  14  -4.10780428447E-03
       141   1   2   3   6   7   9  10  12  13  14  -1.73043510850E-03
       142   1   2   3   6   7  10  11  12  13  14   3.30375623326E-04
       143   1   2   3   6   8   9  10  11  12  13  -6.53253597787E-03
       144   1   2   3   6   8   9  10  11  13  14   1.01350871610E-02
       145   1   2   3   6   8   9  11  12  13  14  -7.65763266841E-03
       146   1   2   3   6   9  10  11  12  13  14   1.90559255623E-02
       147   1   2   3   7   8   9  10  11  12  14   1.84589355684E-02
       148   1   2   3   7   8   9  10  12  13  14   1.99362409596E-02
       149   1   2   3   7   8  10  11  12  13  14   5.77254478044E-04
       150   1   2   3   8   9  10  11  12  13  14   6.57667468034E-02
       151   1   2   4   5   6   7   8   9  10  11   5.04551007429E-01
       152   1   2   4   5   6   7   8   9  10  13   6.93712715914E-01
       153   1   2   4   5   6   7   8   9  11  12  -3.12187623637E-03
       154   1   2   4   5   6   7   8   9  11  14   1.07547786800E-02
       155   1   2   4   5   6   7   8   9  12  13   4.28710724272E-03
       156   1   2   4   5   6   7   8   9  13  14   1.57618781403E-02
       157   1   2   4   5   6   7   8  10  11  13  -1.19760872369E-02
       158   1   2   4   5   6   7   8  11  12  13  -1.71922985015E-03
       159   1   2   4   5   6   7   8  11  13  14  -4.91671502510E-04
       160   1   2   4   5   6   7   9  10  11  12   2.55243770071E-01
       161   1   2   4   5   6   7   9  10  11  14   2.64320520678E-01
       162   1   2   4   5   6   7   9  10  12  13  -3.47266537953E-01
       163   1   2   4   5   6   7   9  10  13  14   3.50186231654E-01
       164   1   2   4   5   6   7   9  11  12  14   6.57664821418E-03
       165   1   2   4   5   6   7   9  12  13  14  -9.09499250892E-03
       166   1   2   4   5   6   7  10  11  12  13  -9.22984961906E-03
       167   1   2   4   5   6   7  10  11  13  14   9.21648519176E-03
       168   1   2   4   5   6   7  11  12  13  14  -5.92266593883E-04
       169   1   2   4   5   6   8   9  10  11  13   8.82046549057E-02
       170   1   2   4   5   6   8   9  11  12  13   1.44669142278E-03
       171   1   2   4   5   6   8   9  11  13  14   7.76845001647E-04
       172   1   2   4   5   6   9  10  11  12  13  -2.04611946953E-02
       173   1   2   4   5   6   9  10  11  13  14   1.67988929517E-02
       174   1   2   4   5   6   9  11  12  13  14   1.75780114718E-04
       175   1   2   4   5   7   8   9  10  11  12  -1.12235504659E-01
       176   1   2   4   5   7   8   9  10  11  14   9.57651763000E-02
       177   1   2   4   5   7   8   9  10  12  13   1.59909585736E-01
       178   1   2   4   5   7   8   9  10  13  14   1.19724094498E-01
       179   1   2   4   5   7   8   9  11  12  14   1.84473488128E-03
       180   1   2   4   5   7   8   9  12  13  14  -1.91703333606E-03
       181   1   2   4   5   7   8  10  11  12  13   5.08661782522E-03
       182   1   2   4   5   7   8  10  11  13  14   4.55956177716E-03
       183   1   2   4   5   7   8  11  12  13  14   6.32851740442E-05
       184   1   2   4   5   7   9  10  11  12  14  -6.53253597787E-03
       185   1   2   4   5   7   9  10  12  13  14   1.01350871610E-02
       186   1   2   4   5   7  10  11  12  13  14  -7.65763266841E-03
       187   1   2   4   5   8   9  10  11  12  13  -4.10780428447E-03
       188   1   2   4   5   8   9  10  11  13  14  -1.73043510850E-03
       189   1   2   4   5   8   9  11  12  13  14   3.30375623326E-04
       190   1   2   4   5   9  10  11  12  13  14  -1.90559255623E-02
       191   1   2   4   6   7   8   9  10  11  13  -2.50759532768E-01
       192   1   2   4   6   7   8   9  11  12  13  -6.05666155665E-03
       193   1   2   4   6   7   8   9  11  13  14  -1.57035613182E-03
       194   1   2   4   6   7   9  10  11  12  13   2.10839328769E-02
       195   1   2   4   6   7   9  10  11  13  14  -1.42377135475E-02
       196   1   2   4   6   7   9  11  12  13  14   6.81280256836E-03
       197   1   2   4   7   8   9  10  11  12  13  -1.84589355684E-02
       198   1   2   4   7   8   9  10  11  13  14  -1.99362409596E-02
       199   1   2   4   7   8   9  11  12  13  14  -5.77254478044E-04
       200   1   2   4   7   9  10  11  12  13  14  -6.57667468034E-02
       201   1   2   5   6   7   8   9  10  11  12   4.65293884639E-01
       202   1   2   5   6   7   8   9  10  11  14   7.01098967869E-01
       203   1   2   5   6   7   8   9  10  12  13  -7.01098967869E-01
       204   1   2   5   6   7   8   9  10  13  14   9.49212826277E-01
       205   1   2   5   6   7   8   9  11  12  14  -9.07400713577E-03
       206   1   2   5   6   7   8   9  12  13  14   1.46322004526E-02
       207   1   2   5   6   7   8  10  11  12  13   9.07400713577E-03
       208   1   2   5   6   7   8  10  11  13  14  -1.46322004526E-02
       209   1   2   5   6   7   8  11  12  13  14  -2.05085741546E-03
       210   1   2   5   6   7   9  10  11  12  14   8.93658657565E-02
       211   1   2   5   6   7   9  10  12  13  14  -1.25586402799E-01
       212   1   2   5   6   7  10  11  12  13  14  -3.17105638806E-03
       213   1   2   5   6   8   9  10  11  12  13  -8.93658657565E-02
       214   1   2   5   6   8   9  10  11  13  14   1.25586402799E-01
       215   1   2   5   6   8   9  11  12  13  14   3.17105638806E-03
       216   1   2   5   6   9  10  11  12  13  14  -5.31759129797E-03
       217   1   2   5   7   8   9  10  11  12  14  -2.48675083236E-01
       218   1   2   5   7   8   9  10  12  13  14   3.39259444549E-01
       219   1   2   5   7   8  10  11  12  13  14   1.04198012707E-02
       220   1   2   5   8   9  10  11  12  13  14  -9.91698442121E-03
       221   1   2   6   7   8   9  10  11  12  13   2.48675083236E-01
       222   1   2   6   7   8   9  10  11  13  14  -3.39259444549E-01
       223   1   2   6   7   8   9  11  12  13  14  -1.04198012707E-02
       224   1   2   6   7   9  10  11  12  13  14   9.91698442121E-03
       225   1   2   7   8   9  10  11  12  13  14  -3.54233965250E-02
       226   1   3   4   5   6   7   8   9  10  12   7.02491934154E-01
       227   1   3   4   5   6   7   8   9  10  14   4.62203910371E-01
       228   1   3   4   5   6   7   8   9  12  14   1.57182105146E-02
       229   1   3   4   5   6   7   8  10  11  12   9.51282465397E-04
       230   1   3   4   5   6   7   8  10  11  14   3.86495914311E-04
       231   1   3   4   5   6   7   8  10  12  13  -1.87099923329E-02
       232   1   3   4   5   6   7   8  10  13  14   1.42923966453E-02
       233   1   3   4   5   6   7   8  11  12  14  -9.42723287182E-04
       234   1   3   4   5   6   7   8  12  13  14  -6.69383819452E-04
       235   1   3   4   5   6   7   9  10  12  14   1.12185703525E-01
       236   1   3   4   5   6   7  10  11  12  14   3.97118311714E-03
       237   1   3   4   5   6   7  10  12  13  14  -1.14771277791E-03
       238   1   3   4   5   6   8   9  10  11  12   3.50476177990E-01
       239   1   3   4   5   6   8   9  10  11  14   2.30196342774E-01
       240   1   3   4   5   6   8   9  10  12  13  -3.53773349452E-01
       241   1   3   4   5   6   8   9  10  13  14   2.29913101935E-01
       242   1   3   4   5   6   8   9  11  12  14   6.92493146832E-03
       243   1   3   4   5   6   8   9  12  13  14  -6.92204321732E-03
       244   1   3   4   5   6   8  10  11  12  13  -9.57781932854E-03
       245   1   3   4   5   6   8  10  11  13  14   6.51075623372E-03
       246   1   3   4   5   6   8  11  12  13  14  -5.39529138195E-04
       247   1   3   4   5   6   9  10  11  12  14   9.56749270449E-03
       248   1   3   4   5   6   9  10  12  13  14  -1.60115720848E-02
       249   1   3   4   5   6  10  11  12  13  14   2.83538124221E-03
       250   1   3   4   5   7   8   9  10  12  14   2.27500763859E-01
       251   1   3   4   5   7   8  10  11  12  14   7.63929352358E-03
       252   1   3   4   5   7   8  10  12  13  14   4.73602169299E-04
       253   1   3   4   5   8   9  10  11  12  14  -2.65313953269E-02
       254   1   3   4   5   8   9  10  12  13  14   2.52203088179E-02
       255   1   3   4   5   8  10  11  12  13  14  -5.74330234924E-03
       256   1   3   4   6   7   8   9  10  11  12  -1.54080550238E-01
       257   1   3   4   6   7   8   9  10  11  14  -1.08892211337E-01
       258   1   3   4   6   7   8   9  10  12  13  -1.22681547581E-01
       259   1   3   4   6   7   8   9  10  13  14   7.60901031578E-02
       260   1   3   4   6   7   8   9  11  12  14  -4.23073225316E-03
       261   1   3   4   6   7   8   9  12  13  14  -3.88197571963E-03
       262   1   3   4   6   7   8  10  11  12  13  -4.25970602834E-03
       263   1   3   4   6   7   8  10  11  13  14   2.42727687203E-03
       264   1   3   4   6   7   8  11  12  13  14   1.14430615859E-04
       265   1   3   4   6   7   9  10  11  12  14  -3.91689375326E-03
       266   1   3   4   6   7   9  10  12  13  14  -1.17068251724E-02
       267   1   3   4   6   7  10  11  12  13  14  -1.19002828595E-03
       268   1   3   4   6   8   9  10  11  12  13   1.09199732765E-02
       269   1   3   4   6   8   9  10  11  13  14  -6.46947542296E-03
       270   1   3   4   6   8   9  11  12  13  14   7.58845859496E-03
       271   1   3   4   6   9  10  11  12  13  14   2.98947366318E-02
       272   1   3   4   7   8   9  10  11  12  14  -1.20354194096E-02
       273   1   3   4   7   8   9  10  12  13  14  -2.66294838998E-02
       274   1   3   4   7   8  10  11  12  13  14  -9.12918848371E-04
       275   1   3   4   8   9  10  11  12  13  14  -6.67125838181E-02
       276   1   3   5   6   7   8   9  10  12  14   5.01075897183E-01
       277   1   3   5   6   7   8  10  11  12  14   4.83435694901E-04
       278   1   3   5   6   7   8  10  12  13  14  -1.14192243513E-02
       279   1   3   5   6   8   9  10  11  12  14   2.41118699133E-01
       280   1   3   5   6   8   9  10  12  13  14  -2.42574218672E-01
       281   1   3   5   6   8  10  11  12  13  14  -7.83495327775E-03
       282   1   3   6   7   8   9  10  11  12  14  -1.09865914172E-01
       283   1   3   6   7   8   9  10  12  13  14  -8.60973472313E-02
       284   1   3   6   7   8  10  11  12  13  14  -2.09482316586E-03
       285   1   3   6   8   9  10  11  12  13  14   1.56138001873E-02
       286   1   4   5   6   7   8   9  10  11  12   7.09911238461E-01
       287   1   4   5   6   7   8   9  10  11  14   4.93268468290E-01
       288   1   4   5   6   7   8   9  10  12  13  -1.00000000000E+00
       289   1   4   5   6   7   8   9  10  13  14   6.40085771143E-01
       290   1   4   5   6   7   8   9  11  12  14  -1.27764754476E-02
       291   1   4   5   6   7   8   9  12  13  14   1.83140149326E-02
       292   1   4   5   6   7   8  10  11  12  13   1.10983143226E-02
       293   1   4   5   6   7   8  10  11  13  14  -9.47232468524E-03
       294   1   4   5   6   7   8  11  12  13  14  -2.02099914764E-03
       295   1   4   5   6   7   9  10  11  12  14  -1.19951396839E-01
       296   1   4   5   6   7   9  10  12  13  14   1.59444425485E-01
       297   1   4   5   6   7  10  11  12  13  14   4.73301647040E-03
       298   1   4   5   6   8   9  10  11  12  13  -1.20050879862E-01
       299   1   4   5   6   8   9  10  11  13  14   8.42046319554E-02
       300   1   4   5   6   8   9  11  12  13  14   3.00044326156E-03
       301   1   4   5   6   9  10  11  12  13  14   5.41786397856E-03
       302   1   4   5   7   8   9  10  11  12  14  -2.38578086889E-01
       303   1   4   5   7   8   9  10  12  13  14   3.16095136265E-01
       304   1   4   5   7   8  10  11  12  13  14   1.11856074662E-02
       305   1   4   5   8   9  10  11  12  13  14  -1.09386787832E-02
       306   1   4   6   7   8   9  10  11  12  13   3.47904384644E-01
       307   1   4   6   7   8   9  10  11  13  14  -2.34221596775E-01
       308   1   4   6   7   8   9  11  12  13  14  -9.32578944787E-03
       309   1   4   6   7   9  10  11  12  13  14  -3.46882987850E-03
       310   1   4   7   8   9  10  11  12  13  14  -3.91534491978E-02
       311   1   5   6   7   8   9  10  11  12  14  -4.78809506091E-01
       312   1   5   6   7   8   9  10  12  13  14   6.55202256311E-01
       313   1   5   6   7   8  10  11  12  13  14  -5.36970209155E-03
       314   1   5   6   8   9  10  11  12  13  14   8.07753499298E-02
       315   1   6   7   8   9  10  11  12  13  14  -2.28154716608E-01
       316   2   3   4   5   6   7   8   9  10  11  -7.02491934154E-01
       317   2   3   4   5   6   7   8   9  10  13  -4.62203910371E-01
       318   2   3   4   5   6   7   8   9  11  12  -9.51282465397E-04
       319   2   3   4   5   6   7   8   9  11  14  -1.87099923329E-02
       320   2   3   4   5   6   7   8   9  12  13   3.86495914311E-04
       321   2   3   4   5   6   7   8   9  13  14  -1.42923966453E-02
       322   2   3   4   5   6   7   8  10  11  13   1.57182105146E-02
       323   2   3   4   5   6   7   8  11  12  13   9.42723287182E-04
       324   2   3   4   5   6   7   8  11  13  14   6.69383819452E-04
       325   2   3   4   5   6   7   9  10  11  12  -3.50476177990E-01
       326   2   3   4   5   6   7   9  10  11  14  -3.53773349452E-01
       327   2   3   4   5   6   7   9  10  12  13   2.30196342774E-01
       328   2   3   4   5   6   7   9  10  13  14  -2.29913101935E-01
       329   2   3   4   5   6   7   9  11  12  14  -9.57781932854E-03
       330   2   3   4   5   6   7   9  12  13  14   6.51075623372E-03
       331   2   3   4   5   6   7  10  11  12  13   6.92493146832E-03
       332   2   3   4   5   6   7  10  11  13  14  -6.92204321732E-03
       333   2   3   4   5   6   7  11  12  13  14   5.39529138195E-04
       334   2   3   4   5   6   8   9  10  11  13   1.12185703525E-01
       335   2   3   4   5   6   8   9  11  12  13   3.97118311714E-03
       336   2   3   4   5   6   8   9  11  13  14  -1.14771277791E-03
       337   2   3   4   5   6   9  10  11  12  13  -9.56749270449E-03
       338   2   3   4   5   6   9  10  11  13  14   1.60115720848E-02
       339   2   3   4   5   6   9  11  12  13  14  -2.83538124221E-03
       340   2   3   4   5   7   8   9  10  11  12   1.54080550238E-01
       341   2   3   4   5   7   8   9  10  11  14  -1.22681547581E-01
       342   2   3   4   5   7   8   9  10  12  13  -1.08892211337E-01
       343   2   3   4   5   7   8   9  10  13  14  -7.60901031578E-02
       344   2   3   4   5   7   8   9  11  12  14  -4.25970602834E-03
       345   2   3   4   5   7   8   9  12  13  14   2.42727687203E-03
       346   2   3   4   5   7   8  10  11  12  13  -4.23073225316E-03
       347   2   3   4   5   7   8  10  11  13  14  -3.88197571963E-03
       348   2   3   4   5   7   8  11  12  13  14  -1.14430615859E-04
       349   2   3   4   5   7   9  10  11  12  14   1.09199732765E-02
       350   2   3   4   5   7   9  10  12  13  14  -6.46947542296E-03
       351   2   3   4   5   7  10  11  12  13  14   7.58845859496E-03
       352   2   3   4   5   8   9  10  11  12  13  -3.91689375326E-03
       353   2   3   4   5   8   9  10  11  13  14  -1.17068251724E-02
       354   2   3   4   5   8   9  11  12  13  14  -1.19002828595E-03
       355   2   3   4   5   9  10  11  12  13  14  -2.98947366318E-02
       356   2   3   4   6   7   8   9  10  11  13   2.27500763859E-01
       357   2   3   4   6   7   8   9  11  12  13   7.63929352358E-03
       358   2   3   4   6   7   8   9  11  13  14   4.73602169299E-04
       359   2   3   4   6   7   9  10  11  12  13  -2.65313953269E-02
       360   2   3   4   6   7   9  10  11  13  14   2.52203088179E-02
       361   2   3   4   6   7   9  11  12  13  14  -5.74330234924E-03
       362   2   3   4   7   8   9  10  11  12  13   1.20354194096E-02
       363   2   3   4   7   8   9  10  11  13  14   2.66294838998E-02
       364   2   3   4   7   8   9  11  12  13  14   9.12918848371E-04
       365   2   3   4   7   9  10  11  12  13  14   6.67125838181E-02
       366   2   3   5   6   7   8   9  10  11  12  -7.09911238461E-01
       367   2   3   5   6   7   8   9  10  11  14  -1.00000000000E+00
       368   2   3   5   6   7   8   9  10  12  13   4.93268468290E-01
       369   2   3   5   6   7   8   9  10  13  14  -6.40085771143E-01
       370   2   3   5   6   7   8   9  11  12  14   1.10983143226E-02
       371   2   3   5   6   7   8   9  12  13  14  -9.47232468524E-03
       372   2   3   5   6   7   8  10  11  12  13  -1.27764754476E-02
       373   2   3   5   6   7   8  10  11  13  14   1.83140149326E-02
       374   2   3   5   6   7   8  11  12  13  14   2.02099914764E-03
       375   2   3   5   6   7   9  10  11  12  14  -1.20050879862E-01
       376   2   3   5   6   7   9  10  12  13  14   8.42046319554E-02
       377   2   3   5   6   7  10  11  12  13  14   3.00044326156E-03
       378   2   3   5   6   8   9  10  11  12  13  -1.19951396839E-01
       379   2   3   5   6   8   9  10  11  13  14   1.59444425485E-01
       380   2   3   5   6   8   9  11  12  13  14   4.73301647040E-03
       381   2   3   5   6   9  10  11  12  13  14  -5.41786397856E-03
       382   2   3   5   7   8   9  10  11  12  14   3.47904384644E-01
       383   2   3   5   7   8   9  10  12  13  14  -2.34221596775E-01
       384   2   3   5   7   8  10  11  12  13  14  -9.32578944787E-03
       385   2   3   5   8   9  10  11  12  13  14  -3.46882987850E-03
       386   2   3   6   7   8   9  10  11  12  13  -2.38578086889E-01
       387   2   3   6   7   8   9  10  11  13  14   3.16095136265E-01
       388   2   3   6   7   8   9  11  12  13  14   1.11856074662E-02
       389   2   3   6   7   9  10  11  12  13  14  -1.09386787832E-02
       390   2   3   7   8   9  10  11  12  13  14   3.91534491978E-02
       391   2   4   5   6   7   8   9  10  11  13   5.01075897183E-01
       392   2   4   5   6   7   8   9  11  12  13   4.83435694901E-04
       393   2   4   5   6   7   8   9  11  13  14  -1.14192243513E-02
       394   2   4   5   6   7   9  10  11  12  13   2.41118699133E-01
       395   2   4   5   6   7   9  10  11  13  14  -2.42574218672E-01
       396   2   4   5   6   7   9  11  12  13  14  -7.83495327775E-03
       397   2   4   5   7   8   9  10  11  12  13  -1.09865914172E-01
       398   2   4   5   7   8   9  10  11  13  14  -8.60973472313E-02
       399   2   4   5   7   8   9  11  12  13  14  -2.09482316586E-03
       400   2   4   5   7   9  10  11  12  13  14   1.56138001873E-02
       401   2   5   6   7   8   9  10  11  12  13   4.78809506091E-01
       402   2   5   6   7   8   9  10  11  13  14  -6.55202256311E-01
       403   2   5   6   7   8   9  11  12  13  14   5.36970209155E-03
       404   2   5   6   7   9  10  11  12  13  14  -8.07753499298E-02
       405   2   5   7   8   9  10  11  12  13  14   2.28154716608E-01
       406   3   4   5   6   7   8   9  10  11  12   9.82328860773E-01
       407   3   4   5   6   7   8   9  10  11  14   6.49774061344E-01
       408   3   4   5   6   7   8   9  10  12  13  -6.49774061344E-01
       409   3   4   5   6   7   8   9  10  13  14   3.86728304887E-01
       410   3   4   5   6   7   8   9  11  12  14  -1.90152175246E-02
       411   3   4   5   6   7   8   9  12  13  14   1.39054752322E-02
       412   3   4   5   6   7   8  10  11  12  13   1.90152175246E-02
       413   3   4   5   6   7   8  10  11  13  14  -1.39054752322E-02
       414   3   4   5   6   7   8  11  12  13  14  -1.90619044253E-03
       415   3   4   5   6   7   9  10  11  12  14  -1.56608015371E-01
       416   3   4   5   6   7   9  10  12  13  14   1.00518094897E-01
       417   3   4   5   6   7  10  11  12  13  14   3.03491314261E-03
       418   3   4   5   6   8   9  10  11  12  13   1.56608015371E-01
       419   3   4   5   6   8   9  10  11  13  14  -1.00518094897E-01
       420   3   4   5   6   8   9  11  12  13  14  -3.03491314261E-03
       421   3   4   5   6   9  10  11  12  13  14  -6.68654417635E-04
       422   3   4   5   7   8   9  10  11  12  14  -3.13957942251E-01
       423   3   4   5   7   8   9  10  12  13  14   2.05693644422E-01
       424   3   4   5   7   8  10  11  12  13  14   8.33047541902E-03
       425   3   4   5   8   9  10  11  12  13  14   1.05883689670E-02
       426   3   4   6   7   8   9  10  11  12  13   3.13957942251E-01
       427   3   4   6   7   8   9  10  11  13  14  -2.05693644422E-01
       428   3   4   6   7   8   9  11  12  13  14  -8.33047541902E-03
       429   3   4   6   7   9  10  11  12  13  14  -1.05883689670E-02
       430   3   4   7   8   9  10  11  12  13  14  -4.52174379954E-02
       431   3   5   6   7   8   9  10  11  12  14  -6.70885438008E-01
       432   3   5   6   7   8   9  10  12  13  14   4.39025392860E-01
       433   3   5   6   7   8  10  11  12  13  14  -9.84505068910E-03
       434   3   5   6   8   9  10  11  12  13  14  -1.02691112503E-01
       435   3   6   7   8   9  10  11  12  13  14  -2.13989478753E-01
       436   4   5   6   7   8   9  10  11  12  13   6.70885438008E-01
       437   4   5   6   7   8   9  10  11  13  14  -4.39025392860E-01
       438   4   5   6   7   8   9  11  12  13  14   9.84505068910E-03
       439   4   5   6   7   9  10  11  12  13  14   1.02691112503E-01
       440   4   5   7   8   9  10  11  12  13  14   2.13989478753E-01
       441   5   6   7   8   9  10  11  12  13  14   4.11294991391E-01
