# No.Blocks      Mean       Error        Error_in_Error
        2278  -4.6600071277436204        2.4079951745128398E-005   3.5682814244787395E-007
        1139  -4.6600071277436381        3.1316749274867069E-005   6.5643321281999752E-007
         569  -4.6600069543057998        3.6927930740396139E-005   1.0956347719438774E-006
         284  -4.6600074454225338        4.0755658002642890E-005   1.7130880818048702E-006
         142  -4.6600074454225400        4.3065568448263662E-005   2.5645172812279129E-006
          71  -4.6600074454225355        4.3126462211373898E-005   3.6448513029331239E-006
          35  -4.6600106821428575        4.3814938448728921E-005   5.3133417412954630E-006
          17  -4.6600142132352937        3.9383301189422116E-005   6.9620498341381500E-006
           8  -4.6600194497070317        4.7569655577021107E-005   1.2713525226860946E-005
           4  -4.6600194497070309        5.7824559630092925E-005   2.3606777615811146E-005
           2  -4.6600194497070309        9.8934095810855979E-005   6.9956970038415864E-005
