# FIXED-NODE: TRIAL WAVE FUNCTION DUMP FILE [ nI | twfn amp. ]
 # Size of Hilbert Space:          441
 # Type of Trial Wave Function |  Slater =           1  |  Jastrow = T  |  Backflow = F
 
         1   1   2   3   4   5   6   7   8   9  10   4.58597893524E-01
         2   1   2   3   4   5   6   7   8   9  12  -1.03534753768E-09
         3   1   2   3   4   5   6   7   8   9  14  -1.38446589004E-02
         4   1   2   3   4   5   6   7   8  10  11   1.03534753768E-09
         5   1   2   3   4   5   6   7   8  10  13   1.38446589004E-02
         6   1   2   3   4   5   6   7   8  11  12   1.39629674379E-10
         7   1   2   3   4   5   6   7   8  11  14   5.98499359391E-08
         8   1   2   3   4   5   6   7   8  12  13  -5.98499359391E-08
         9   1   2   3   4   5   6   7   8  13  14   3.77404185503E-11
        10   1   2   3   4   5   6   7   9  10  12  -2.33214435117E-01
        11   1   2   3   4   5   6   7   9  10  14  -2.29562605129E-01
        12   1   2   3   4   5   6   7   9  12  14  -2.67218560235E-61
        13   1   2   3   4   5   6   7  10  11  12  -1.04166394063E-61
        14   1   2   3   4   5   6   7  10  11  14  -8.03883580321E-63
        15   1   2   3   4   5   6   7  10  12  13   1.48568363422E-54
        16   1   2   3   4   5   6   7  10  13  14  -1.66149172305E-54
        17   1   2   3   4   5   6   7  11  12  14   9.58526723895E-05
        18   1   2   3   4   5   6   7  12  13  14  -1.56946038862E-12
        19   1   2   3   4   5   6   8   9  10  11   2.33214435117E-01
        20   1   2   3   4   5   6   8   9  10  13   2.29562605129E-01
        21   1   2   3   4   5   6   8   9  11  12   1.04166394063E-61
        22   1   2   3   4   5   6   8   9  11  14   1.48568363422E-54
        23   1   2   3   4   5   6   8   9  12  13  -8.03883580321E-63
        24   1   2   3   4   5   6   8   9  13  14   1.66149172305E-54
        25   1   2   3   4   5   6   8  10  11  13  -2.67218560235E-61
        26   1   2   3   4   5   6   8  11  12  13  -9.58526723895E-05
        27   1   2   3   4   5   6   8  11  13  14   1.56946038862E-12
        28   1   2   3   4   5   6   9  10  11  12   7.39467281723E-13
        29   1   2   3   4   5   6   9  10  11  14   1.03552643941E-19
        30   1   2   3   4   5   6   9  10  12  13  -1.03552643941E-19
        31   1   2   3   4   5   6   9  10  13  14   1.11915182266E-16
        32   1   2   3   4   5   6   9  11  12  14  -1.04813701811E-10
        33   1   2   3   4   5   6   9  12  13  14   2.00830544215E-14
        34   1   2   3   4   5   6  10  11  12  13   1.04813701811E-10
        35   1   2   3   4   5   6  10  11  13  14  -2.00830544215E-14
        36   1   2   3   4   5   6  11  12  13  14   1.09395183050E-12
        37   1   2   3   4   5   7   8   9  10  12   1.05146305040E-01
        38   1   2   3   4   5   7   8   9  10  14  -8.32616501309E-02
        39   1   2   3   4   5   7   8   9  12  14   3.11958650847E-03
        40   1   2   3   4   5   7   8  10  11  12   3.42390787397E-62
        41   1   2   3   4   5   7   8  10  11  14  -2.11779859626E-63
        42   1   2   3   4   5   7   8  10  12  13  -4.86451172140E-55
        43   1   2   3   4   5   7   8  10  13  14  -4.38679671148E-55
        44   1   2   3   4   5   7   8  11  12  14  -2.97709101462E-05
        45   1   2   3   4   5   7   8  12  13  14   4.86729703489E-13
        46   1   2   3   4   5   7   9  10  12  14   4.75174235692E-03
        47   1   2   3   4   5   7  10  11  12  14   2.45739100674-116
        48   1   2   3   4   5   7  10  12  13  14  -5.38159313106-108
        49   1   2   3   4   5   8   9  10  11  12   6.90616413306E-04
        50   1   2   3   4   5   8   9  10  11  14  -5.52098860330E-04
        51   1   2   3   4   5   8   9  10  12  13  -6.86180334813E-04
        52   1   2   3   4   5   8   9  10  13  14  -5.25139736434E-04
        53   1   2   3   4   5   8   9  11  12  14  -4.20581928172E-57
        54   1   2   3   4   5   8   9  12  13  14   4.98372445081E-57
        55   1   2   3   4   5   8  10  11  12  13   1.17959550465-115
        56   1   2   3   4   5   8  10  11  13  14   1.12464409297-115
        57   1   2   3   4   5   8  11  12  13  14   1.04471247965E-11
        58   1   2   3   4   5   9  10  11  12  14  -2.03305391771E-16
        59   1   2   3   4   5   9  10  12  13  14   3.13597898469E-20
        60   1   2   3   4   5  10  11  12  13  14  -5.89236877539E-63
        61   1   2   3   4   6   7   8   9  10  11  -1.05146305040E-01
        62   1   2   3   4   6   7   8   9  10  13   8.32616501309E-02
        63   1   2   3   4   6   7   8   9  11  12  -3.42390787397E-62
        64   1   2   3   4   6   7   8   9  11  14  -4.86451172140E-55
        65   1   2   3   4   6   7   8   9  12  13  -2.11779859626E-63
        66   1   2   3   4   6   7   8   9  13  14   4.38679671148E-55
        67   1   2   3   4   6   7   8  10  11  13   3.11958650847E-03
        68   1   2   3   4   6   7   8  11  12  13   2.97709101462E-05
        69   1   2   3   4   6   7   8  11  13  14  -4.86729703489E-13
        70   1   2   3   4   6   7   9  10  11  12  -6.90616413306E-04
        71   1   2   3   4   6   7   9  10  11  14  -6.86180334813E-04
        72   1   2   3   4   6   7   9  10  12  13  -5.52098860330E-04
        73   1   2   3   4   6   7   9  10  13  14   5.25139736434E-04
        74   1   2   3   4   6   7   9  11  12  14   1.17959550465-115
        75   1   2   3   4   6   7   9  12  13  14   1.12464409297-115
        76   1   2   3   4   6   7  10  11  12  13  -4.20581928172E-57
        77   1   2   3   4   6   7  10  11  13  14   4.98372445081E-57
        78   1   2   3   4   6   7  11  12  13  14  -1.04471247965E-11
        79   1   2   3   4   6   8   9  10  11  13   4.75174235692E-03
        80   1   2   3   4   6   8   9  11  12  13   2.45739100674-116
        81   1   2   3   4   6   8   9  11  13  14  -5.38159313106-108
        82   1   2   3   4   6   9  10  11  12  13   2.03305391771E-16
        83   1   2   3   4   6   9  10  11  13  14  -3.13597898469E-20
        84   1   2   3   4   6   9  11  12  13  14   5.89236877539E-63
        85   1   2   3   4   7   8   9  10  11  12   5.05089542572E-04
        86   1   2   3   4   7   8   9  10  11  14  -1.05041062808E-05
        87   1   2   3   4   7   8   9  10  12  13   1.05041062808E-05
        88   1   2   3   4   7   8   9  10  13  14   2.21992966652E-08
        89   1   2   3   4   7   8   9  11  12  14  -3.83764025288E-04
        90   1   2   3   4   7   8   9  12  13  14  -2.65840946344E-08
        91   1   2   3   4   7   8  10  11  12  13   3.83764025288E-04
        92   1   2   3   4   7   8  10  11  13  14   2.65840946344E-08
        93   1   2   3   4   7   8  11  12  13  14   6.70719157212E-12
        94   1   2   3   4   7   9  10  11  12  14  -3.07545465416E-07
        95   1   2   3   4   7   9  10  12  13  14  -1.71763103291E-11
        96   1   2   3   4   7  10  11  12  13  14  -1.59786133103E-61
        97   1   2   3   4   8   9  10  11  12  13   3.07545465416E-07
        98   1   2   3   4   8   9  10  11  13  14   1.71763103291E-11
        99   1   2   3   4   8   9  11  12  13  14   1.59786133103E-61
       100   1   2   3   4   9  10  11  12  13  14   3.79409735363E-21
       101   1   2   3   5   6   7   8   9  10  12  -5.07346383185E-01
       102   1   2   3   5   6   7   8   9  10  14  -6.92065397966E-01
       103   1   2   3   5   6   7   8   9  12  14  -1.05756794036E-02
       104   1   2   3   5   6   7   8  10  11  12  -6.95251351161E-10
       105   1   2   3   5   6   7   8  10  11  14  -7.58712373586E-11
       106   1   2   3   5   6   7   8  10  12  13   1.03453697568E-02
       107   1   2   3   5   6   7   8  10  13  14  -1.61612701459E-02
       108   1   2   3   5   6   7   8  11  12  14   6.42530172120E-04
       109   1   2   3   5   6   7   8  12  13  14  -1.10638404830E-11
       110   1   2   3   5   6   7   9  10  12  14   8.82183056845E-02
       111   1   2   3   5   6   7  10  11  12  14   1.91994730874E-63
       112   1   2   3   5   6   7  10  12  13  14  -4.42835619927E-55
       113   1   2   3   5   6   8   9  10  11  12  -2.40807479330E-01
       114   1   2   3   5   6   8   9  10  11  14  -3.39642998754E-01
       115   1   2   3   5   6   8   9  10  12  13   2.50586884154E-01
       116   1   2   3   5   6   8   9  10  13  14  -3.32212651680E-01
       117   1   2   3   5   6   8   9  11  12  14   1.03034904822E-54
       118   1   2   3   5   6   8   9  12  13  14  -1.28589180774E-54
       119   1   2   3   5   6   8  10  11  12  13  -1.81285218857E-61
       120   1   2   3   5   6   8  10  11  13  14   3.06652691645E-61
       121   1   2   3   5   6   8  11  12  13  14  -1.71607933127E-08
       122   1   2   3   5   6   9  10  11  12  14  -5.41117830127E-09
       123   1   2   3   5   6   9  10  12  13  14   8.79088770182E-13
       124   1   2   3   5   6  10  11  12  13  14  -6.95118306023E-04
       125   1   2   3   5   7   8   9  10  12  14  -2.47841221537E-01
       126   1   2   3   5   7   8  10  11  12  14  -3.93242086055E-63
       127   1   2   3   5   7   8  10  12  13  14   9.05655091250E-55
       128   1   2   3   5   8   9  10  11  12  14  -1.57634416238E-03
       129   1   2   3   5   8   9  10  12  13  14   1.58373910299E-03
       130   1   2   3   5   8  10  11  12  13  14  -2.12690262334-115
       131   1   2   3   6   7   8   9  10  11  12   1.10960630473E-01
       132   1   2   3   6   7   8   9  10  11  14   1.55897835412E-01
       133   1   2   3   6   7   8   9  10  12  13   9.25452936398E-02
       134   1   2   3   6   7   8   9  10  13  14  -1.22961739538E-01
       135   1   2   3   6   7   8   9  11  12  14  -3.44792369147E-55
       136   1   2   3   6   7   8   9  12  13  14  -3.45705181685E-55
       137   1   2   3   6   7   8  10  11  12  13   2.16298329540E-03
       138   1   2   3   6   7   8  10  11  13  14  -3.65331530616E-03
       139   1   2   3   6   7   8  11  12  13  14   5.43920225994E-09
       140   1   2   3   6   7   9  10  11  12  14   2.57545302444E-04
       141   1   2   3   6   7   9  10  12  13  14   2.08192371853E-04
       142   1   2   3   6   7  10  11  12  13  14   1.23898969969E-57
       143   1   2   3   6   8   9  10  11  12  13   5.06603135926E-03
       144   1   2   3   6   8   9  10  11  13  14  -6.89866095356E-03
       145   1   2   3   6   8   9  11  12  13  14   3.88495879547-108
       146   1   2   3   6   9  10  11  12  13  14  -1.70577332202E-09
       147   1   2   3   7   8   9  10  11  12  14  -1.62886832742E-03
       148   1   2   3   7   8   9  10  12  13  14  -9.56693392810E-08
       149   1   2   3   7   8  10  11  12  13  14  -2.73053063829E-06
       150   1   2   3   8   9  10  11  12  13  14  -2.71277587572E-09
       151   1   2   4   5   6   7   8   9  10  11   5.07346383185E-01
       152   1   2   4   5   6   7   8   9  10  13   6.92065397966E-01
       153   1   2   4   5   6   7   8   9  11  12   6.95251351161E-10
       154   1   2   4   5   6   7   8   9  11  14   1.03453697568E-02
       155   1   2   4   5   6   7   8   9  12  13  -7.58712373586E-11
       156   1   2   4   5   6   7   8   9  13  14   1.61612701459E-02
       157   1   2   4   5   6   7   8  10  11  13  -1.05756794036E-02
       158   1   2   4   5   6   7   8  11  12  13  -6.42530172120E-04
       159   1   2   4   5   6   7   8  11  13  14   1.10638404830E-11
       160   1   2   4   5   6   7   9  10  11  12   2.40807479330E-01
       161   1   2   4   5   6   7   9  10  11  14   2.50586884154E-01
       162   1   2   4   5   6   7   9  10  12  13  -3.39642998754E-01
       163   1   2   4   5   6   7   9  10  13  14   3.32212651680E-01
       164   1   2   4   5   6   7   9  11  12  14  -1.81285218857E-61
       165   1   2   4   5   6   7   9  12  13  14   3.06652691645E-61
       166   1   2   4   5   6   7  10  11  12  13   1.03034904822E-54
       167   1   2   4   5   6   7  10  11  13  14  -1.28589180774E-54
       168   1   2   4   5   6   7  11  12  13  14   1.71607933127E-08
       169   1   2   4   5   6   8   9  10  11  13   8.82183056845E-02
       170   1   2   4   5   6   8   9  11  12  13   1.91994730874E-63
       171   1   2   4   5   6   8   9  11  13  14  -4.42835619927E-55
       172   1   2   4   5   6   9  10  11  12  13   5.41117830127E-09
       173   1   2   4   5   6   9  10  11  13  14  -8.79088770182E-13
       174   1   2   4   5   6   9  11  12  13  14   6.95118306023E-04
       175   1   2   4   5   7   8   9  10  11  12  -1.10960630473E-01
       176   1   2   4   5   7   8   9  10  11  14   9.25452936398E-02
       177   1   2   4   5   7   8   9  10  12  13   1.55897835412E-01
       178   1   2   4   5   7   8   9  10  13  14   1.22961739538E-01
       179   1   2   4   5   7   8   9  11  12  14   2.16298329540E-03
       180   1   2   4   5   7   8   9  12  13  14  -3.65331530616E-03
       181   1   2   4   5   7   8  10  11  12  13  -3.44792369147E-55
       182   1   2   4   5   7   8  10  11  13  14  -3.45705181685E-55
       183   1   2   4   5   7   8  11  12  13  14  -5.43920225994E-09
       184   1   2   4   5   7   9  10  11  12  14   5.06603135926E-03
       185   1   2   4   5   7   9  10  12  13  14  -6.89866095356E-03
       186   1   2   4   5   7  10  11  12  13  14   3.88495879547-108
       187   1   2   4   5   8   9  10  11  12  13   2.57545302444E-04
       188   1   2   4   5   8   9  10  11  13  14   2.08192371853E-04
       189   1   2   4   5   8   9  11  12  13  14   1.23898969969E-57
       190   1   2   4   5   9  10  11  12  13  14   1.70577332202E-09
       191   1   2   4   6   7   8   9  10  11  13  -2.47841221537E-01
       192   1   2   4   6   7   8   9  11  12  13  -3.93242086055E-63
       193   1   2   4   6   7   8   9  11  13  14   9.05655091250E-55
       194   1   2   4   6   7   9  10  11  12  13  -1.57634416238E-03
       195   1   2   4   6   7   9  10  11  13  14   1.58373910299E-03
       196   1   2   4   6   7   9  11  12  13  14  -2.12690262334-115
       197   1   2   4   7   8   9  10  11  12  13   1.62886832742E-03
       198   1   2   4   7   8   9  10  11  13  14   9.56693392810E-08
       199   1   2   4   7   8   9  11  12  13  14   2.73053063829E-06
       200   1   2   4   7   9  10  11  12  13  14   2.71277587572E-09
       201   1   2   5   6   7   8   9  10  11  12   4.74947871539E-01
       202   1   2   5   6   7   8   9  10  11  14   7.04989280438E-01
       203   1   2   5   6   7   8   9  10  12  13  -7.04989280438E-01
       204   1   2   5   6   7   8   9  10  13  14   9.52460519609E-01
       205   1   2   5   6   7   8   9  11  12  14  -7.76392018812E-03
       206   1   2   5   6   7   8   9  12  13  14   1.35257284780E-02
       207   1   2   5   6   7   8  10  11  12  13   7.76392018812E-03
       208   1   2   5   6   7   8  10  11  13  14  -1.35257284780E-02
       209   1   2   5   6   7   8  11  12  13  14   2.25237742666E-07
       210   1   2   5   6   7   9  10  11  12  14   8.71682377986E-02
       211   1   2   5   6   7   9  10  12  13  14  -1.22433652439E-01
       212   1   2   5   6   7  10  11  12  13  14   3.43323403815E-55
       213   1   2   5   6   8   9  10  11  12  13  -8.71682377986E-02
       214   1   2   5   6   8   9  10  11  13  14   1.22433652439E-01
       215   1   2   5   6   8   9  11  12  13  14  -3.43323403815E-55
       216   1   2   5   6   9  10  11  12  13  14   2.20131704374E-06
       217   1   2   5   7   8   9  10  11  12  14  -2.47375490085E-01
       218   1   2   5   7   8   9  10  12  13  14   3.46935556639E-01
       219   1   2   5   7   8  10  11  12  13  14  -7.09262941440E-55
       220   1   2   5   8   9  10  11  12  13  14   5.74900863782E-04
       221   1   2   6   7   8   9  10  11  12  13   2.47375490085E-01
       222   1   2   6   7   8   9  10  11  13  14  -3.46935556639E-01
       223   1   2   6   7   8   9  11  12  13  14   7.09262941440E-55
       224   1   2   6   7   9  10  11  12  13  14  -5.74900863782E-04
       225   1   2   7   8   9  10  11  12  13  14   1.01387299569E-05
       226   1   3   4   5   6   7   8   9  10  12   7.01637676559E-01
       227   1   3   4   5   6   7   8   9  10  14   4.59879675821E-01
       228   1   3   4   5   6   7   8   9  12  14   1.70193876765E-02
       229   1   3   4   5   6   7   8  10  11  12   1.32343737361E-09
       230   1   3   4   5   6   7   8  10  11  14   6.83850181029E-11
       231   1   3   4   5   6   7   8  10  12  13  -1.86455554175E-02
       232   1   3   4   5   6   7   8  10  13  14   1.36595005014E-02
       233   1   3   4   5   6   7   8  11  12  14  -2.04972241003E-04
       234   1   3   4   5   6   7   8  12  13  14   3.26149304181E-12
       235   1   3   4   5   6   7   9  10  12  14   1.11566048353E-01
       236   1   3   4   5   6   7  10  11  12  14   3.34207251288E-63
       237   1   3   4   5   6   7  10  12  13  14  -7.12324911230E-55
       238   1   3   4   5   6   8   9  10  11  12   3.48638221756E-01
       239   1   3   4   5   6   8   9  10  11  14   2.32835897613E-01
       240   1   3   4   5   6   8   9  10  12  13  -3.43503460073E-01
       241   1   3   4   5   6   8   9  10  13  14   2.13559536212E-01
       242   1   3   4   5   6   8   9  11  12  14  -1.73586809644E-54
       243   1   3   4   5   6   8   9  12  13  14   2.00191578591E-54
       244   1   3   4   5   6   8  10  11  12  13   3.42049055414E-61
       245   1   3   4   5   6   8  10  11  13  14  -2.67384544919E-61
       246   1   3   4   5   6   8  11  12  13  14   5.29595888007E-09
       247   1   3   4   5   6   9  10  11  12  14  -1.72643036421E-09
       248   1   3   4   5   6   9  10  12  13  14   2.59178505440E-13
       249   1   3   4   5   6  10  11  12  13  14  -2.82083832209E-04
       250   1   3   4   5   7   8   9  10  12  14   2.25575092975E-01
       251   1   3   4   5   7   8  10  11  12  14   4.92641297783E-63
       252   1   3   4   5   7   8  10  12  13  14  -1.04843783484E-54
       253   1   3   4   5   8   9  10  11  12  14   1.50198411609E-03
       254   1   3   4   5   8   9  10  12  13  14  -1.39446290060E-03
       255   1   3   4   5   8  10  11  12  13  14   2.57765121386-115
       256   1   3   4   6   7   8   9  10  11  12  -1.61823513443E-01
       257   1   3   4   6   7   8   9  10  11  14  -1.07655207324E-01
       258   1   3   4   6   7   8   9  10  12  13  -1.27789391484E-01
       259   1   3   4   6   7   8   9  10  13  14   7.96233570512E-02
       260   1   3   4   6   7   8   9  11  12  14   5.85137156655E-55
       261   1   3   4   6   7   8   9  12  13  14   5.42144365078E-55
       262   1   3   4   6   7   8  10  11  12  13  -4.11099406718E-03
       263   1   3   4   6   7   8  10  11  13  14   3.20881264759E-03
       264   1   3   4   6   7   8  11  12  13  14  -1.69086968062E-09
       265   1   3   4   6   7   9  10  11  12  14   3.43472007554E-04
       266   1   3   4   6   7   9  10  12  13  14   2.56573356806E-04
       267   1   3   4   6   7  10  11  12  13  14   2.10168516825E-57
       268   1   3   4   6   8   9  10  11  12  13  -7.32326974369E-03
       269   1   3   4   6   8   9  10  11  13  14   4.60856246566E-03
       270   1   3   4   6   8   9  11  12  13  14  -6.37811240851-108
       271   1   3   4   6   9  10  11  12  13  14  -5.30337020230E-10
       272   1   3   4   7   8   9  10  11  12  14   1.64705352692E-10
       273   1   3   4   7   8   9  10  12  13  14   8.93930050532E-15
       274   1   3   4   7   8  10  11  12  13  14   3.51181020453E-13
       275   1   3   4   8   9  10  11  12  13  14   2.65363611978E-16
       276   1   3   5   6   7   8   9  10  12  14   4.99434039263E-01
       277   1   3   5   6   7   8  10  11  12  14   4.59015157627E-11
       278   1   3   5   6   7   8  10  12  13  14  -1.02885823261E-02
       279   1   3   5   6   8   9  10  11  12  14   2.40311667280E-01
       280   1   3   5   6   8   9  10  12  13  14  -2.34981202430E-01
       281   1   3   5   6   8  10  11  12  13  14   1.82792985923E-61
       282   1   3   6   7   8   9  10  11  12  14  -1.13558674846E-01
       283   1   3   6   7   8   9  10  12  13  14  -8.92086093881E-02
       284   1   3   6   7   8  10  11  12  13  14  -2.24196043083E-03
       285   1   3   6   8   9  10  11  12  13  14  -4.95117090874E-03
       286   1   4   5   6   7   8   9  10  11  12   7.17751459207E-01
       287   1   4   5   6   7   8   9  10  11  14   5.00097279616E-01
       288   1   4   5   6   7   8   9  10  12  13  -1.00000000000E+00
       289   1   4   5   6   7   8   9  10  13  14   6.40738989435E-01
       290   1   4   5   6   7   8   9  11  12  14  -1.14389548362E-02
       291   1   4   5   6   7   8   9  12  13  14   1.88038165086E-02
       292   1   4   5   6   7   8  10  11  12  13   1.28109105393E-02
       293   1   4   5   6   7   8  10  11  13  14  -1.05315950056E-02
       294   1   4   5   6   7   8  11  12  13  14   3.53305254652E-08
       295   1   4   5   6   7   9  10  11  12  14  -1.15301065867E-01
       296   1   4   5   6   7   9  10  12  13  14   1.52811457453E-01
       297   1   4   5   6   7  10  11  12  13  14  -4.98471085560E-55
       298   1   4   5   6   8   9  10  11  12  13  -1.24977767852E-01
       299   1   4   5   6   8   9  10  11  13  14   8.28342323210E-02
       300   1   4   5   6   8   9  11  12  13  14  -4.82442723122E-55
       301   1   4   5   6   9  10  11  12  13  14  -1.36657489355E-02
       302   1   4   5   7   8   9  10  11  12  14  -2.38260897179E-01
       303   1   4   5   7   8   9  10  12  13  14   3.15300728221E-01
       304   1   4   5   7   8  10  11  12  13  14  -7.49833570763E-55
       305   1   4   5   8   9  10  11  12  13  14   5.28112119206E-04
       306   1   4   6   7   8   9  10  11  12  13   3.61472808187E-01
       307   1   4   6   7   8   9  10  11  13  14  -2.39222666061E-01
       308   1   4   6   7   8   9  11  12  13  14   1.01576697172E-54
       309   1   4   6   7   9  10  11  12  13  14   7.39178884683E-04
       310   1   4   7   8   9  10  11  12  13  14   1.39873103892E-12
       311   1   5   6   7   8   9  10  11  12  14  -4.81217653924E-01
       312   1   5   6   7   8   9  10  12  13  14   6.56839654739E-01
       313   1   5   6   7   8  10  11  12  13  14  -7.77822065272E-03
       314   1   5   6   8   9  10  11  12  13  14   8.23422499027E-02
       315   1   6   7   8   9  10  11  12  13  14  -2.40214255311E-01
       316   2   3   4   5   6   7   8   9  10  11  -7.01637676559E-01
       317   2   3   4   5   6   7   8   9  10  13  -4.59879675821E-01
       318   2   3   4   5   6   7   8   9  11  12  -1.32343737361E-09
       319   2   3   4   5   6   7   8   9  11  14  -1.86455554175E-02
       320   2   3   4   5   6   7   8   9  12  13   6.83850181029E-11
       321   2   3   4   5   6   7   8   9  13  14  -1.36595005014E-02
       322   2   3   4   5   6   7   8  10  11  13   1.70193876765E-02
       323   2   3   4   5   6   7   8  11  12  13   2.04972241003E-04
       324   2   3   4   5   6   7   8  11  13  14  -3.26149304181E-12
       325   2   3   4   5   6   7   9  10  11  12  -3.48638221756E-01
       326   2   3   4   5   6   7   9  10  11  14  -3.43503460073E-01
       327   2   3   4   5   6   7   9  10  12  13   2.32835897613E-01
       328   2   3   4   5   6   7   9  10  13  14  -2.13559536212E-01
       329   2   3   4   5   6   7   9  11  12  14   3.42049055414E-61
       330   2   3   4   5   6   7   9  12  13  14  -2.67384544919E-61
       331   2   3   4   5   6   7  10  11  12  13  -1.73586809644E-54
       332   2   3   4   5   6   7  10  11  13  14   2.00191578591E-54
       333   2   3   4   5   6   7  11  12  13  14  -5.29595888007E-09
       334   2   3   4   5   6   8   9  10  11  13   1.11566048353E-01
       335   2   3   4   5   6   8   9  11  12  13   3.34207251288E-63
       336   2   3   4   5   6   8   9  11  13  14  -7.12324911230E-55
       337   2   3   4   5   6   9  10  11  12  13   1.72643036421E-09
       338   2   3   4   5   6   9  10  11  13  14  -2.59178505440E-13
       339   2   3   4   5   6   9  11  12  13  14   2.82083832209E-04
       340   2   3   4   5   7   8   9  10  11  12   1.61823513443E-01
       341   2   3   4   5   7   8   9  10  11  14  -1.27789391484E-01
       342   2   3   4   5   7   8   9  10  12  13  -1.07655207324E-01
       343   2   3   4   5   7   8   9  10  13  14  -7.96233570512E-02
       344   2   3   4   5   7   8   9  11  12  14  -4.11099406718E-03
       345   2   3   4   5   7   8   9  12  13  14   3.20881264759E-03
       346   2   3   4   5   7   8  10  11  12  13   5.85137156655E-55
       347   2   3   4   5   7   8  10  11  13  14   5.42144365078E-55
       348   2   3   4   5   7   8  11  12  13  14   1.69086968062E-09
       349   2   3   4   5   7   9  10  11  12  14  -7.32326974369E-03
       350   2   3   4   5   7   9  10  12  13  14   4.60856246566E-03
       351   2   3   4   5   7  10  11  12  13  14  -6.37811240851-108
       352   2   3   4   5   8   9  10  11  12  13   3.43472007554E-04
       353   2   3   4   5   8   9  10  11  13  14   2.56573356806E-04
       354   2   3   4   5   8   9  11  12  13  14   2.10168516825E-57
       355   2   3   4   5   9  10  11  12  13  14   5.30337020230E-10
       356   2   3   4   6   7   8   9  10  11  13   2.25575092975E-01
       357   2   3   4   6   7   8   9  11  12  13   4.92641297783E-63
       358   2   3   4   6   7   8   9  11  13  14  -1.04843783484E-54
       359   2   3   4   6   7   9  10  11  12  13   1.50198411609E-03
       360   2   3   4   6   7   9  10  11  13  14  -1.39446290060E-03
       361   2   3   4   6   7   9  11  12  13  14   2.57765121386-115
       362   2   3   4   7   8   9  10  11  12  13  -1.64705352692E-10
       363   2   3   4   7   8   9  10  11  13  14  -8.93930050532E-15
       364   2   3   4   7   8   9  11  12  13  14  -3.51181020453E-13
       365   2   3   4   7   9  10  11  12  13  14  -2.65363611978E-16
       366   2   3   5   6   7   8   9  10  11  12  -7.17751459207E-01
       367   2   3   5   6   7   8   9  10  11  14  -1.00000000000E+00
       368   2   3   5   6   7   8   9  10  12  13   5.00097279616E-01
       369   2   3   5   6   7   8   9  10  13  14  -6.40738989435E-01
       370   2   3   5   6   7   8   9  11  12  14   1.28109105393E-02
       371   2   3   5   6   7   8   9  12  13  14  -1.05315950056E-02
       372   2   3   5   6   7   8  10  11  12  13  -1.14389548362E-02
       373   2   3   5   6   7   8  10  11  13  14   1.88038165086E-02
       374   2   3   5   6   7   8  11  12  13  14  -3.53305254652E-08
       375   2   3   5   6   7   9  10  11  12  14  -1.24977767852E-01
       376   2   3   5   6   7   9  10  12  13  14   8.28342323210E-02
       377   2   3   5   6   7  10  11  12  13  14  -4.82442723122E-55
       378   2   3   5   6   8   9  10  11  12  13  -1.15301065867E-01
       379   2   3   5   6   8   9  10  11  13  14   1.52811457453E-01
       380   2   3   5   6   8   9  11  12  13  14  -4.98471085560E-55
       381   2   3   5   6   9  10  11  12  13  14   1.36657489355E-02
       382   2   3   5   7   8   9  10  11  12  14   3.61472808187E-01
       383   2   3   5   7   8   9  10  12  13  14  -2.39222666061E-01
       384   2   3   5   7   8  10  11  12  13  14   1.01576697172E-54
       385   2   3   5   8   9  10  11  12  13  14   7.39178884683E-04
       386   2   3   6   7   8   9  10  11  12  13  -2.38260897179E-01
       387   2   3   6   7   8   9  10  11  13  14   3.15300728221E-01
       388   2   3   6   7   8   9  11  12  13  14  -7.49833570763E-55
       389   2   3   6   7   9  10  11  12  13  14   5.28112119206E-04
       390   2   3   7   8   9  10  11  12  13  14  -1.39873103892E-12
       391   2   4   5   6   7   8   9  10  11  13   4.99434039263E-01
       392   2   4   5   6   7   8   9  11  12  13   4.59015157627E-11
       393   2   4   5   6   7   8   9  11  13  14  -1.02885823261E-02
       394   2   4   5   6   7   9  10  11  12  13   2.40311667280E-01
       395   2   4   5   6   7   9  10  11  13  14  -2.34981202430E-01
       396   2   4   5   6   7   9  11  12  13  14   1.82792985923E-61
       397   2   4   5   7   8   9  10  11  12  13  -1.13558674846E-01
       398   2   4   5   7   8   9  10  11  13  14  -8.92086093881E-02
       399   2   4   5   7   8   9  11  12  13  14  -2.24196043083E-03
       400   2   4   5   7   9  10  11  12  13  14  -4.95117090874E-03
       401   2   5   6   7   8   9  10  11  12  13   4.81217653924E-01
       402   2   5   6   7   8   9  10  11  13  14  -6.56839654739E-01
       403   2   5   6   7   8   9  11  12  13  14   7.77822065272E-03
       404   2   5   6   7   9  10  11  12  13  14  -8.23422499027E-02
       405   2   5   7   8   9  10  11  12  13  14   2.40214255311E-01
       406   3   4   5   6   7   8   9  10  11  12   9.92834274523E-01
       407   3   4   5   6   7   8   9  10  11  14   6.54644396822E-01
       408   3   4   5   6   7   8   9  10  12  13  -6.54644396822E-01
       409   3   4   5   6   7   8   9  10  13  14   3.91595711915E-01
       410   3   4   5   6   7   8   9  11  12  14  -2.02027271448E-02
       411   3   4   5   6   7   8   9  12  13  14   1.55902096276E-02
       412   3   4   5   6   7   8  10  11  12  13   2.02027271448E-02
       413   3   4   5   6   7   8  10  11  13  14  -1.55902096276E-02
       414   3   4   5   6   7   8  11  12  13  14   1.24578342362E-07
       415   3   4   5   6   7   9  10  11  12  14  -1.60396041125E-01
       416   3   4   5   6   7   9  10  12  13  14   9.97926459463E-02
       417   3   4   5   6   7  10  11  12  13  14  -7.84164425985E-55
       418   3   4   5   6   8   9  10  11  12  13   1.60396041125E-01
       419   3   4   5   6   8   9  10  11  13  14  -9.97926459463E-02
       420   3   4   5   6   8   9  11  12  13  14   7.84164425985E-55
       421   3   4   5   6   9  10  11  12  13  14   8.61085187288E-07
       422   3   4   5   7   8   9  10  11  12  14  -3.29213026842E-01
       423   3   4   5   7   8   9  10  12  13  14   2.04517987198E-01
       424   3   4   5   7   8  10  11  12  13  14  -1.17164477804E-54
       425   3   4   5   8   9  10  11  12  13  14  -6.71565065154E-04
       426   3   4   6   7   8   9  10  11  12  13   3.29213026842E-01
       427   3   4   6   7   8   9  10  11  13  14  -2.04517987198E-01
       428   3   4   6   7   8   9  11  12  13  14   1.17164477804E-54
       429   3   4   6   7   9  10  11  12  13  14   6.71565065154E-04
       430   3   4   7   8   9  10  11  12  13  14   9.09068390516E-13
       431   3   5   6   7   8   9  10  11  12  14  -6.74311148397E-01
       432   3   5   6   7   8   9  10  12  13  14   4.41195911008E-01
       433   3   5   6   7   8  10  11  12  13  14  -1.06366568321E-02
       434   3   5   6   8   9  10  11  12  13  14  -1.04691298866E-01
       435   3   6   7   8   9  10  11  12  13  14  -2.19282471014E-01
       436   4   5   6   7   8   9  10  11  12  13   6.74311148397E-01
       437   4   5   6   7   8   9  10  11  13  14  -4.41195911008E-01
       438   4   5   6   7   8   9  11  12  13  14   1.06366568321E-02
       439   4   5   6   7   9  10  11  12  13  14   1.04691298866E-01
       440   4   5   7   8   9  10  11  12  13  14   2.19282471014E-01
       441   5   6   7   8   9  10  11  12  13  14   4.18404130123E-01
