# Block_length   Mean       Error        Error_in_Error
        2270  -1.6697628467202521        1.1790483590671543E-003   1.7502471229021637E-005
        1135  -1.6697628467202548        1.6235230015868300E-003   3.4090778650729168E-005
         567  -1.6697226536452425        2.1829058627347657E-003   6.4880142317230418E-005
         283  -1.6697090360119791        2.8025860653897836E-003   1.1801016194611315E-004
         141  -1.6697868878721669        3.4708973908084864E-003   2.0742579307792014E-004
          70  -1.6699941076390503        4.0688112313447457E-003   3.4636021331067602E-004
          35  -1.6699941076390503        4.3629782533550826E-003   5.2908882884870163E-004
          17  -1.6695898651541006        3.4084946663435118E-003   6.0254242305241891E-004
           8  -1.6712353175677612        3.1475734360290721E-003   8.4122438552368666E-004
           4  -1.6712353175677612        3.0812091108175653E-003   1.2578983520529505E-003
           2  -1.6712353175677612        7.7181244575330512E-004   5.4575381419633639E-004
