# No.Blocks      Mean       Error        Error_in_Error
        2270  -44.988271708788638        3.6856169817277698E-002   5.4711415937952837E-004
        1135  -44.988271708788652        5.1180482394662372E-002   1.0746891142586997E-003
         567  -44.988940954854002        6.9657484222083524E-002   2.0703538191642764E-003
         283  -44.988271605897722        9.2092777481696933E-002   3.8778054736281265E-003
         141  -44.982594497447778       0.11682018248311477        6.9813412125741678E-003
          70  -44.971876200713687       0.14262913853799575        1.2141398565696319E-002
          35  -44.971876200713702       0.15462910441653005        1.8751533244235754E-002
          17  -45.002252152160615       0.11946975400862145        2.1119468301546235E-002
           8  -44.947685556162888       0.11571689785011631        3.0926641829675236E-002
           4  -44.947685556162888       0.12196564918910366        4.9792267776766812E-002
           2  -44.947685556162888        2.3918390714676104E-002   1.6912856269416826E-002
