-383.337874366112 4.730590454436e-06 
-383.348923965409 6.186674433617e-07 
-383.349226859141 5.671656813483e-07 
-383.349429086029 4.578907265449e-07 
-383.349552706735 4.195340652369e-07 
-383.349536778225 3.863121128910e-07 
-383.349597943199 4.017785643412e-07 
-383.349764799655 2.922257883116e-07 
-383.349932384354 1.849280197598e-07 
-383.350010197413 1.475366076677e-07 
-383.350038738174 1.428876650173e-07 
-383.350078576715 1.420400623069e-07 
-383.350084727086 1.085481242504e-07 
-383.350088058882 9.515244407443e-08 
-383.350109809170 7.885268060423e-08 
