# of blocks mean (X_5)     std.err. (X_5)  std.err.err. (X_5)  mean (X_6)     std.err. (X_6)  std.err.err. (X_6)  cov(X_5,X_6)   mean (X_5/X_6)   std.err. (X_5/X_6) 
# from 50000 to 0
2049        -972238776.136 6.11914281e+03  9.56116064e+01       587092.140203  3.69508007e+00  5.77356262e-02       -4.63294e+07   -1656.024173310820 9.211527966193e-08 
1024        -972238918.183 8.21908075e+03  1.81706487e+02       587092.225979  4.96313968e+00  1.09724518e-01       -4.17715e+07   -1656.024173310595 1.178684935430e-07 
512         -972238918.183 1.04287556e+04  3.26217341e+02       587092.225979  6.29746403e+00  1.96988216e-01       -3.36255e+07   -1656.024173310592 1.454914543532e-07 
256         -972238918.183 1.21734033e+04  5.39047358e+02       587092.225979  7.35097825e+00  3.25506788e-01       -2.29085e+07   -1656.024173310593 1.697414628012e-07 
128         -972238918.183 1.45092730e+04  9.10392756e+02       587092.225979  8.76150691e+00  5.49745837e-01       -1.62718e+07   -1656.024173310594 1.878791641396e-07 
64          -972238918.183 1.69026081e+04  1.50580401e+03       587092.225979  1.02067365e+01  9.09288359e-01       -1.10413e+07   -1656.024173310593 1.897085408400e-07 
32          -972238918.183 1.80578029e+04  2.29334326e+03       587092.225979  1.09042897e+01  1.38484618e+00       -6.30104e+06   -1656.024173310594 2.012557479673e-07 
16          -972238918.183 2.10264035e+04  3.83887850e+03       587092.225979  1.26968890e+01  2.31812416e+00       -4.27152e+06   -1656.024173310593 2.085576084964e-07 
8           -972238918.183 2.44663751e+04  6.53891380e+03       587092.225979  1.47741630e+01  3.94856115e+00       -2.89176e+06   -1656.024173310594 2.035944011376e-07 
4           -972238918.183 1.51513866e+04  6.18552768e+03       587092.225979  9.14922801e+00  3.73515669e+00       -5.54494e+05   -1656.024173310593 2.680499500978e-07 
2           -972238918.183 1.89553964e+04  1.34034893e+04       587092.225979  1.14462922e+01  8.09375085e+00       -4.33938e+05   -1656.024173310593 1.018069494577e-07 
