# of blocks mean (X_1)     std.err. (X_1)  std.err.err. (X_1)  
# from 50000 to 0
2049        -0.683517474866 4.42938373e-06  6.92091207e-08       
1024        -0.683517439844 5.74348751e-06  1.26976358e-07       
512         -0.683517439844 6.65016148e-06  2.08020791e-07       
256         -0.683517439844 6.99538053e-06  3.09760656e-07       
128         -0.683517439844 7.57626348e-06  4.75377050e-07       
64          -0.683517439844 7.64018861e-06  6.80642098e-07       
32          -0.683517439844 8.27637342e-06  1.05110048e-06       
16          -0.683517439844 7.85474414e-06  1.43407352e-06       
8           -0.683517439844 9.70644950e-06  2.59415775e-06       
4           -0.683517439844 1.15101309e-05  4.69899127e-06       
2           -0.683517439844 2.19765625e-06  1.55397764e-06       
