# of blocks mean (X_5)     std.err. (X_5)  std.err.err. (X_5)  mean (X_6)     std.err. (X_6)  std.err.err. (X_6)  cov(X_5,X_6)   mean (X_5/X_6)   std.err. (X_5/X_6) 
# from 50000 to 0
2049        -59945606.6787 1.08465919e+02  1.69477998e+00       259841.948443  4.70159783e-01  7.34624661e-03       -1.04491e+05   -230.700266211053 6.550352162741e-09 
1024        -59945607.5211 1.50339568e+02  3.32368980e+00       259841.952095  6.51666611e-01  1.44069701e-02       -1.00323e+05   -230.700266210982 9.016034710468e-09 
512         -59945607.5211 2.03937711e+02  6.37928630e+00       259841.952095  8.83994924e-01  2.76518583e-02       -9.23033e+04   -230.700266210982 1.205591904253e-08 
256         -59945607.5211 2.70692495e+02  1.19864651e+01       259841.952095  1.17335239e+00  5.19569171e-02       -8.13101e+04   -230.700266210982 1.562843813598e-08 
128         -59945607.5211 3.57790683e+02  2.24497841e+01       259841.952095  1.55089107e+00  9.73115602e-02       -7.10265e+04   -230.700266210982 1.862394847272e-08 
64          -59945607.5211 4.32138454e+02  3.84979533e+01       259841.952095  1.87316180e+00  1.66874516e-01       -5.18058e+04   -230.700266210982 2.156797404960e-08 
32          -59945607.5211 5.18605387e+02  6.58629500e+01       259841.952095  2.24796567e+00  2.85491925e-01       -3.73058e+04   -230.700266210982 2.353741162501e-08 
16          -59945607.5211 4.78707462e+02  8.73996251e+01       259841.952095  2.07502615e+00  3.78846211e-01       -1.58933e+04   -230.700266210982 2.512810580952e-08 
8           -59945607.5211 4.81908097e+02  1.28795357e+02       259841.952095  2.08891179e+00  5.58285160e-01       -8.05331e+03   -230.700266210982 2.540252173602e-08 
4           -59945607.5211 5.73029441e+02  2.33938290e+02       259841.952095  2.48387986e+00  1.01403971e+00       -5.69335e+03   -230.700266210982 1.315171457197e-08 
2           -59945607.5211 5.12276755e+02  3.62234367e+02       259841.952095  2.22053619e+00  1.57015620e+00       -2.27506e+03   -230.700266210982 5.911746243152e-09 
