# No.Blocks      Mean       Error        Error_in_Error
        2278  -28990.213217661985       0.66116630202425453        9.7974757548330276E-003
        1139  -28990.213217662033       0.88184287336286171        1.8484388193782564E-002
         569  -28990.230097579763        1.1368910381793074        3.3731035786904243E-002
         284  -28990.247862409949        1.3899950065390441        5.8425847996759275E-002
         142  -28990.247862409949        1.5472027043796361        9.2134580267083765E-002
          71  -28990.247862409942        1.6650925331127633       0.14072600388769352     
          35  -28990.068840571432        1.4884789506600187       0.18050458632587632     
          17  -28989.514404123434        1.4601671249838597       0.25812351893543806     
           8  -28989.820228468117        1.3225079899292815       0.35345512782760385     
           4  -28989.820228468114        1.0428256290305764       0.42573178030363545     
           2  -28989.820228468114        1.2773419523187708       0.90321715637866640     
