# Block_length   Mean       Error        Error_in_Error
        2278  -4.6345648620140105        9.2323610081757564E-005   1.3680950293523813E-006
        1139  -4.6345648620139839        1.2027384175482520E-004   2.5210708706821553E-006
         569  -4.6345613900848583        1.4837998897621044E-004   4.4023662339993170E-006
         284  -4.6345637790206951        1.6860789180688694E-004   7.0871183072027101E-006
         142  -4.6345637790206959        1.7088836397457558E-004   1.0176253985827372E-005
          71  -4.6345637790206995        1.7645316695932267E-004   1.4913014481599286E-005
          35  -4.6346073000391241        1.5337551568153870E-004   1.8599513280545941E-005
          17  -4.6346580297929805        1.5690624575431409E-004   2.7737367595849605E-005
           8  -4.6346233807102841        1.8195580539013696E-004   4.8629734521743408E-005
           4  -4.6346233807102859        2.1245825485584121E-004   8.6735719339832901E-005
           2  -4.6346233807102841        2.4617765146213536E-004   1.7407388672545431E-004
