2.995161697524694744e-01 1.395570933495917654e-01 -2.416937736616456278e-01 6.824537465323177177e-02 -1.181177287709005708e-01 2.546047018952647956e-01 -2.921699089984998240e-05 1.103616977337385230e-01 2.196308235550621935e-01 -3.805725472918251584e-01 1.782512952459430478e-01 -1.028761624143288977e-01 -1.031834102588323615e-01 -1.787623114702721061e-01 -2.144843496930569637e-01 -3.715652058615054876e-01 -1.103065533088337519e-01 1.177600108014927949e-04 2.345853356683995639e-01 7.018826682251846916e-02 -1.216252080336264474e-01 -1.485075820914636691e-01 2.573207371608360883e-01 3.154408439038858258e-01
-2.081101942067371813e-01 3.420791930687695492e-01 -1.044237758964485388e-12 3.369537526064274036e-01 -1.408773966767681628e-10 9.868482546279228051e-02 1.229501480189515423e-10 -3.359890291727007927e-01 3.855409237697740577e-02 -3.444665246232045270e-10 -2.059924930055071510e-10 -3.169869457337390339e-01 3.091695539174613150e-01 9.498145492903910694e-11 2.033945444153900314e-02 1.247872744071294630e-10 -3.370352859794944478e-01 2.271742806406391492e-10 -1.138686193427444343e-01 -3.453190014130040897e-01 -2.234353799569046154e-10 3.448571004512010485e-01 -2.077646951298117454e-10 2.020140876873712243e-01
2.081262809583119544e-01 1.710532855076521142e-01 2.962925071980247460e-01 1.684565125689476139e-01 2.918134119215423650e-01 -9.881520541183277939e-02 -3.483942513468957844e-06 3.360664283178163014e-01 1.877547745467310347e-02 3.315952775140112996e-02 -2.745336624630350109e-01 -1.585120392585415428e-01 1.545768857079708458e-01 -2.677216513821196187e-01 1.028309294624430402e-02 -1.767540557554337852e-02 3.370435205311471116e-01 -3.275157712583477118e-05 1.137736308330154350e-01 -1.727037779738762324e-01 -2.990590463031210233e-01 1.723695631311188137e-01 2.986030473126706219e-01 -2.019469317073602221e-01
-2.081101940288268004e-01 -3.420791929619845240e-01 -3.254157026088572108e-11 3.369537525334929118e-01 -6.102479039197365886e-11 9.868482574574873045e-02 -2.495280089376189473e-11 3.359890290736425866e-01 -3.855409210636426970e-02 3.881722080411353660e-11 1.304377286127394940e-12 -3.169869456940911379e-01 -3.091695540569219247e-01 2.779104694549690333e-11 2.033945426909748375e-02 3.563236642864252448e-11 -3.370352861409569023e-01 2.810466248640091016e-11 1.138686195577772176e-01 3.453190015400604551e-01 7.816245851888044805e-11 3.448571004248682237e-01 -1.031985958927885201e-10 -2.020140875546153070e-01
-1.297432200475113484e-01 -2.013580955363661051e-01 1.692708734707188967e-01 6.756321494285516538e-02 3.099085982168569564e-01 2.145545809446073870e-01 2.886741870471869476e-01 -1.440015326123292860e-01 2.316944910129299373e-01 -1.255072248544275570e-01 1.601767636303186859e-01 2.637852670619990070e-01 2.622793683561845390e-01 -1.697113018683931718e-01 -2.370543699017332584e-01 -1.348456737692320384e-01 1.430800198750206975e-01 2.887371816480255315e-01 2.221527115978539080e-01 6.090607013143281567e-02 3.057132572486737643e-01 1.905752007329484798e-01 -1.635467803172492574e-01 -1.148228856954622568e-01
2.995161696741766577e-01 1.395570932376715978e-01 2.416937733459927629e-01 6.824537444334359548e-02 1.181177286194887155e-01 2.546047020964294361e-01 2.921698075065745406e-05 1.103616975668934852e-01 2.196308232783710235e-01 3.805725472376679797e-01 -1.782512950493797543e-01 -1.028761621248957397e-01 -1.031834102473483394e-01 1.787623118638943243e-01 -2.144843496823374274e-01 3.715652059946052965e-01 -1.103065536275864983e-01 -1.177599680216416680e-04 2.345853358668747168e-01 7.018826667314331802e-02 1.216252081767314891e-01 -1.485075821303152577e-01 -2.573207371390261455e-01 3.154408440808740832e-01
-1.297350357688877576e-01 4.590923425026880583e-02 -2.590185598897726260e-01 -3.020724414113166167e-01 9.649543650872847989e-02 2.146974221971910401e-01 2.886782786062908612e-01 1.442476416775135550e-01 6.923254921284558404e-03 2.632843941166071455e-01 -1.483410591364263953e-01 -2.705943488089609938e-01 2.781105148949110650e-01 -1.422758839519861762e-01 1.714121220295245027e-03 -2.728960603479791414e-01 1.430119461243616052e-01 -2.885589538184007985e-01 -2.220653973573273043e-01 2.952904043445768734e-01 -1.000656682006090675e-01 4.636185046018145850e-02 -2.468704743938530399e-01 1.148133543158783021e-01
2.081262806772799789e-01 -1.710532851865157467e-01 -2.962925067516973821e-01 1.684565123754510063e-01 2.918134114202251550e-01 -9.881520507180659163e-02 3.484092497677438334e-06 -3.360664279409354416e-01 -1.877547749825396114e-02 -3.315952799214676866e-02 -2.745336624069508180e-01 -1.585120390898051568e-01 -1.545768859781529725e-01 2.677216513878514781e-01 1.028309279740952792e-02 -1.767540574451300153e-02 3.370435209070452021e-01 -3.275170579921679272e-05 -1.137736308355528358e-01 1.727037781409825890e-01 2.990590467570255484e-01 1.723695633951843609e-01 2.986030478081561634e-01 2.019469321447798227e-01
2.994047104644094737e-01 2.791252707742317152e-01 -3.090679467707446082e-12 -1.363464174055056821e-01 -1.843181539613762461e-11 2.545128319974411801e-01 -5.126883918617214107e-11 -1.097166822269930175e-01 4.395813573475282343e-01 -3.342287457046471931e-11 -4.135184848823160660e-11 2.059095454660621882e-01 -2.062993308617651067e-01 3.489154242300908892e-11 4.290632781803318530e-01 7.880081331631676083e-11 -1.103538577165735501e-01 -9.985466885553115804e-12 -2.345727037684995075e-01 1.404403044144738044e-01 5.741542304533447503e-11 2.971829077235370598e-01 -9.257760371327298026e-11 -3.154557286937724192e-01
-2.995161697419896907e-01 1.395570933858487905e-01 2.416937737146011289e-01 -6.824537472284382400e-02 -1.181177287252436064e-01 -2.546047017724230033e-01 2.921703705041945611e-05 1.103616977547731831e-01 2.196308236253763646e-01 3.805725472597306092e-01 1.782512952144343910e-01 1.028761625463206070e-01 -1.031834104604926056e-01 1.787623112537112258e-01 2.144843495455878712e-01 -3.715652059291089104e-01 1.103065532024418982e-01 1.177597749914422994e-04 2.345853355512965421e-01 7.018826677072710629e-02 1.216252080795107160e-01 1.485075820789757972e-01 2.573207373552630628e-01 3.154408439584511781e-01
-1.297401863833560487e-01 -2.472798119386731552e-01 -8.973086012377973208e-02 2.347090453298874002e-01 -2.133973444254888552e-01 2.145358049602297534e-01 -2.886729367352838249e-01 1.444736625193265567e-01 2.243221351495266191e-01 1.378196156283551244e-01 -3.085386176729577601e-01 6.835766236411537980e-03 -1.583133105872347110e-02 -3.119692296258987918e-01 2.354538471433132163e-01 -1.377362051098185436e-01 1.429141051530925799e-01 2.887292072072777938e-01 -2.221828193070059521e-01 -2.342150590498065788e-01 2.056629807833722789e-01 -2.369469416790190019e-01 -8.324468459690209654e-02 1.148351209013921403e-01
-1.297350357727399817e-01 -4.590923411511239199e-02 2.590185598651891796e-01 -3.020724414314171491e-01 9.649543639242913473e-02 2.146974220489250018e-01 -2.886782785877434754e-01 -1.442476415882526786e-01 -6.923254836150084281e-03 -2.632843940032937868e-01 -1.483410590014159758e-01 -2.705943487434787076e-01 -2.781105148530272908e-01 1.422758840008801207e-01 1.714121255283041325e-03 -2.728960604155379888e-01 1.430119462145447995e-01 -2.885589538647709285e-01 2.220653974124187080e-01 -2.952904044852391330e-01 1.000656682019477189e-01 4.636185041187020073e-02 -2.468704745306226911e-01 -1.148133544024913522e-01
-1.297350357698205114e-01 4.590923413745696263e-02 2.590185598395503552e-01 -3.020724413028949562e-01 -9.649543649503362908e-02 2.146974219776702775e-01 -2.886782783977681621e-01 1.442476417237534558e-01 6.923254817895421742e-03 -2.632843938025130615e-01 1.483410590989294453e-01 -2.705943485080007926e-01 2.781105149604728988e-01 1.422758838839019435e-01 1.714121267592244244e-03 2.728960605529480166e-01 1.430119461143813941e-01 2.885589539639000223e-01 -2.220653975531464708e-01 2.952904046231059065e-01 1.000656682084084120e-01 4.636185045961357942e-02 2.468704746887990242e-01 1.148133544795213873e-01
1.297401862843225728e-01 -2.472798116873769769e-01 -8.973086026222321099e-02 -2.347090451162275604e-01 2.133973444953278786e-01 -2.145358048161379871e-01 -2.886729367125842050e-01 1.444736623600935410e-01 2.243221352043625882e-01 1.378196154302407384e-01 3.085386175450433588e-01 -6.835766424014976840e-03 -1.583133103850933865e-02 -3.119692297027920058e-01 -2.354538474473197029e-01 1.377362053190394342e-01 -1.429141052460644601e-01 -2.887292072557512967e-01 -2.221828195426671371e-01 -2.342150591012814032e-01 2.056629808682122473e-01 2.369469416332938838e-01 8.324468460838566064e-02 1.148351207980691929e-01
2.994047104766745515e-01 -2.791252710186090669e-01 9.433347316232047609e-11 -1.363464174745928625e-01 -2.150601759348057373e-10 2.545128317706112919e-01 -4.070076061034751114e-11 1.097166821100275386e-01 -4.395813572892686150e-01 3.953313553833781356e-11 3.126553338374262753e-10 2.059095452986389740e-01 2.062993310154556115e-01 -1.476615145689181448e-10 4.290632781756031355e-01 -3.089598086938152429e-10 -1.103538577428091888e-01 -8.778573464625803489e-11 2.345727035133865490e-01 -1.404403046148920975e-01 -7.608727649593749033e-11 2.971829080144562929e-01 3.311578600345768757e-11 3.154557285733505245e-01
-2.995161696289566078e-01 1.395570930984209590e-01 -2.416937737283701149e-01 -6.824537494778847024e-02 1.181177287421820293e-01 -2.546047017621038133e-01 -2.921704217282496694e-05 1.103616979316203311e-01 2.196308234079527022e-01 -3.805725471694742512e-01 -1.782512952137667306e-01 1.028761627327807598e-01 -1.031834103874819664e-01 -1.787623112958781346e-01 2.144843498332858478e-01 3.715652058814118419e-01 1.103065533315350649e-01 -1.177599954008694998e-04 2.345853358063396399e-01 7.018826706327031817e-02 -1.216252078297084677e-01 1.485075818547499371e-01 -2.573207373099174466e-01 3.154408440731145680e-01
-2.081262807192333364e-01 1.710532850019644835e-01 -2.962925069421007973e-01 -1.684565124628460697e-01 2.918134112824411486e-01 9.881520523921138999e-02 3.484087354103342568e-06 3.360664278046406883e-01 1.877547714717526378e-02 -3.315952812408325123e-02 -2.745336622073914490e-01 1.585120392556629842e-01 1.545768859283485619e-01 2.677216515453661461e-01 -1.028309267089438581e-02 -1.767540584437827036e-02 -3.370435210981070906e-01 -3.275145516669705640e-05 1.137736307685927178e-01 -1.727037783948054128e-01 2.990590466774770695e-01 -1.723695631669285300e-01 2.986030478031024282e-01 -2.019469320506036836e-01
1.297432199426394595e-01 -2.013580955294300423e-01 -1.692708733177815672e-01 -6.756321507994217379e-02 3.099085981271402779e-01 -2.145545810417169574e-01 -2.886741870727329018e-01 -1.440015324757903115e-01 2.316944911425641296e-01 1.255072249664515027e-01 1.601767637298914526e-01 -2.637852670356007900e-01 2.622793683459399561e-01 1.697113019360700359e-01 2.370543698903219421e-01 -1.348456738444216430e-01 -1.430800198234593312e-01 2.887371816941881053e-01 2.221527115937990959e-01 6.090607022147746796e-02 -3.057132572172988061e-01 -1.905752007526583247e-01 -1.635467802068200083e-01 -1.148228856513274221e-01
-1.297401863604549510e-01 2.472798118892450270e-01 -8.973086013287491502e-02 2.347090453500824958e-01 2.133973443040605711e-01 2.145358048750586888e-01 -2.886729365447827100e-01 -1.444736626533880963e-01 -2.243221350752696852e-01 1.378196154137946161e-01 3.085386174374364354e-01 6.835766060104104050e-03 1.583133140533125177e-02 -3.119692296233370077e-01 2.354538474899736111e-01 1.377362052322214647e-01 1.429141048677176895e-01 -2.887292073343390997e-01 2.221828195851794641e-01 2.342150589264771210e-01 2.056629810432132333e-01 -2.369469417054407279e-01 8.324468478135677030e-02 -1.148351209231695258e-01
1.297350355873841954e-01 4.590923408309480203e-02 2.590185595436321209e-01 3.020724411725199121e-01 9.649543639917067261e-02 -2.146974217748333358e-01 -2.886782784560487647e-01 1.442476416364253111e-01 6.923254836049478993e-03 -2.632843937151791991e-01 -1.483410590488199454e-01 2.705943486448730839e-01 2.781105149417334443e-01 1.422758841138682395e-01 -1.714121402746597231e-03 -2.728960606070270911e-01 -1.430119463229644061e-01 -2.885589539711981288e-01 -2.220653976284358289e-01 2.952904047049405567e-01 1.000656683787595203e-01 -4.636185058529701530e-02 -2.468704748224993806e-01 1.148133545913151699e-01
-1.297432198560041217e-01 -2.013580953272916807e-01 -1.692708731565885361e-01 6.756321510370072447e-02 -3.099085978612644565e-01 2.145545807247379866e-01 -2.886741870140978050e-01 -1.440015322587435420e-01 2.316944909585026136e-01 1.255072248094309395e-01 -1.601767638869719401e-01 2.637852669156535157e-01 2.622793685699110200e-01 1.697113015949002768e-01 -2.370543699054460940e-01 1.348456737226921553e-01 1.430800202537143573e-01 -2.887371816711001848e-01 2.221527117304469001e-01 6.090606996344219426e-02 -3.057132576117687073e-01 1.905752009996319885e-01 1.635467806914149003e-01 -1.148228860047326855e-01
-1.297401864055629239e-01 -2.472798119500410341e-01 8.973086009922473516e-02 2.347090453970115398e-01 2.133973443585371055e-01 2.145358048639384729e-01 2.886729366931344853e-01 1.444736626035453553e-01 2.243221351090344262e-01 -1.378196155130715916e-01 3.085386176378881462e-01 6.835766216147810652e-03 -1.583133105271340366e-02 3.119692296672725296e-01 2.354538472592190013e-01 1.377362052023759220e-01 1.429141051596812817e-01 -2.887292072195539738e-01 -2.221828194061981065e-01 -2.342150590168603497e-01 -2.056629808055003839e-01 -2.369469416098277936e-01 8.324468459736013293e-02 1.148351208297984788e-01
-2.081262806112100794e-01 -1.710532851703575052e-01 2.962925067982287164e-01 -1.684565124015470761e-01 2.918134113975884292e-01 9.881520527200032822e-02 -3.484060980686154430e-06 -3.360664278890623802e-01 -1.877547751255570843e-02 3.315952790438383285e-02 -2.745336623408399235e-01 1.585120391000635065e-01 -1.545768859870681189e-01 -2.677216513939042475e-01 -1.028309269519476522e-02 -1.767540560978982100e-02 -3.370435210762015577e-01 -3.275184209523386781e-05 -1.137736308983373773e-01 1.727037780290353874e-01 -2.990590469283024855e-01 -1.723695634253937237e-01 2.986030476410889145e-01 2.019469320002750812e-01
1.297432200410820191e-01 -2.013580956242098929e-01 1.692708734176974483e-01 -6.756321513984160643e-02 -3.099085982071828060e-01 -2.145545810650114349e-01 2.886741871636815948e-01 -1.440015323662765523e-01 2.316944912102629206e-01 -1.255072249728553246e-01 -1.601767639354272632e-01 -2.637852669620427970e-01 2.622793683906758933e-01 -1.697113015655923041e-01 2.370543696844160109e-01 1.348456737132076311e-01 -1.430800200866363669e-01 -2.887371815353359517e-01 2.221527114784285772e-01 6.090607005307083904e-02 3.057132572885431498e-01 -1.905752007711229712e-01 1.635467802659697489e-01 -1.148228856831795125e-01
