# FIXED-NODE: TRIAL WAVE FUNCTION DUMP FILE [ nI | twfn amp. ]
 # Size of Hilbert Space:          441
 # Type of Trial Wave Function |  Slater =           1  |  Jastrow = T  |  Backflow = T
 
         1   1   2   3   4   5   6   7   8   9  10   4.58935064735E-01
         2   1   2   3   4   5   6   7   8   9  12   3.16750152869E-03
         3   1   2   3   4   5   6   7   8   9  14  -1.06501975289E-02
         4   1   2   3   4   5   6   7   8  10  11  -3.16750152869E-03
         5   1   2   3   4   5   6   7   8  10  13   1.06501975289E-02
         6   1   2   3   4   5   6   7   8  11  12   9.30410295309E-11
         7   1   2   3   4   5   6   7   8  11  14   8.19223877411E-09
         8   1   2   3   4   5   6   7   8  12  13  -8.19223877411E-09
         9   1   2   3   4   5   6   7   8  13  14   4.96139610350E-12
        10   1   2   3   4   5   6   7   9  10  12  -2.49694743825E-01
        11   1   2   3   4   5   6   7   9  10  14  -2.38209376827E-01
        12   1   2   3   4   5   6   7   9  12  14   6.51732325516E-03
        13   1   2   3   4   5   6   7  10  11  12  -6.79278416622E-03
        14   1   2   3   4   5   6   7  10  11  14  -5.47181366586E-03
        15   1   2   3   4   5   6   7  10  12  13  -1.58801021933E-03
        16   1   2   3   4   5   6   7  10  13  14  -4.46580203321E-04
        17   1   2   3   4   5   6   7  11  12  14  -1.25804417957E-07
        18   1   2   3   4   5   6   7  12  13  14   3.50333903275E-09
        19   1   2   3   4   5   6   8   9  10  11   2.49694743825E-01
        20   1   2   3   4   5   6   8   9  10  13   2.38209376827E-01
        21   1   2   3   4   5   6   8   9  11  12   6.79278416622E-03
        22   1   2   3   4   5   6   8   9  11  14  -1.58801021933E-03
        23   1   2   3   4   5   6   8   9  12  13  -5.47181366586E-03
        24   1   2   3   4   5   6   8   9  13  14   4.46580203321E-04
        25   1   2   3   4   5   6   8  10  11  13   6.51732325516E-03
        26   1   2   3   4   5   6   8  11  12  13   1.25804417957E-07
        27   1   2   3   4   5   6   8  11  13  14  -3.50333903275E-09
        28   1   2   3   4   5   6   9  10  11  12   4.42195228852E-07
        29   1   2   3   4   5   6   9  10  11  14  -2.04073806179E-02
        30   1   2   3   4   5   6   9  10  12  13   2.04073806179E-02
        31   1   2   3   4   5   6   9  10  13  14   6.63957656411E-07
        32   1   2   3   4   5   6   9  11  12  14   4.52161490162E-04
        33   1   2   3   4   5   6   9  12  13  14  -1.49297851387E-03
        34   1   2   3   4   5   6  10  11  12  13  -4.52161490162E-04
        35   1   2   3   4   5   6  10  11  13  14   1.49297851387E-03
        36   1   2   3   4   5   6  11  12  13  14   1.37025354713E-13
        37   1   2   3   4   5   7   8   9  10  12   1.14364960928E-01
        38   1   2   3   4   5   7   8   9  10  14  -8.74769683673E-02
        39   1   2   3   4   5   7   8   9  12  14   2.10301833474E-03
        40   1   2   3   4   5   7   8  10  11  12   2.48815507942E-03
        41   1   2   3   4   5   7   8  10  11  14  -1.90406818543E-03
        42   1   2   3   4   5   7   8  10  12  13   1.45624198197E-04
        43   1   2   3   4   5   7   8  10  13  14   8.57906962250E-05
        44   1   2   3   4   5   7   8  11  12  14  -3.87983151329E-08
        45   1   2   3   4   5   7   8  12  13  14   9.52206786956E-08
        46   1   2   3   4   5   7   9  10  12  14  -7.99272765536E-03
        47   1   2   3   4   5   7  10  11  12  14   1.37248722280E-03
        48   1   2   3   4   5   7  10  12  13  14   4.48565681242E-03
        49   1   2   3   4   5   8   9  10  11  12  -1.74482705747E-02
        50   1   2   3   4   5   8   9  10  11  14   3.29400807650E-03
        51   1   2   3   4   5   8   9  10  12  13   1.09880144233E-02
        52   1   2   3   4   5   8   9  10  13  14   8.33877266502E-03
        53   1   2   3   4   5   8   9  11  12  14   4.06830530594E-04
        54   1   2   3   4   5   8   9  12  13  14   1.82384961526E-04
        55   1   2   3   4   5   8  10  11  12  13  -3.95715946880E-03
        56   1   2   3   4   5   8  10  11  13  14  -5.80676350462E-04
        57   1   2   3   4   5   8  11  12  13  14  -2.73147098365E-08
        58   1   2   3   4   5   9  10  11  12  14   6.23717006655E-02
        59   1   2   3   4   5   9  10  12  13  14  -6.13009666343E-02
        60   1   2   3   4   5  10  11  12  13  14  -4.34940005789E-04
        61   1   2   3   4   6   7   8   9  10  11  -1.14364960928E-01
        62   1   2   3   4   6   7   8   9  10  13   8.74769683673E-02
        63   1   2   3   4   6   7   8   9  11  12  -2.48815507942E-03
        64   1   2   3   4   6   7   8   9  11  14   1.45624198197E-04
        65   1   2   3   4   6   7   8   9  12  13  -1.90406818543E-03
        66   1   2   3   4   6   7   8   9  13  14  -8.57906962250E-05
        67   1   2   3   4   6   7   8  10  11  13   2.10301833474E-03
        68   1   2   3   4   6   7   8  11  12  13   3.87983151329E-08
        69   1   2   3   4   6   7   8  11  13  14  -9.52206786956E-08
        70   1   2   3   4   6   7   9  10  11  12   1.74482705747E-02
        71   1   2   3   4   6   7   9  10  11  14   1.09880144233E-02
        72   1   2   3   4   6   7   9  10  12  13   3.29400807650E-03
        73   1   2   3   4   6   7   9  10  13  14  -8.33877266502E-03
        74   1   2   3   4   6   7   9  11  12  14  -3.95715946880E-03
        75   1   2   3   4   6   7   9  12  13  14  -5.80676350462E-04
        76   1   2   3   4   6   7  10  11  12  13   4.06830530594E-04
        77   1   2   3   4   6   7  10  11  13  14   1.82384961526E-04
        78   1   2   3   4   6   7  11  12  13  14   2.73147098365E-08
        79   1   2   3   4   6   8   9  10  11  13  -7.99272765536E-03
        80   1   2   3   4   6   8   9  11  12  13   1.37248722280E-03
        81   1   2   3   4   6   8   9  11  13  14   4.48565681242E-03
        82   1   2   3   4   6   9  10  11  12  13  -6.23717006655E-02
        83   1   2   3   4   6   9  10  11  13  14   6.13009666343E-02
        84   1   2   3   4   6   9  11  12  13  14   4.34940005789E-04
        85   1   2   3   4   7   8   9  10  11  12   1.37473832876E-05
        86   1   2   3   4   7   8   9  10  11  14   1.14486570313E-03
        87   1   2   3   4   7   8   9  10  12  13  -1.14486570313E-03
        88   1   2   3   4   7   8   9  10  13  14   7.51605722892E-05
        89   1   2   3   4   7   8   9  11  12  14  -1.43681901923E-04
        90   1   2   3   4   7   8   9  12  13  14  -7.23618469050E-05
        91   1   2   3   4   7   8  10  11  12  13   1.43681901923E-04
        92   1   2   3   4   7   8  10  11  13  14   7.23618469050E-05
        93   1   2   3   4   7   8  11  12  13  14   4.35722197734E-13
        94   1   2   3   4   7   9  10  11  12  14   2.82643894312E-02
        95   1   2   3   4   7   9  10  12  13  14   3.09850554908E-02
        96   1   2   3   4   7  10  11  12  13  14   1.34585608150E-03
        97   1   2   3   4   8   9  10  11  12  13  -2.82643894312E-02
        98   1   2   3   4   8   9  10  11  13  14  -3.09850554908E-02
        99   1   2   3   4   8   9  11  12  13  14  -1.34585608150E-03
       100   1   2   3   4   9  10  11  12  13  14   1.31678772434E-02
       101   1   2   3   5   6   7   8   9  10  12  -5.05522263399E-01
       102   1   2   3   5   6   7   8   9  10  14  -6.88420463119E-01
       103   1   2   3   5   6   7   8   9  12  14  -1.43313391625E-02
       104   1   2   3   5   6   7   8  10  11  12   1.81122911480E-03
       105   1   2   3   5   6   7   8  10  11  14   3.24522837159E-03
       106   1   2   3   5   6   7   8  10  12  13   1.11626157309E-02
       107   1   2   3   5   6   7   8  10  13  14  -1.48195953019E-02
       108   1   2   3   5   6   7   8  11  12  14   1.45944432011E-03
       109   1   2   3   5   6   7   8  12  13  14   7.53794500303E-05
       110   1   2   3   5   6   7   9  10  12  14   9.56746835818E-02
       111   1   2   3   5   6   7  10  11  12  14   1.25154713576E-03
       112   1   2   3   5   6   7  10  12  13  14   4.21895376069E-04
       113   1   2   3   5   6   8   9  10  11  12  -2.50271066111E-01
       114   1   2   3   5   6   8   9  10  11  14  -3.35455494519E-01
       115   1   2   3   5   6   8   9  10  12  13   2.55006991750E-01
       116   1   2   3   5   6   8   9  10  13  14  -3.27318995711E-01
       117   1   2   3   5   6   8   9  11  12  14  -9.91149356745E-03
       118   1   2   3   5   6   8   9  12  13  14   8.45152556030E-03
       119   1   2   3   5   6   8  10  11  12  13   6.04362733767E-03
       120   1   2   3   5   6   8  10  11  13  14  -7.79912327761E-03
       121   1   2   3   5   6   8  11  12  13  14   9.92865407266E-04
       122   1   2   3   5   6   9  10  11  12  14   2.91115551711E-03
       123   1   2   3   5   6   9  10  12  13  14  -8.18382417870E-03
       124   1   2   3   5   6  10  11  12  13  14  -3.55646859075E-04
       125   1   2   3   5   7   8   9  10  12  14  -2.59549630208E-01
       126   1   2   3   5   7   8  10  11  12  14  -5.47578671079E-03
       127   1   2   3   5   7   8  10  12  13  14  -1.31115078560E-04
       128   1   2   3   5   8   9  10  11  12  14   3.30568878907E-02
       129   1   2   3   5   8   9  10  12  13  14  -2.26885802874E-02
       130   1   2   3   5   8  10  11  12  13  14   7.24845045337E-03
       131   1   2   3   6   7   8   9  10  11  12   1.14116944200E-01
       132   1   2   3   6   7   8   9  10  11  14   1.60665363360E-01
       133   1   2   3   6   7   8   9  10  12  13   9.47276676677E-02
       134   1   2   3   6   7   8   9  10  13  14  -1.24260808312E-01
       135   1   2   3   6   7   8   9  11  12  14   3.53014311112E-03
       136   1   2   3   6   7   8   9  12  13  14   2.85494608178E-03
       137   1   2   3   6   7   8  10  11  12  13   2.27537288528E-03
       138   1   2   3   6   7   8  10  11  13  14  -2.91785828275E-03
       139   1   2   3   6   7   8  11  12  13  14   1.36044418784E-04
       140   1   2   3   6   7   9  10  11  12  14  -8.60616050853E-03
       141   1   2   3   6   7   9  10  12  13  14  -1.03573335387E-03
       142   1   2   3   6   7  10  11  12  13  14  -2.15034618409E-04
       143   1   2   3   6   8   9  10  11  12  13  -9.76876120697E-03
       144   1   2   3   6   8   9  10  11  13  14   1.57192767751E-02
       145   1   2   3   6   8   9  11  12  13  14  -5.99190076266E-03
       146   1   2   3   6   9  10  11  12  13  14   2.59018893064E-02
       147   1   2   3   7   8   9  10  11  12  14  -3.28344055843E-04
       148   1   2   3   7   8   9  10  12  13  14  -7.95620055547E-04
       149   1   2   3   7   8  10  11  12  13  14  -2.71529368237E-04
       150   1   2   3   8   9  10  11  12  13  14   7.36128181931E-02
       151   1   2   4   5   6   7   8   9  10  11   5.05522263399E-01
       152   1   2   4   5   6   7   8   9  10  13   6.88420463119E-01
       153   1   2   4   5   6   7   8   9  11  12  -1.81122911480E-03
       154   1   2   4   5   6   7   8   9  11  14   1.11626157309E-02
       155   1   2   4   5   6   7   8   9  12  13   3.24522837159E-03
       156   1   2   4   5   6   7   8   9  13  14   1.48195953019E-02
       157   1   2   4   5   6   7   8  10  11  13  -1.43313391625E-02
       158   1   2   4   5   6   7   8  11  12  13  -1.45944432011E-03
       159   1   2   4   5   6   7   8  11  13  14  -7.53794500303E-05
       160   1   2   4   5   6   7   9  10  11  12   2.50271066111E-01
       161   1   2   4   5   6   7   9  10  11  14   2.55006991750E-01
       162   1   2   4   5   6   7   9  10  12  13  -3.35455494519E-01
       163   1   2   4   5   6   7   9  10  13  14   3.27318995711E-01
       164   1   2   4   5   6   7   9  11  12  14   6.04362733767E-03
       165   1   2   4   5   6   7   9  12  13  14  -7.79912327761E-03
       166   1   2   4   5   6   7  10  11  12  13  -9.91149356745E-03
       167   1   2   4   5   6   7  10  11  13  14   8.45152556030E-03
       168   1   2   4   5   6   7  11  12  13  14  -9.92865407266E-04
       169   1   2   4   5   6   8   9  10  11  13   9.56746835818E-02
       170   1   2   4   5   6   8   9  11  12  13   1.25154713576E-03
       171   1   2   4   5   6   8   9  11  13  14   4.21895376069E-04
       172   1   2   4   5   6   9  10  11  12  13  -2.91115551711E-03
       173   1   2   4   5   6   9  10  11  13  14   8.18382417870E-03
       174   1   2   4   5   6   9  11  12  13  14   3.55646859075E-04
       175   1   2   4   5   7   8   9  10  11  12  -1.14116944200E-01
       176   1   2   4   5   7   8   9  10  11  14   9.47276676677E-02
       177   1   2   4   5   7   8   9  10  12  13   1.60665363360E-01
       178   1   2   4   5   7   8   9  10  13  14   1.24260808312E-01
       179   1   2   4   5   7   8   9  11  12  14   2.27537288528E-03
       180   1   2   4   5   7   8   9  12  13  14  -2.91785828275E-03
       181   1   2   4   5   7   8  10  11  12  13   3.53014311112E-03
       182   1   2   4   5   7   8  10  11  13  14   2.85494608178E-03
       183   1   2   4   5   7   8  11  12  13  14  -1.36044418784E-04
       184   1   2   4   5   7   9  10  11  12  14  -9.76876120697E-03
       185   1   2   4   5   7   9  10  12  13  14   1.57192767751E-02
       186   1   2   4   5   7  10  11  12  13  14  -5.99190076266E-03
       187   1   2   4   5   8   9  10  11  12  13  -8.60616050853E-03
       188   1   2   4   5   8   9  10  11  13  14  -1.03573335387E-03
       189   1   2   4   5   8   9  11  12  13  14  -2.15034618409E-04
       190   1   2   4   5   9  10  11  12  13  14  -2.59018893064E-02
       191   1   2   4   6   7   8   9  10  11  13  -2.59549630208E-01
       192   1   2   4   6   7   8   9  11  12  13  -5.47578671079E-03
       193   1   2   4   6   7   8   9  11  13  14  -1.31115078560E-04
       194   1   2   4   6   7   9  10  11  12  13   3.30568878907E-02
       195   1   2   4   6   7   9  10  11  13  14  -2.26885802874E-02
       196   1   2   4   6   7   9  11  12  13  14   7.24845045337E-03
       197   1   2   4   7   8   9  10  11  12  13   3.28344055843E-04
       198   1   2   4   7   8   9  10  11  13  14   7.95620055547E-04
       199   1   2   4   7   8   9  11  12  13  14   2.71529368237E-04
       200   1   2   4   7   9  10  11  12  13  14  -7.36128181931E-02
       201   1   2   5   6   7   8   9  10  11  12   4.64772650923E-01
       202   1   2   5   6   7   8   9  10  11  14   7.09536603664E-01
       203   1   2   5   6   7   8   9  10  12  13  -7.09536603664E-01
       204   1   2   5   6   7   8   9  10  13  14   9.48075236190E-01
       205   1   2   5   6   7   8   9  11  12  14  -1.15221568721E-02
       206   1   2   5   6   7   8   9  12  13  14   1.65774561827E-02
       207   1   2   5   6   7   8  10  11  12  13   1.15221568721E-02
       208   1   2   5   6   7   8  10  11  13  14  -1.65774561827E-02
       209   1   2   5   6   7   8  11  12  13  14   3.39129395427E-08
       210   1   2   5   6   7   9  10  11  12  14   9.69374273018E-02
       211   1   2   5   6   7   9  10  12  13  14  -1.40458769223E-01
       212   1   2   5   6   7  10  11  12  13  14  -5.51061706915E-03
       213   1   2   5   6   8   9  10  11  12  13  -9.69374273018E-02
       214   1   2   5   6   8   9  10  11  13  14   1.40458769223E-01
       215   1   2   5   6   8   9  11  12  13  14   5.51061706915E-03
       216   1   2   5   6   9  10  11  12  13  14   1.52575503143E-03
       217   1   2   5   7   8   9  10  11  12  14  -2.56873094675E-01
       218   1   2   5   7   8   9  10  12  13  14   3.54684044523E-01
       219   1   2   5   7   8  10  11  12  13  14   7.43649543338E-03
       220   1   2   5   8   9  10  11  12  13  14  -1.30225973330E-02
       221   1   2   6   7   8   9  10  11  12  13   2.56873094675E-01
       222   1   2   6   7   8   9  10  11  13  14  -3.54684044523E-01
       223   1   2   6   7   8   9  11  12  13  14  -7.43649543338E-03
       224   1   2   6   7   9  10  11  12  13  14   1.30225973330E-02
       225   1   2   7   8   9  10  11  12  13  14   6.42233654387E-06
       226   1   3   4   5   6   7   8   9  10  12   7.07258583807E-01
       227   1   3   4   5   6   7   8   9  10  14   4.65728739222E-01
       228   1   3   4   5   6   7   8   9  12  14   1.63739422180E-02
       229   1   3   4   5   6   7   8  10  11  12   7.07846366714E-04
       230   1   3   4   5   6   7   8  10  11  14   2.19044268523E-04
       231   1   3   4   5   6   7   8  10  12  13  -1.70856677798E-02
       232   1   3   4   5   6   7   8  10  13  14   1.17521132847E-02
       233   1   3   4   5   6   7   8  11  12  14  -6.83432121611E-04
       234   1   3   4   5   6   7   8  12  13  14  -1.59559450901E-04
       235   1   3   4   5   6   7   9  10  12  14   1.00792779243E-01
       236   1   3   4   5   6   7  10  11  12  14   2.28175391512E-03
       237   1   3   4   5   6   7  10  12  13  14   1.72524489684E-03
       238   1   3   4   5   6   8   9  10  11  12   3.48033852128E-01
       239   1   3   4   5   6   8   9  10  11  14   2.33364773438E-01
       240   1   3   4   5   6   8   9  10  12  13  -3.49857091496E-01
       241   1   3   4   5   6   8   9  10  13  14   2.18861315097E-01
       242   1   3   4   5   6   8   9  11  12  14   7.85952619686E-03
       243   1   3   4   5   6   8   9  12  13  14  -6.34232102802E-03
       244   1   3   4   5   6   8  10  11  12  13  -1.11760165170E-02
       245   1   3   4   5   6   8  10  11  13  14   6.98773334458E-03
       246   1   3   4   5   6   8  11  12  13  14  -4.48555610175E-04
       247   1   3   4   5   6   9  10  11  12  14  -1.10371216848E-04
       248   1   3   4   5   6   9  10  12  13  14   1.10747090711E-03
       249   1   3   4   5   6  10  11  12  13  14   1.51518626851E-03
       250   1   3   4   5   7   8   9  10  12  14   2.38773751520E-01
       251   1   3   4   5   7   8  10  11  12  14   6.22122561908E-03
       252   1   3   4   5   7   8  10  12  13  14  -6.38354691004E-04
       253   1   3   4   5   8   9  10  11  12  14  -2.64185742274E-02
       254   1   3   4   5   8   9  10  12  13  14   1.83823848391E-02
       255   1   3   4   5   8  10  11  12  13  14  -7.69955946480E-03
       256   1   3   4   6   7   8   9  10  11  12  -1.60828041586E-01
       257   1   3   4   6   7   8   9  10  11  14  -1.07589093362E-01
       258   1   3   4   6   7   8   9  10  12  13  -1.29185728091E-01
       259   1   3   4   6   7   8   9  10  13  14   8.33221671339E-02
       260   1   3   4   6   7   8   9  11  12  14  -2.43618856304E-03
       261   1   3   4   6   7   8   9  12  13  14  -2.05040877916E-03
       262   1   3   4   6   7   8  10  11  12  13  -4.18243050049E-03
       263   1   3   4   6   7   8  10  11  13  14   2.62925095922E-03
       264   1   3   4   6   7   8  11  12  13  14   7.86220937532E-05
       265   1   3   4   6   7   9  10  11  12  14  -4.47394886794E-03
       266   1   3   4   6   7   9  10  12  13  14  -1.65357885779E-03
       267   1   3   4   6   7  10  11  12  13  14  -1.14458243008E-03
       268   1   3   4   6   8   9  10  11  12  13   1.22131813058E-02
       269   1   3   4   6   8   9  10  11  13  14  -9.62903413937E-03
       270   1   3   4   6   8   9  11  12  13  14   6.98625428639E-03
       271   1   3   4   6   9  10  11  12  13  14   2.90248014264E-02
       272   1   3   4   7   8   9  10  11  12  14  -1.21768326487E-04
       273   1   3   4   7   8   9  10  12  13  14  -7.16450444594E-05
       274   1   3   4   7   8  10  11  12  13  14   3.54159164738E-04
       275   1   3   4   8   9  10  11  12  13  14  -7.03994327646E-02
       276   1   3   5   6   7   8   9  10  12  14   4.98069150768E-01
       277   1   3   5   6   7   8  10  11  12  14   1.06703715584E-03
       278   1   3   5   6   7   8  10  12  13  14  -1.10380493569E-02
       279   1   3   5   6   8   9  10  11  12  14   2.36135468059E-01
       280   1   3   5   6   8   9  10  12  13  14  -2.32082830600E-01
       281   1   3   5   6   8  10  11  12  13  14  -6.65305241284E-03
       282   1   3   6   7   8   9  10  11  12  14  -1.10903420837E-01
       283   1   3   6   7   8   9  10  12  13  14  -8.89540781934E-02
       284   1   3   6   7   8  10  11  12  13  14  -2.81236584734E-03
       285   1   3   6   8   9  10  11  12  13  14   1.10073240808E-02
       286   1   4   5   6   7   8   9  10  11  12   7.11984245071E-01
       287   1   4   5   6   7   8   9  10  11  14   4.89110519443E-01
       288   1   4   5   6   7   8   9  10  12  13  -1.00000000000E+00
       289   1   4   5   6   7   8   9  10  13  14   6.42923835323E-01
       290   1   4   5   6   7   8   9  11  12  14  -1.46953006480E-02
       291   1   4   5   6   7   8   9  12  13  14   2.00765405884E-02
       292   1   4   5   6   7   8  10  11  12  13   1.35598736843E-02
       293   1   4   5   6   7   8  10  11  13  14  -9.07608722809E-03
       294   1   4   5   6   7   8  11  12  13  14  -7.03262377491E-04
       295   1   4   5   6   7   9  10  11  12  14  -1.08335662484E-01
       296   1   4   5   6   7   9  10  12  13  14   1.34310098502E-01
       297   1   4   5   6   7  10  11  12  13  14   4.68004614781E-03
       298   1   4   5   6   8   9  10  11  12  13  -1.32476736175E-01
       299   1   4   5   6   8   9  10  11  13  14   9.16425153115E-02
       300   1   4   5   6   8   9  11  12  13  14   2.15635177288E-03
       301   1   4   5   6   9  10  11  12  13  14  -2.27229114462E-04
       302   1   4   5   7   8   9  10  11  12  14  -2.43005862289E-01
       303   1   4   5   7   8   9  10  12  13  14   3.28626722545E-01
       304   1   4   5   7   8  10  11  12  13  14   7.85445281723E-03
       305   1   4   5   8   9  10  11  12  13  14  -1.19185775120E-02
       306   1   4   6   7   8   9  10  11  12  13   3.61713831869E-01
       307   1   4   6   7   8   9  10  11  13  14  -2.38962058996E-01
       308   1   4   6   7   8   9  11  12  13  14  -5.06631569679E-03
       309   1   4   6   7   9  10  11  12  13  14  -1.09234724179E-02
       310   1   4   7   8   9  10  11  12  13  14   2.83024838285E-05
       311   1   5   6   7   8   9  10  11  12  14  -4.80700440747E-01
       312   1   5   6   7   8   9  10  12  13  14   6.57125481458E-01
       313   1   5   6   7   8  10  11  12  13  14  -7.53172431517E-03
       314   1   5   6   8   9  10  11  12  13  14   8.87111665190E-02
       315   1   6   7   8   9  10  11  12  13  14  -2.39997379803E-01
       316   2   3   4   5   6   7   8   9  10  11  -7.07258583807E-01
       317   2   3   4   5   6   7   8   9  10  13  -4.65728739222E-01
       318   2   3   4   5   6   7   8   9  11  12  -7.07846366714E-04
       319   2   3   4   5   6   7   8   9  11  14  -1.70856677798E-02
       320   2   3   4   5   6   7   8   9  12  13   2.19044268523E-04
       321   2   3   4   5   6   7   8   9  13  14  -1.17521132847E-02
       322   2   3   4   5   6   7   8  10  11  13   1.63739422180E-02
       323   2   3   4   5   6   7   8  11  12  13   6.83432121611E-04
       324   2   3   4   5   6   7   8  11  13  14   1.59559450901E-04
       325   2   3   4   5   6   7   9  10  11  12  -3.48033852128E-01
       326   2   3   4   5   6   7   9  10  11  14  -3.49857091496E-01
       327   2   3   4   5   6   7   9  10  12  13   2.33364773438E-01
       328   2   3   4   5   6   7   9  10  13  14  -2.18861315097E-01
       329   2   3   4   5   6   7   9  11  12  14  -1.11760165170E-02
       330   2   3   4   5   6   7   9  12  13  14   6.98773334458E-03
       331   2   3   4   5   6   7  10  11  12  13   7.85952619686E-03
       332   2   3   4   5   6   7  10  11  13  14  -6.34232102802E-03
       333   2   3   4   5   6   7  11  12  13  14   4.48555610175E-04
       334   2   3   4   5   6   8   9  10  11  13   1.00792779243E-01
       335   2   3   4   5   6   8   9  11  12  13   2.28175391512E-03
       336   2   3   4   5   6   8   9  11  13  14   1.72524489684E-03
       337   2   3   4   5   6   9  10  11  12  13   1.10371216848E-04
       338   2   3   4   5   6   9  10  11  13  14  -1.10747090711E-03
       339   2   3   4   5   6   9  11  12  13  14  -1.51518626851E-03
       340   2   3   4   5   7   8   9  10  11  12   1.60828041586E-01
       341   2   3   4   5   7   8   9  10  11  14  -1.29185728091E-01
       342   2   3   4   5   7   8   9  10  12  13  -1.07589093362E-01
       343   2   3   4   5   7   8   9  10  13  14  -8.33221671339E-02
       344   2   3   4   5   7   8   9  11  12  14  -4.18243050049E-03
       345   2   3   4   5   7   8   9  12  13  14   2.62925095922E-03
       346   2   3   4   5   7   8  10  11  12  13  -2.43618856304E-03
       347   2   3   4   5   7   8  10  11  13  14  -2.05040877916E-03
       348   2   3   4   5   7   8  11  12  13  14  -7.86220937532E-05
       349   2   3   4   5   7   9  10  11  12  14   1.22131813058E-02
       350   2   3   4   5   7   9  10  12  13  14  -9.62903413937E-03
       351   2   3   4   5   7  10  11  12  13  14   6.98625428639E-03
       352   2   3   4   5   8   9  10  11  12  13  -4.47394886794E-03
       353   2   3   4   5   8   9  10  11  13  14  -1.65357885779E-03
       354   2   3   4   5   8   9  11  12  13  14  -1.14458243008E-03
       355   2   3   4   5   9  10  11  12  13  14  -2.90248014264E-02
       356   2   3   4   6   7   8   9  10  11  13   2.38773751520E-01
       357   2   3   4   6   7   8   9  11  12  13   6.22122561908E-03
       358   2   3   4   6   7   8   9  11  13  14  -6.38354691004E-04
       359   2   3   4   6   7   9  10  11  12  13  -2.64185742274E-02
       360   2   3   4   6   7   9  10  11  13  14   1.83823848391E-02
       361   2   3   4   6   7   9  11  12  13  14  -7.69955946480E-03
       362   2   3   4   7   8   9  10  11  12  13   1.21768326487E-04
       363   2   3   4   7   8   9  10  11  13  14   7.16450444594E-05
       364   2   3   4   7   8   9  11  12  13  14  -3.54159164738E-04
       365   2   3   4   7   9  10  11  12  13  14   7.03994327646E-02
       366   2   3   5   6   7   8   9  10  11  12  -7.11984245071E-01
       367   2   3   5   6   7   8   9  10  11  14  -1.00000000000E+00
       368   2   3   5   6   7   8   9  10  12  13   4.89110519443E-01
       369   2   3   5   6   7   8   9  10  13  14  -6.42923835323E-01
       370   2   3   5   6   7   8   9  11  12  14   1.35598736843E-02
       371   2   3   5   6   7   8   9  12  13  14  -9.07608722809E-03
       372   2   3   5   6   7   8  10  11  12  13  -1.46953006480E-02
       373   2   3   5   6   7   8  10  11  13  14   2.00765405884E-02
       374   2   3   5   6   7   8  11  12  13  14   7.03262377491E-04
       375   2   3   5   6   7   9  10  11  12  14  -1.32476736175E-01
       376   2   3   5   6   7   9  10  12  13  14   9.16425153115E-02
       377   2   3   5   6   7  10  11  12  13  14   2.15635177288E-03
       378   2   3   5   6   8   9  10  11  12  13  -1.08335662484E-01
       379   2   3   5   6   8   9  10  11  13  14   1.34310098502E-01
       380   2   3   5   6   8   9  11  12  13  14   4.68004614781E-03
       381   2   3   5   6   9  10  11  12  13  14   2.27229114462E-04
       382   2   3   5   7   8   9  10  11  12  14   3.61713831869E-01
       383   2   3   5   7   8   9  10  12  13  14  -2.38962058996E-01
       384   2   3   5   7   8  10  11  12  13  14  -5.06631569679E-03
       385   2   3   5   8   9  10  11  12  13  14  -1.09234724179E-02
       386   2   3   6   7   8   9  10  11  12  13  -2.43005862289E-01
       387   2   3   6   7   8   9  10  11  13  14   3.28626722545E-01
       388   2   3   6   7   8   9  11  12  13  14   7.85445281723E-03
       389   2   3   6   7   9  10  11  12  13  14  -1.19185775120E-02
       390   2   3   7   8   9  10  11  12  13  14  -2.83024838285E-05
       391   2   4   5   6   7   8   9  10  11  13   4.98069150768E-01
       392   2   4   5   6   7   8   9  11  12  13   1.06703715584E-03
       393   2   4   5   6   7   8   9  11  13  14  -1.10380493569E-02
       394   2   4   5   6   7   9  10  11  12  13   2.36135468059E-01
       395   2   4   5   6   7   9  10  11  13  14  -2.32082830600E-01
       396   2   4   5   6   7   9  11  12  13  14  -6.65305241284E-03
       397   2   4   5   7   8   9  10  11  12  13  -1.10903420837E-01
       398   2   4   5   7   8   9  10  11  13  14  -8.89540781934E-02
       399   2   4   5   7   8   9  11  12  13  14  -2.81236584734E-03
       400   2   4   5   7   9  10  11  12  13  14   1.10073240808E-02
       401   2   5   6   7   8   9  10  11  12  13   4.80700440747E-01
       402   2   5   6   7   8   9  10  11  13  14  -6.57125481458E-01
       403   2   5   6   7   8   9  11  12  13  14   7.53172431517E-03
       404   2   5   6   7   9  10  11  12  13  14  -8.87111665190E-02
       405   2   5   7   8   9  10  11  12  13  14   2.39997379803E-01
       406   3   4   5   6   7   8   9  10  11  12   9.82909784499E-01
       407   3   4   5   6   7   8   9  10  11  14   6.52093292274E-01
       408   3   4   5   6   7   8   9  10  12  13  -6.52093292274E-01
       409   3   4   5   6   7   8   9  10  13  14   4.01850412701E-01
       410   3   4   5   6   7   8   9  11  12  14  -1.97780234233E-02
       411   3   4   5   6   7   8   9  12  13  14   1.27986027094E-02
       412   3   4   5   6   7   8  10  11  12  13   1.97780234233E-02
       413   3   4   5   6   7   8  10  11  13  14  -1.27986027094E-02
       414   3   4   5   6   7   8  11  12  13  14   2.42182505093E-07
       415   3   4   5   6   7   9  10  11  12  14  -1.38851557294E-01
       416   3   4   5   6   7   9  10  12  13  14   8.72742488518E-02
       417   3   4   5   6   7  10  11  12  13  14   3.44251603179E-03
       418   3   4   5   6   8   9  10  11  12  13   1.38851557294E-01
       419   3   4   5   6   8   9  10  11  13  14  -8.72742488518E-02
       420   3   4   5   6   8   9  11  12  13  14  -3.44251603179E-03
       421   3   4   5   6   9  10  11  12  13  14   1.24011158419E-05
       422   3   4   5   7   8   9  10  11  12  14  -3.26847563846E-01
       423   3   4   5   7   8   9  10  12  13  14   2.13882294630E-01
       424   3   4   5   7   8  10  11  12  13  14   4.97961067842E-03
       425   3   4   5   8   9  10  11  12  13  14   7.88064443285E-03
       426   3   4   6   7   8   9  10  11  12  13   3.26847563846E-01
       427   3   4   6   7   8   9  10  11  13  14  -2.13882294630E-01
       428   3   4   6   7   8   9  11  12  13  14  -4.97961067842E-03
       429   3   4   6   7   9  10  11  12  13  14  -7.88064443285E-03
       430   3   4   7   8   9  10  11  12  13  14   7.89068200488E-06
       431   3   5   6   7   8   9  10  11  12  14  -6.74541693179E-01
       432   3   5   6   7   8   9  10  12  13  14   4.37592888654E-01
       433   3   5   6   7   8  10  11  12  13  14  -1.20742448940E-02
       434   3   5   6   8   9  10  11  12  13  14  -9.27455946188E-02
       435   3   6   7   8   9  10  11  12  13  14  -2.20970051456E-01
       436   4   5   6   7   8   9  10  11  12  13   6.74541693179E-01
       437   4   5   6   7   8   9  10  11  13  14  -4.37592888654E-01
       438   4   5   6   7   8   9  11  12  13  14   1.20742448940E-02
       439   4   5   6   7   9  10  11  12  13  14   9.27455946188E-02
       440   4   5   7   8   9  10  11  12  13  14   2.20970051456E-01
       441   5   6   7   8   9  10  11  12  13  14   4.11901367554E-01
