-3.426516320935663051e-01 7.514873398596431942e-02 3.214118222829426275e-01 -1.468111544590557649e-01 2.805728471447760941e-01 2.180592155577564806e-01 -2.004620695776485884e-01 2.915665157101675065e-01 2.876425214094089911e-01 1.937456023751479572e-01 2.200654875290695978e-01 2.749156625519039721e-01 1.476556107604823365e-01 1.441764241844013528e-01 4.542416571557014726e-01 8.607503182879804038e-02
2.251931680443078898e-01 3.394744549618256557e-01 2.842955461585480736e-01 8.567347798686601734e-02 1.541592780483582725e-01 -3.096593805659288989e-01 3.059926482097006795e-01 1.703286379267385520e-01 -1.809380690041196282e-01 3.099328676858650877e-01 2.937976083931552740e-01 -1.167236879464268878e-01 1.370078052008424918e-01 -3.718862567001124941e-01 6.733634164776405862e-02 -3.365126114043908712e-01
1.825906736977041256e-01 3.094162858811188022e-01 3.368856201416786655e-01 2.477607955311514898e-01 -6.323645789066172085e-02 -1.540753332948782139e-01 3.067748655578060868e-01 2.750212601679558055e-01 2.705950913106663913e-01 -2.898798412373724265e-01 -1.196289289371785386e-01 -1.073101144803426804e-01 -2.901058207895735874e-01 3.845819023499524869e-01 -7.157215994278778859e-03 2.887297797478669548e-01
-1.153075243755475460e-01 2.184228693118998588e-01 -2.962254969356838408e-01 3.358394363965672147e-01 3.287934564472008714e-01 2.750010693813063622e-01 1.854577000993096747e-01 -8.487325340852716615e-02 -1.105269396483078564e-01 -2.208211257570590336e-01 3.071055698145728208e-01 3.500770216263403012e-01 -3.429430515205547092e-01 -2.905553512216512146e-01 -3.059351360771141518e-02 1.797636288051031872e-01
2.767995432988468174e-01 3.274740367627976267e-01 1.070572329291426678e-01 -2.031133582239337265e-01 3.336224855053969707e-01 -1.544420927504220054e-01 -1.819391286511257699e-01 -3.095491099493484222e-01 -3.027690584525436490e-01 1.689945740335035695e-01 -1.674593564415527980e-01 3.272792954799136900e-01 1.654512200440227399e-01 2.419640082207658860e-01 -1.939464449778048050e-01 3.470289709594703287e-01
-6.930265771679262887e-02 1.387152261306873746e-01 -2.067230755633303052e-01 2.690949680621885221e-01 3.189591032266398396e-01 3.452619983615650145e-01 3.269985166960568401e-01 -2.229932685127022918e-01 2.303410819787597152e-01 3.341024082246629723e-01 -3.441028255082205778e-01 -3.079811843152299722e-01 2.495819063897509738e-01 1.792485036572236679e-01 2.841273911040380698e-02 -1.002241270908148796e-01
-6.930265978246603897e-02 -1.387152294843975731e-01 -2.067230794029539798e-01 -2.690949711476076645e-01 3.189591042991085090e-01 -3.452619979147407148e-01 3.269985160048666240e-01 2.229932683823927786e-01 2.303410855014716152e-01 -3.341024128842725038e-01 -3.441028278377185057e-01 3.079811816155629822e-01 2.495818989506639884e-01 -1.792484933357301746e-01 -2.841273982494533362e-02 -1.002241189392519272e-01
-3.327677063762518039e-01 -1.718258448229681989e-01 2.421458607618353631e-01 2.879962426114288099e-01 1.049729644505698195e-01 -3.281883860522483154e-01 1.181202796211474129e-02 -3.151317711858383497e-01 -3.077671733340781590e-01 -1.528383243524146333e-02 -3.257829640095574741e-01 9.593672361275631943e-02 -2.845214832935235028e-01 6.941724927863794636e-02 4.077526060045758016e-01 -1.940735479974226019e-01
3.327676473921118983e-01 -1.718258182941165002e-01 -2.421458264510490677e-01 2.879962167692157182e-01 -1.049729493698370181e-01 -3.281883742873855092e-01 -1.181203925026061245e-02 -3.151317609629298855e-01 3.077672009497618433e-01 -1.528382294712427904e-02 3.257829883720657071e-01 9.593673503976694883e-02 2.845215095990860643e-01 6.941725191328233791e-02 4.077526516675215595e-01 1.940735727071183081e-01
-2.251931688323376701e-01 3.394744510496489065e-01 -2.842955395228463633e-01 8.567347782827254565e-02 -1.541592674693182952e-01 -3.096593633792265599e-01 -3.059926328707822663e-01 1.703286301817741877e-01 1.809380781747502998e-01 3.099328827497723204e-01 -2.937976168861848869e-01 -1.167236793302010994e-01 -1.370078262902240662e-01 -3.718862704798679419e-01 6.733633116496724746e-02 3.365126140512730846e-01
1.153075183595576453e-01 2.184228564541104978e-01 2.962254791489526418e-01 3.358394192235168996e-01 -3.287934460614267418e-01 2.750010701294682280e-01 -1.854577110877553558e-01 -8.487326556142525680e-02 1.105269199258428758e-01 -2.208211036742145084e-01 -3.071055612427277537e-01 3.500770317979295942e-01 3.429430757442435973e-01 -2.905553808756253242e-01 -3.059351379124478076e-02 -1.797636503714079848e-01
2.767995281172010991e-01 -3.274740199146444208e-01 1.070572315065091429e-01 2.031133417810399300e-01 3.336224677829012775e-01 1.544420901860006079e-01 -1.819391138756945858e-01 3.095490936452350295e-01 -3.027690688620142678e-01 -1.689945899722957168e-01 -1.674593519522828422e-01 -3.272793129719393512e-01 1.654512439560498760e-01 -2.419640132180949088e-01 1.939464658592864876e-01 3.470289917702095717e-01
-3.051025177394108279e-01 -2.822366066544416685e-01 4.241155748941090320e-02 3.167397117875097590e-01 -2.476925982148255045e-01 -8.019126720879100889e-02 3.122637931682703538e-01 2.414172593343698603e-01 -2.442099969407129090e-01 3.052782233926451538e-01 6.360262841418126700e-02 2.560460228826439977e-01 2.950214025998201817e-01 1.144235195834547580e-01 -2.888917065023812736e-01 3.090824643288179185e-01
1.825906750791259914e-01 -3.094162843264906537e-01 3.368856103821378234e-01 -2.477607744424502600e-01 -6.323642830314359087e-02 1.540753637917399166e-01 3.067748878099962329e-01 -2.750212705530069024e-01 2.705950800057473349e-01 2.898798201387916551e-01 -1.196289039749083294e-01 1.073101369217343837e-01 -2.901058361874717106e-01 -3.845819071897143560e-01 7.157211964227889502e-03 2.887297786566548896e-01
-3.426516075625442581e-01 -7.514871628065730724e-02 3.214118083306422013e-01 1.468111236718673829e-01 2.805728447302411332e-01 -2.180591759091835280e-01 -2.004620768479590809e-01 -2.915664736504031129e-01 2.876425517045614333e-01 -1.937455952271723292e-01 2.200655138014058765e-01 -2.749156667320203917e-01 1.476556303464001685e-01 -1.441764291173985579e-01 -4.542417013509647550e-01 8.607504264289778106e-02
-3.051025533753168317e-01 2.822366355704624130e-01 4.241156331340519003e-02 -3.167397364939211757e-01 -2.476926132877374787e-01 8.019126620874901523e-02 3.122637976732381415e-01 -2.414172665205535917e-01 -2.442099856584903361e-01 -3.052782113023065902e-01 6.360262281312442645e-02 -2.560460127265702934e-01 2.950213798360739603e-01 -1.144235154266094873e-01 2.888916722127554682e-01 3.090824403840745083e-01
