2.598516134831096447e-01 3.341286666997665689e-02 -2.596503705060779210e-01 6.727754007494042565e-02 2.481206116811361106e-01 -1.002978411003421499e-01 -2.325463766897806206e-01 -1.332961321460472137e-01 -2.103082400986596157e-01 1.672172011619838805e-01 -1.762946401468860891e-01 2.035075891312930763e-01 1.156288840130706985e-01 2.402849792773061044e-01 2.357515395124378244e-01 -1.110564588572560268e-01 2.044455916192581824e-01 1.730974690000632310e-01 -1.684097538021482043e-01 2.068965101027083475e-01 -1.343888396111938277e-01 -2.266870238116637792e-01 -1.005928035385997010e-01 2.829725258984983616e-01 1.009734329073096459e-01 1.281789691095263327e-02 3.356447847197437384e-01 -8.158195162902430464e-02
-1.844263895148175181e-01 2.632708064661394842e-01 -1.942807367757472814e-01 -1.745228782340557325e-02 1.697697493423820925e-01 2.597974890850298646e-01 1.978194638561388552e-01 -1.734049039136052392e-02 1.745484799443797475e-01 2.570857575063020262e-01 -1.700389612774202974e-01 3.857238576910176908e-02 2.219622234436070540e-01 -2.176302077874661678e-01 -2.156595513107125162e-01 -2.128518849951244185e-01 2.169712846427385156e-02 1.829041613637916730e-01 -2.544445448917191377e-01 -1.542651751061678289e-01 -4.491822951057170693e-02 2.130232843351179406e-01 2.345928000856307705e-01 -1.720985298068950509e-01 1.219651118989226318e-01 2.878599706439129990e-01 2.349781597897697138e-01 1.821945563470421525e-03
1.395447180481154958e-01 -2.350024858403223504e-01 2.610820618671178539e-01 2.110906883713060678e-01 9.685713361048690906e-02 -4.851639828377912744e-02 -1.796613442681079531e-01 2.527374948760650608e-01 2.398152380744404122e-01 1.398693270224365681e-01 1.677241613672274256e-02 1.717679334961748627e-01 2.505169114688222676e-01 -1.903324443263724186e-01 -1.914047823259988068e-01 -2.447837444388200334e-01 1.542266465265320352e-01 7.268263611662806843e-03 -1.602808726115673710e-01 -2.462655816467580472e-01 2.376032376228958687e-01 -1.389101186893801909e-01 2.342746518825266494e-02 1.951181187614094981e-01 1.622349111949718536e-01 -2.743074873295536786e-01 -2.106762114616508863e-01 -1.783036477824369859e-01
2.440756340560456261e-01 -1.760917179324470727e-01 -1.195559440296858622e-01 -2.615431022446058629e-01 -6.903404080346055294e-02 2.112093475958803368e-01 2.165907011769397095e-01 6.106499550287820821e-02 2.569912078258102528e-01 1.078241413198706283e-01 1.880262778315400507e-01 2.169561858086076211e-01 -7.471618876369101603e-02 2.474204590544349935e-01 2.416948990588916879e-01 6.938751359029292354e-02 2.190305326706567801e-01 -1.809400477884406389e-01 -1.160805070088868907e-01 -2.534885872129927775e-01 4.702015602837418540e-02 2.217281721717399290e-01 1.932643317348211598e-01 2.020466608923884300e-01 -1.750269867083077968e-01 -1.097627207493001439e-01 9.952186360274922761e-02 3.098387083648383999e-01
8.689303314618213037e-02 -1.618644050179856853e-01 2.192940852583259992e-01 2.539264274890636885e-01 2.596710560062744366e-01 2.336001635885163741e-01 1.767257241204434060e-01 -9.422884773804530989e-02 4.562453916237723880e-03 1.064142510687429571e-01 -1.943706601593054029e-01 -2.476609926650164273e-01 -2.418393297221073379e-01 1.560340635179975066e-01 1.592362248028164617e-01 2.403763314818768981e-01 -2.344146572824084840e-01 1.685156065089082611e-01 -7.004417693130650380e-02 3.846522755073535776e-02 -1.397843992902937649e-01 2.214109760025618767e-01 2.780708499950140244e-01 1.564158766445472026e-01 2.738692213869590719e-01 -1.741788309872829288e-01 -1.127635634929481517e-01 -1.923478633228827839e-01
1.844263865735101260e-01 2.632708031258350623e-01 1.942807358953378694e-01 -1.745228997021022743e-02 -1.697697463898395764e-01 2.597974881613631104e-01 -1.978194657778445942e-01 -1.734049349045286778e-02 -1.745484781805464181e-01 2.570857583328241547e-01 1.700389637996143899e-01 3.857238363793742686e-02 -2.219622230498609905e-01 -2.176302084380185575e-01 2.156595524635314676e-01 -2.128518857543983123e-01 -2.169712795176396286e-02 1.829041624856508896e-01 2.544445452633603000e-01 -1.542651739866255090e-01 4.491823153460634821e-02 2.130232858434761289e-01 -2.345927999392079522e-01 -1.720985307447799040e-01 1.219651101987258290e-01 -2.878599720571523579e-01 2.349781610204904059e-01 -1.821947327572320807e-03
-5.355302194949048550e-02 -1.033090537086402971e-01 -1.491137574267468735e-01 1.901365358724775856e-01 -2.237509120531348261e-01 2.475997134474884342e-01 -2.598434902206818164e-01 -2.592845951068237231e-01 2.454997516053962769e-01 -2.190101116615592591e-01 -1.814715796166327111e-01 1.359293647932530713e-01 -8.705189019793735383e-02 -4.073892618608307425e-02 -5.757483263485965036e-02 1.143621111801053497e-01 1.675338414432131495e-01 2.128438980310382589e-01 2.469789971104204840e-01 -2.678226488104151204e-01 -2.747034522604277496e-01 -2.680955332542579450e-01 2.506704960839225005e-01 -9.847172786973354408e-02 -2.043559143777300136e-01 -9.714879352387323364e-02 5.564091982657374397e-02 -1.281300531819993260e-01
-5.355301836225267315e-02 1.033090471165746260e-01 -1.491137486225776743e-01 -1.901365257234909067e-01 -2.237509014754532344e-01 -2.475997033224072719e-01 -2.598434813709154523e-01 2.592845882418213233e-01 2.454997472034546879e-01 2.190101098660163781e-01 -1.814715801948671436e-01 -1.359293670995611880e-01 -8.705189314175502957e-02 4.073892830636068746e-02 -5.757482883348732233e-02 -1.143621051967515789e-01 1.675338353863114749e-01 -2.128438937909470641e-01 2.469789961683210300e-01 2.678226520904907759e-01 -2.747034600245921721e-01 2.680955450940570861e-01 2.506705112057822094e-01 9.847173712504324328e-02 2.043559296725147023e-01 -9.714880408168770354e-02 -5.564092680360227527e-02 -1.281300641693944864e-01
2.440756328287702337e-01 1.760917162537661562e-01 -1.195559444163153823e-01 2.615430997212111475e-01 -6.903403710462668874e-02 -2.112093472107447190e-01 2.165906950581378831e-01 -6.106500041323702221e-02 2.569912040694305455e-01 -1.078241324423464681e-01 1.880262808347345771e-01 -2.169561796665017417e-01 -7.471619555650031719e-02 -2.474204605280523883e-01 2.416948847783854937e-01 -6.938750218847639095e-02 2.190305295861329493e-01 1.809400355293484808e-01 -1.160805156159104568e-01 2.534885849210832820e-01 4.702014551517966906e-02 -2.217281814618434210e-01 1.932643308665661364e-01 -2.020466707760472103e-01 1.750270008923688336e-01 -1.097627304716059654e-01 -9.952186151194024333e-02 3.098387224730635991e-01
3.206551663024495569e-02 -6.296200545418724481e-02 9.373015941326784395e-02 1.248921819853140436e-01 1.557298538646146313e-01 1.853819900646025143e-01 2.128519806214416166e-01 -2.368964974166192505e-01 -2.558470115379815613e-01 -2.672788148428997257e-01 2.673965301610650713e-01 2.499082360685686843e-01 2.046655275647026595e-01 -1.204191409541339047e-01 -1.294377032804866767e-01 -2.165989159238078388e-01 2.592338034369537914e-01 -2.719258651632883717e-01 2.662759365286117563e-01 2.493025633679201158e-01 -2.253007822518385550e-01 1.970817773846929299e-01 1.672396659082139858e-01 5.596128126084884413e-02 1.259495178009721605e-01 -5.116099552019329894e-02 -2.667822248298057711e-02 -7.467246442965402853e-02
3.206551417933641707e-02 6.296200086419727338e-02 9.373015315718800922e-02 -1.248921746980654890e-01 1.557298463069138328e-01 -1.853819829860987312e-01 2.128519746391888401e-01 2.368964929305387712e-01 -2.558470087087761913e-01 2.672788136206356024e-01 2.673965303108579161e-01 -2.499082371880815001e-01 2.046655290531480265e-01 1.204191420344398050e-01 -1.294377052332174316e-01 2.165989192201588365e-01 2.592338074011374949e-01 2.719258692913664177e-01 2.662759404800772445e-01 -2.493025669474318307e-01 -2.253007853885257705e-01 -1.970817800585417112e-01 1.672396681018724351e-01 -5.596128181075830238e-02 -1.259495193863049145e-01 -5.116099594254635424e-02 2.667822265863039471e-02 -7.467246532106885937e-02
-2.575614843798945119e-01 -7.836331607811625188e-02 2.376756486206964558e-01 -1.498667382136055215e-01 -1.906069201838458127e-01 2.047780899408944422e-01 1.307347353619557340e-01 2.399990332531342363e-01 6.598780779962072629e-02 -2.547244583676564478e-01 8.364912666781970305e-03 -2.531014109090025110e-01 2.215322906043004636e-02 -2.485481697003230628e-01 2.427794944938657107e-01 2.234886313295090035e-02 2.514817975729240485e-01 5.680532122516581371e-03 -2.535937377741442900e-01 6.115821765175337432e-02 -2.392153803414149849e-01 -1.225401881038943042e-01 -2.030740976213429860e-01 2.679562090778353500e-01 4.851293546216065705e-02 3.390232649798147202e-02 2.961457114080652264e-01 -1.809073090046380006e-01
1.395447110981929140e-01 2.350024729919509281e-01 2.610820450446454943e-01 -2.110906704363332831e-01 9.685711790292624024e-02 4.851640892778853742e-02 -1.796613481597840456e-01 -2.527374916603735144e-01 2.398152286623540519e-01 -1.398693133165307412e-01 1.677243170341171860e-02 -1.717679484087074604e-01 2.505169233009460483e-01 1.903324509227211636e-01 -1.914047780700127155e-01 2.447837353189007970e-01 1.542266332163639286e-01 -7.268278580426936961e-03 -1.602808856240325042e-01 2.462655891879214631e-01 2.376032373818567633e-01 1.389101102955009326e-01 2.342748038388667298e-02 -1.951181293803432582e-01 -1.622349284759595500e-01 -2.743074997097956214e-01 2.106762198083276805e-01 -1.783036606997268070e-01
-2.575614705211691224e-01 7.836331533894663748e-02 2.376756345327770970e-01 1.498667361151738708e-01 -1.906069069976885910e-01 -2.047780858173953999e-01 1.307347243301952289e-01 -2.399990272418632276e-01 6.598780043942450990e-02 2.547244518873422181e-01 8.364909621168955048e-03 2.531014063410806925e-01 2.215322930374894264e-02 2.485481683071111003e-01 2.427794966378383212e-01 -2.234886725022252815e-02 2.514818028338723921e-01 -5.680526997543041204e-03 -2.535937469668419486e-01 -6.115821532318007486e-02 -2.392153920148737123e-01 1.225401906672647506e-01 -2.030741089530070376e-01 -2.679562181278792310e-01 -4.851293746447261912e-02 3.390232855759702651e-02 -2.961457222018226143e-01 -1.809073195090855901e-01
2.598515916835881789e-01 -3.341287249053336711e-02 -2.596503506661723137e-01 -6.727755193326602490e-02 2.481205944654508722e-01 1.002978587175605285e-01 -2.325463601442575023e-01 1.332961547583109418e-01 -2.103082228709338419e-01 -1.672172277434757770e-01 -1.762946233583230216e-01 -2.035076188818369380e-01 1.156288720405661136e-01 -2.402850120141201418e-01 2.357515151144327636e-01 1.110564701004437826e-01 2.044455701769889999e-01 -1.730974848327372362e-01 -1.684097345552447444e-01 -2.068965262328184562e-01 -1.343888219365593217e-01 2.266870383544603296e-01 -1.005927888917769464e-01 -2.829725400959436921e-01 -1.009734390698312778e-01 1.281789511613437398e-02 -3.356448018208099682e-01 -8.158193948754277613e-02
-1.999958172355708330e-01 2.604685756027836918e-01 -1.414077511971200962e-01 7.315284474193016473e-02 2.372988308351614561e-01 2.373883098284481630e-01 7.307237381069797699e-02 1.410378151886435283e-01 2.558401682225131535e-01 1.932320371714085494e-01 -2.989621614909766800e-04 1.879628253110113278e-01 2.501385942301988519e-01 -1.647382423533446660e-01 1.696023519045022077e-01 2.488988986758609301e-01 -1.744446081328031306e-01 -2.004956174916120576e-02 2.060380058885551147e-01 2.503756517912545387e-01 -1.173188289653687155e-01 -9.993477828525323958e-02 -2.356300953902051853e-01 1.617618078291715722e-01 -2.168763491960401524e-01 -2.664502455853779428e-01 -2.062104947853528047e-01 9.166839633535195375e-02
1.589264022129381337e-01 2.524070599495427669e-01 2.465291880962273419e-01 -1.453306123684758588e-01 -1.343957991076239616e-02 1.670085425380009314e-01 -2.531568196221635203e-01 -2.365297860851050260e-01 1.240719836433677725e-01 3.743782532420688453e-02 1.813733647539776672e-01 -2.508391948441480723e-01 2.247849693313843100e-01 1.265634049050687882e-01 1.349650576245768618e-01 -2.309824215218455878e-01 -2.456886785923115546e-01 -1.629164940438046771e-01 -1.084063327113762507e-02 -1.481437671008348500e-01 -2.451890474969085076e-01 -2.345518472174751845e-01 1.074163689599265253e-01 1.907668989934920567e-01 5.471969206998314461e-02 2.921530867378032692e-01 -2.339855679633023877e-01 1.231784848923764275e-01
-2.195707690832510439e-01 -2.419617035448768938e-01 -4.706271696493965345e-02 -1.888100462789862877e-01 2.552714172952604277e-01 -9.054766625341270636e-02 -1.568527907679161948e-01 -2.583454996198543685e-01 1.160035536988164723e-01 1.381786633123366914e-01 2.552585604569821975e-01 -1.073659255946474711e-01 -1.603629272303915831e-01 -2.369537755027981696e-01 2.326310032239248815e-01 -1.516064309201216875e-01 1.172538570776143901e-01 2.538668326005281140e-01 1.231234418720393853e-01 1.315731535633661575e-01 2.570222454761232900e-01 1.342486686446445754e-01 1.117426646748116981e-01 1.583360353870900683e-01 -2.857380967794261317e-01 2.136028864181347409e-01 -1.208822077096232961e-01 -2.197256805084061848e-01
2.308730858877292014e-01 -2.199208695999912144e-01 -2.207551855701393728e-02 -2.398572224150892218e-01 -2.080873147922981947e-01 3.987020336004847010e-02 2.448044225172466282e-01 -1.934640546954571050e-01 5.820167176251164753e-02 2.471692413023106327e-01 -1.820882015504529383e-01 6.198967023488893141e-02 2.387031371724206152e-01 -1.973890879717233038e-01 1.986248767434258267e-01 2.327479319366369537e-01 -4.841196717714959380e-02 -1.910841977874899456e-01 2.410101498330882996e-01 4.090166001372698423e-02 2.041189854582790841e-01 -2.329980999698041122e-01 -1.421520767848588607e-02 -1.690302158916068553e-01 2.728483895428153172e-01 1.712946479018640500e-01 3.904173477673874432e-02 -2.799429886844775894e-01
1.999958067569348741e-01 2.604685645399816840e-01 1.414077499124612447e-01 7.315283546705672602e-02 -2.372988204100422160e-01 2.373883085369645762e-01 -7.307238258094604644e-02 1.410378053703298384e-01 -2.558401673000168519e-01 1.932320463901756602e-01 2.989725683179948745e-04 1.879628244966869977e-01 -2.501386047487448860e-01 -1.647382539330011220e-01 -1.696023473553645300e-01 2.488988972307055736e-01 1.744446128172518484e-01 -2.004955591776368465e-02 -2.060380048803973629e-01 2.503756560027630140e-01 1.173188338515834678e-01 -9.993477688777327450e-02 2.356300976791810831e-01 1.617618091859749085e-01 -2.168763526504942085e-01 2.664502477131736047e-01 -2.062104963285362191e-01 -9.166839835391003832e-02
-2.195707833739469761e-01 2.419617115316338163e-01 -4.706270490573857129e-02 1.888100659186781605e-01 2.552714210136211026e-01 9.054764759107231109e-02 -1.568528139452167181e-01 2.583455042191087903e-01 1.160035353428116034e-01 -1.381786865403323294e-01 2.552585679672466634e-01 1.073659132515268344e-01 -1.603629473148903417e-01 2.369537887555505651e-01 2.326309858279607123e-01 1.516064114204069835e-01 1.172538614903793630e-01 -2.538668193585306154e-01 1.231234251040777689e-01 -1.315731580993582950e-01 2.570222361310736114e-01 -1.342486563224386531e-01 1.117426693289018669e-01 -1.583360302116808005e-01 2.857380886886912164e-01 2.136028844078932953e-01 1.208822117796198026e-01 -2.197256695528288784e-01
-1.589264022155413569e-01 2.524070594856192007e-01 -2.465291869527031499e-01 -1.453306109152998904e-01 1.343958107293724905e-02 1.670085431281809196e-01 2.531568199741245362e-01 -2.365297868035517448e-01 -1.240719849779199357e-01 3.743782390790099945e-02 -1.813733644735915918e-01 -2.508391966394023509e-01 -2.247849726262968473e-01 1.265634075913639744e-01 -1.349650557910047066e-01 -2.309824192882357630e-01 2.456886769692888384e-01 -1.629164929931390671e-01 1.084063247560790831e-02 -1.481437675343313387e-01 2.451890469996918231e-01 -2.345518452342123805e-01 -1.074163656211127582e-01 1.907668998067991173e-01 5.471969563916594809e-02 -2.921530873021059849e-01 -2.339855682174150908e-01 -1.231784872677270104e-01
-8.689302954665563405e-02 -1.618643984808134928e-01 -2.192940767693206949e-01 2.539264181501896811e-01 -2.596710468794270477e-01 2.336001554564409999e-01 -1.767257173587598595e-01 -9.422884235694725663e-02 -4.562458111216881329e-03 1.064142542751701503e-01 1.943706624110544956e-01 -2.476609938601564143e-01 2.418393299151305187e-01 1.560340632330432242e-01 -1.592362208612387031e-01 2.403763247021606098e-01 2.344146489593045835e-01 1.685155975844625786e-01 7.004416781844141626e-02 3.846523694771768892e-02 1.397844093560166867e-01 2.214109871744422697e-01 -2.780708627475584338e-01 1.564158851740299616e-01 2.738692340322289587e-01 1.741788409078586786e-01 -1.127635700976686722e-01 1.923478725337988970e-01
-2.509265964658495274e-01 -1.392104940252637257e-01 1.766439141100261678e-01 -2.370790657484795894e-01 -4.255515160514030532e-02 2.590980286025247881e-01 -1.023714975261211108e-01 1.998235828865734254e-01 -2.147199862980055940e-01 -7.411493182183910566e-02 -2.554973395478636888e-01 8.507805129326963256e-02 1.916009410692257331e-01 2.229663146750827107e-01 2.208510772102806330e-01 -1.845487695648398707e-01 9.274867613966340796e-02 2.537805631544683416e-01 6.471254401492632091e-02 2.185887843378639395e-01 1.901972799827774674e-01 -1.127762830454334120e-01 2.488835267817814945e-01 -2.298439166703655223e-01 8.323331367277038428e-02 -7.383527472801791613e-02 -1.902341900355463133e-01 2.833946561005664111e-01
2.308731062049941274e-01 2.199208914763333966e-01 -2.207551382743101406e-02 2.398572376317640586e-01 -2.080873368168638937e-01 -3.987019363209497874e-02 2.448044338061733105e-01 1.934640754928436956e-01 5.820166233661518834e-02 -2.471692510622537087e-01 -1.820882175499007882e-01 -6.198966529985701357e-02 2.387031454065893232e-01 1.973890973635005763e-01 1.986248738142549486e-01 -2.327479268905075782e-01 -4.841196339511957131e-02 1.910841950158768399e-01 2.410101392417772215e-01 -4.090165028155626908e-02 2.041189807292225211e-01 2.329980808290697814e-01 -1.421519523081275077e-02 1.690301920773065736e-01 -2.728483677161485654e-01 1.712946326522226670e-01 -3.904174264125013366e-02 -2.799429564904166723e-01
1.090879338627368661e-01 -1.962557306974560545e-01 2.492012583180211738e-01 2.601094328577862602e-01 2.249999138400034793e-01 1.488012644660758055e-01 4.485403983511754983e-02 6.753515999173788364e-02 1.668755371324565084e-01 2.339330884471550187e-01 -2.561262663129316719e-01 -2.309472852551710531e-01 -1.675544036058675690e-01 8.481229712962339018e-02 -9.575061816481382493e-02 -1.812040301946321319e-01 2.387877256243448043e-01 -2.525972063443641114e-01 2.158977861727759129e-01 1.341350203772686822e-01 -2.209786070615831974e-02 -9.994231922389601452e-02 -2.142165662622147471e-01 -1.824589634296299445e-01 -2.644653160182425800e-01 2.221892441385548700e-01 1.549690162423178474e-01 2.080730551587832988e-01
2.509265935460256447e-01 -1.392104879117471439e-01 -1.766439189469854176e-01 -2.370790616822184560e-01 4.255516328746732080e-02 2.590980340720476782e-01 1.023714875308944366e-01 1.998235968186493350e-01 2.147199854598197122e-01 -7.411494590176190278e-02 2.554973474851119364e-01 8.507804501393724517e-02 -1.916009498587019078e-01 2.229663169585265059e-01 -2.208510841566525551e-01 -1.845487737513717141e-01 -9.274867723421630072e-02 2.537805652589562588e-01 -6.471254611324080142e-02 2.185887815064200268e-01 -1.901972795959995244e-01 -1.127762781151786103e-01 -2.488835212133767849e-01 -2.298439075909055052e-01 8.323330787365627870e-02 7.383527025588139392e-02 -1.902341849045855737e-01 -2.833946451615311224e-01
1.090879451288276486e-01 1.962557498426727165e-01 2.492012800180261889e-01 -2.601094515270451213e-01 2.249999250741300250e-01 -1.488012662600581015e-01 4.485403311064965065e-02 -6.753517171338212222e-02 1.668755487815360705e-01 -2.339330948709603397e-01 -2.561262641046505029e-01 2.309472744976855119e-01 -1.675543887092970641e-01 -8.481228601206290685e-02 -9.575062753135049620e-02 1.812040415657520942e-01 2.387877314858179167e-01 2.525972032294358516e-01 2.158977749516658162e-01 -1.341350050267762495e-01 -2.209784664106417482e-02 9.994232675735831295e-02 -2.142165633524151791e-01 1.824589501104897649e-01 2.644653043085472555e-01 2.221892256430302581e-01 -1.549690021280308305e-01 2.080730427785581760e-01
