# FCIMCStats VERSION 2 - REAL : NEl=  10 HPHF=F Lz=F Initiator=F
#     1.Step   2.Shift    3.WalkerCng  4.GrowRate     5.TotWalkers  6.Annihil  7.NoDied  8.NoBorn  9.Proj.E       10.Av.Shift 11.Proj.E.ThisCyc  12.NoatHF 13.NoatDoubs  14.AccRat  15.UniqueDets  16.IterTime 17.FracSpawnFromSing  18.WalkersDiffProc  19.TotImagTime  20.ProjE.ThisIter  21.HFInstShift  22.TotInstShift  23.Tot-Proj.E.ThisCyc   24.HFContribtoE  25.NumContribtoE 26.HF weight    27.|Psi|     28.Inst S^2 29.Inst S^2   30.AbsProjE   31.PartsDiffProc 32.|Semistoch|/|Psi|  33.MaxCycSpawn   34.InvalidExcits  35. ValidExcits   
#           0    0.000000        0.000000        0.000000        1000.000        0.000000        0.000000        0.000000       0.00000000        0.00000000        0.00000000       -1000.00000        0.00000000        0.0000               1   0.0000           0.0000                0   0.0000       0.00000000        0.00000000        0.00000000       -1651.35912       0.00000000000E+00  0.00000000000E+00   -1.00000000        1000.00000       -1.00000000       -1.00000000        0.00000000                 0    0.000000        0.000000                   0               0
         100    0.000000        1140.681        1.518106        2140.681        0.000000        4.520533        18.68787     -0.299294782        0.00000000      -0.299294782       -1012.72833        286.547811       0.10300E-01         149  0.14647E-01      0.75007                0  0.10000       0.00000000        8.87431646       -5.32858934       -1651.65842      -1.00189642689E+03  2.99862372933E+02  -0.971485331        1042.45355       -1.00000000       -1.00000000      -0.306132662                 0    0.000000       0.3849924                   0            1518
         200    0.000000        1833.997        1.961076        3974.677        0.000000        11.52293        34.72548     -0.576338760        0.00000000      -0.842414372       -1082.00478        982.075228       0.99432E-02         226  0.14241E-01      0.76476                0  0.20000       0.00000000        8.35973991       -4.61420205       -1652.20154      -1.04319734080E+03  8.78804432572E+02  -0.899983385        1202.24972       -1.00000000       -1.00000000      -0.869173286                 0    0.000000       0.3864875                   0            2977
         300    0.000000        3006.443        1.797129        6981.120        0.000000        22.18634        58.97131     -0.852599099        0.00000000       -1.34660344       -1218.21285        2219.99970       0.96972E-02         283  0.15415E-01      0.78917                0  0.30000       0.00000000        7.88190253       -4.30653346       -1652.70573      -1.14367071661E+03  1.54007092117E+03  -0.803982750        1515.22261       -1.00000000       -1.00000000       -1.39653355                 0    0.000000       0.3864875                   0            5350
         400    0.000000        4935.617        1.723638        11916.74        0.000000        39.16461        96.74626      -1.13447731        0.00000000       -1.81336879       -1440.03833        4320.74325       0.96316E-02         329  0.17593E-01      0.82434                0  0.40000       0.00000000        7.45958626       -4.14175208       -1653.17249      -1.32398662001E+03  2.40087601380E+03  -0.701457459        2052.92325       -1.00000000       -1.00000000       -1.89367937                 0    0.000000       0.3864875                   0            9222
         500    0.000000        8011.053        1.688313        19927.79        0.000000        69.14291        156.6184      -1.42745548        0.00000000       -2.25487846       -1773.46669        7728.09912       0.95711E-02         364  0.22427E-01      0.85524                0  0.50000       0.00000000        7.11990626       -4.02004085       -1653.61400      -1.59789801180E+03  3.60306581041E+03  -0.606529535        2923.95768       -1.00000000       -1.00000000       -2.36747329                 0    0.000000       0.3872781                   0           15570
         600    0.000000        12943.47        1.659372        32871.26        0.000000        116.0827        251.7541      -1.72761089        0.00000000       -2.63949993       -2273.17316        13149.3840       0.94933E-02         393  0.26282E-01      0.87584                0  0.60000       0.00000000        6.80172281       -3.93762464       -1653.99862      -2.01136800133E+03  5.30900570322E+03  -0.525847922        4322.87182       -1.00000000       -1.00000000       -2.78484283                 0    0.000000       0.3872781                   0           25835
         700    0.000000        20926.14        1.641205        53797.40        0.000000        192.4982        406.8726      -2.03523378        0.00000000       -2.98523799       -3035.19709        21825.9699       0.94668E-02         406  0.33188E-01      0.88751                0  0.70000       0.00000000        6.48937579       -3.88980548       -1654.34436      -2.63000763966E+03  7.85119870713E+03  -0.462752922        6559.00146       -1.00000000       -1.00000000       -3.16217579                 0    0.000000       0.3872781                   0           42402
         800    0.000000        33618.76        1.629824        87416.16        0.000000        316.5652        656.9345      -2.34179073        0.00000000       -3.26624727       -4167.69875        35668.8319       0.94411E-02         416  0.45894E-01      0.89390                0  0.80000       0.00000000        6.28266911       -3.84582877       -1654.62537      -3.56545477451E+03  1.16456569378E+04  -0.412057487        10114.3624       -1.00000000       -1.00000000       -3.47466429                 0    0.000000       0.3872781                   0           69107
         900    0.000000        53967.42        1.621873        141383.6        0.000000        515.9924        1059.415      -2.64458468        0.00000000       -3.51801326       -5859.36122        57733.1106       0.94201E-02         424  0.60004E-01      0.89724                0  0.90000       0.00000000        6.11288925       -3.81709228       -1654.87713      -4.96348104466E+03  1.74615921479E+04  -0.371364820        15777.9114       -1.00000000       -1.00000000       -3.75532178                 0    0.000000       0.3872781                   0          112083
        1000    0.000000        86526.94        1.613466        227910.5        0.000000        834.7697        1702.996      -2.93627804        0.00000000       -3.73110584       -8448.71115        92856.5792       0.93994E-02         429  0.87130E-01      0.89882                0   1.0000       0.00000000        5.93521310       -3.79653139       -1655.09023      -7.07590767230E+03  2.64009604632E+04  -0.340647644        24801.9069       -1.00000000       -1.00000000       -3.99090914                 0    0.000000       0.3872781                   0          180842
        1100    0.000000        138334.8        1.609127        366245.3        0.000000        1346.018        2731.834      -3.20817722        0.00000000       -3.90318722       -12410.3159        148775.864       0.93792E-02         435  0.13143          0.89988                0   1.1000       0.00000000        5.80781311       -3.77710813       -1655.26231      -1.03112342329E+04  4.02466776639E+04  -0.317095666        39137.4505       -1.00000000       -1.00000000       -4.18304215                 0    0.000000       0.3872781                   0          290997
        1200    0.000000        221256.7        1.605228        587502.1        0.000000        2162.181        4376.560      -3.45329759        0.00000000       -4.04204447       -18489.2865        237873.449       0.93654E-02         438  0.20549          0.90043                0   1.2000       0.00000000        5.71216597       -3.76605876       -1655.40117      -1.52664906037E+04  6.17078338651E+04  -0.298496754        61941.3317       -1.00000000       -1.00000000       -4.34019397                 0    0.000000       0.3872781                   0          467116
        1300    0.000000        353537.5        1.603045        941039.6        0.000000        3467.372        7003.856      -3.66838283        0.00000000       -4.15585820       -27944.2344        379629.055       0.93518E-02         441  0.32575          0.90085                0   1.3000       0.00000000        5.61649419       -3.75688215       -1655.51498      -2.29147255442E+04  9.52303500804E+04  -0.284365474        98268.7313       -1.00000000       -1.00000000       -4.46828854                 0    0.000000       0.3872781                   0          748811
        1400   -4.155858        565116.1        1.600801        1506156.        0.000000        5551.886        11203.68      -3.85159303        0.00000000       -4.24548358       -42588.8771        605535.234       0.93462E-02         440  0.51685          0.90103                0   1.4000       0.00000000        5.56139261       -3.75204320       -1655.60461      -3.48146419211E+04  1.47804990725E+05  -0.272810907        156111.343       -1.00000000       -1.00000000       -4.56896657                 0    0.000000       0.3872781                   0         1198696
        1500   -5.434112        84667.02        1.291302        1590823.        0.000000        13601.02        14447.99      -3.98518289        0.00000000       -4.32541143       -43419.7480        640395.169       0.93338E-02         441  0.66943          0.90111                0   1.5000       0.00000000        8.80864218      -0.532221585       -1655.68453      -4.30592713725E+04  1.86249064612E+05  -0.264839404        163947.461       -1.00000000       -1.00000000       -4.65836601                 0    0.000000       0.3872781                   0         1547879
        1600   -5.389632       -112858.7       0.9911434        1477964.        0.000000        15443.55        14315.29      -4.07048530        0.00000000       -4.38668698       -39090.7055        594194.183       0.93307E-02         440  0.65224          0.90122                0   1.6000       0.00000000        10.1074352       0.763609023       -1655.74581      -4.12004768366E+04  1.80733595223E+05  -0.257827572        151615.691       -1.00000000       -1.00000000       -4.72808995                 0    0.000000       0.3872781                   0         1534169
        1700   -5.032698       -99169.00       0.9311017        1378795.        0.000000        14320.09        13328.77      -4.13050466        0.00000000       -4.44322226       -35470.8753        553303.376       0.93306E-02         440  0.60064          0.90131                0   1.7000       0.00000000        10.0205077       0.719243999       -1655.80234      -3.72194498047E+04  1.65374288059E+05  -0.251643939        140956.605       -1.00000000       -1.00000000       -4.79171509                 0    0.000000       0.3872781                   0         1428467
        1800   -4.771687       -46411.44       0.9491368        1332384.        0.000000        13107.11        12643.41      -4.17659223        0.00000000       -4.48563379       -33547.4723        533518.918       0.93251E-02         441  0.56815          0.90137                0   1.8000       0.00000000        9.57333766       0.348333928       -1655.84476      -3.44705283426E+04  1.54622166708E+05  -0.247004404        135817.304       -1.00000000       -1.00000000       -4.83968548                 0    0.000000       0.3872781                   0         1355812
        1900   -4.662055       -12007.75       0.9783124        1320376.        0.000000        12476.48        12356.85      -4.21465782        0.00000000       -4.52032451       -32682.4638        527834.989       0.93158E-02         440  0.54887          0.90135                0   1.9000       0.00000000        9.26467055       0.909419004E-001  -1655.87945      -3.30776666969E+04  1.49521787535E+05  -0.243319133        134319.334       -1.00000000       -1.00000000       -4.87867020                 0    0.000000       0.3872781                   0         1326409
        2000   -4.644724        2624.836       0.9965397        1323001.        0.000000        12286.52        12313.20      -4.24719618        0.00000000       -4.54668757       -32258.3240        528125.266       0.93151E-02         441  0.54574          0.90143                0   2.0000       0.00000000        9.13148227      -0.198400180E-001  -1655.90581      -3.24514433501E+04  1.47546573958E+05  -0.240142907        134329.697       -1.00000000       -1.00000000       -4.90881117                 0    0.000000       0.3872781                   0         1321816
        2100   -4.658320        4597.176        1.002723        1327598.        0.000000        12292.33        12338.76      -4.27558211        0.00000000       -4.56809099       -32029.5553        529446.464       0.93090E-02         439  0.54239          0.90137                0   2.1000       0.00000000        9.07142426      -0.346277720E-001  -1655.92721      -3.21350761695E+04  1.46795951780E+05  -0.237954382        134603.763       -1.00000000       -1.00000000       -4.93268911                 0    0.000000       0.3872781                   0         1325418
        2200   -4.671569        2484.719        1.002653        1330083.        0.000000        12348.89        12374.09      -4.30029658        0.00000000       -4.58154396       -31829.6837        529838.150       0.93110E-02         439  0.54656          0.90152                0   2.2000       0.00000000        9.06279409      -0.186809356E-001  -1655.94067      -3.19228590570E+04  1.46255982064E+05  -0.236292905        134704.357       -1.00000000       -1.00000000       -4.94802609                 0    0.000000       0.3872781                   0         1328933
        2300   -4.677994        798.8522        1.001286        1330881.        0.000000        12379.01        12387.38      -4.32227182        0.00000000       -4.59626020       -31561.8231        529991.546       0.93090E-02         440  0.54113          0.90149                0   2.3000       0.00000000        9.08486854      -0.600242965E-002  -1655.95538      -3.16970841084E+04  1.45688045993E+05  -0.234438929        134627.057       -1.00000000       -1.00000000       -4.96492213                 0    0.000000       0.3872781                   0         1330642
        2400   -4.678774        6.812648        1.000156        1330888.        0.000000        12386.50        12386.97      -4.34220148       -4.67877388       -4.61273570       -31392.4037        529578.745       0.93073E-02         440  0.53980          0.90150                0   2.4000       0.00000000        9.05396827      -0.511887347E-004  -1655.97186      -3.14486249825E+04  1.45064195059E+05  -0.233326428        134542.855       -1.00000000       -1.00000000       -4.98391035                 0    0.000000       0.3872781                   0         1330851
        2500   -4.678110       -636.2097       0.9998672        1330252.        0.000000        12388.69        12382.68      -4.35980739       -4.67844175       -4.61754770       -31224.3670        528975.809       0.93053E-02         440  0.53900          0.90151                0   2.5000       0.00000000        9.05381589       0.478262552E-002  -1655.97667      -3.13090537447E+04  1.44571049251E+05  -0.232374520        134370.872       -1.00000000       -1.00000000       -4.98918577                 0    0.000000       0.3872781                   0         1330672
        2600   -4.676453       -456.1626       0.9996688        1329796.        0.000000        12380.40        12376.26      -4.37564452       -4.67777895       -4.62454695       -31061.5505        528820.629       0.93036E-02         439  0.53790          0.90159                0   2.6000       0.00000000        9.05241738       0.343032067E-002  -1655.98367      -3.11557264954E+04  1.44081119842E+05  -0.231353434        134260.166       -1.00000000       -1.00000000       -4.99702995                 0    0.000000       0.3872781                   0         1330234
        2700   -4.673977       -124.9283       0.9995049        1329671.        0.000000        12366.72        12365.85      -4.39032504       -4.67682858       -4.63693100       -30922.0443        528623.870       0.93003E-02         441  0.53620          0.90153                0   2.7000       0.00000000        9.04511544       0.939542680E-003  -1655.99605      -3.10040312187E+04  1.43763553360E+05  -0.230464402        134172.758       -1.00000000       -1.00000000       -5.01047156                 0    0.000000       0.3872781                   0         1329574
        2800   -4.673526       -306.2560       0.9999097        1329365.        0.000000        12365.95        12363.33      -4.40387908       -4.67616807       -4.64612894       -30862.6977        528447.115       0.92993E-02         440  0.53503          0.90148                0   2.8000       0.00000000        9.01922922       0.230377715E-002  -1656.00525      -3.08744395523E+04  1.43446627010E+05  -0.230129273        134110.265       -1.00000000       -1.00000000       -5.02071365                 0    0.000000       0.3872781                   0         1329453
        2900   -4.673359       -80.02451       0.9999666        1329285.        0.000000        12366.69        12366.25      -4.41582582       -4.67569992       -4.64156117       -30803.4541        528249.009       0.93018E-02         441  0.53474          0.90156                0   2.9000       0.00000000        9.01923280       0.602011884E-003  -1656.00068      -3.08380634779E+04  1.43136757937E+05  -0.229776925        134058.083       -1.00000000       -1.00000000       -5.01603433                 0    0.000000       0.3872781                   0         1329409
        3000   -4.671779       -247.2632       0.9996840        1329037.        0.000000        12353.20        12351.14      -4.42678829       -4.67513975       -4.64546759       -30730.1701        528220.368       0.92934E-02         439  0.53543          0.90149                0   3.0000       0.00000000        9.02384756       0.186046845E-002  -1656.00459      -3.07563682893E+04  1.42877712194E+05  -0.229298225        134018.351       -1.00000000       -1.00000000       -5.02018582                 0    0.000000       0.3872781                   0         1328989
        3100   -4.672138       -65.06825        1.000072        1328972.        0.000000        12356.97        12356.70      -4.43702351       -4.67476457       -4.65192933       -30643.4820        528110.356       0.92968E-02         439  0.53588          0.90156                0   3.1000       0.00000000        9.02828925       0.489613254E-003  -1656.01105      -3.06850314529E+04  1.42744597937E+05  -0.228730186        133972.181       -1.00000000       -1.00000000       -5.02816461                 0    0.000000       0.3872781                   0         1329085
        3200   -4.671277       -140.4690       0.9998278        1328832.        0.000000        12351.94        12350.87      -4.44647447       -4.67437710       -4.65474762       -30605.6609        527918.607       0.92941E-02         440  0.53327          0.90146                0   3.2000       0.00000000        9.01235756       0.105708651E-002  -1656.01387      -3.06285429063E+04  1.42568137103E+05  -0.228540237        133918.041       -1.00000000       -1.00000000       -5.03116752                 0    0.000000       0.3872781                   0         1328856
        3300   -4.669924       -560.3230       0.9997293        1328272.        0.000000        12348.80        12343.60      -4.45522169       -4.67393176       -4.65704845       -30563.1942        527818.889       0.92911E-02         440  0.53396          0.90148                0   3.3000       0.00000000        9.01389472       0.421843695E-002  -1656.01617      -3.05807748422E+04  1.42416150224E+05  -0.228377387        133827.585       -1.00000000       -1.00000000       -5.03350489                 0    0.000000       0.3872781                   0         1328496
        3400   -4.669027        35.39626       0.9998206        1328307.        0.000000        12350.57        12351.31      -4.46323867       -4.67348584       -4.65645974       -30521.1003        527719.616       0.92986E-02         441  0.53741          0.90156                0   3.4000       0.00000000        9.01379173      -0.266476502E-003  -1656.01558      -3.05449342675E+04  1.42231256756E+05  -0.228116067        133796.364       -1.00000000       -1.00000000       -5.03385776                 0    0.000000       0.3872781                   0         1328257
        3500   -4.668953        83.04600       0.9999852        1328390.        0.000000        12348.08        12349.26      -4.47074249       -4.67310808       -4.65922283       -30522.7490        527619.900       0.92972E-02         440  0.53271          0.90160                0   3.5000       0.00000000        8.99945984      -0.625162846E-003  -1656.01834      -3.05249788990E+04  1.42222678544E+05  -0.228105975        133809.511       -1.00000000       -1.00000000       -5.03610663                 0    0.000000       0.3872781                   0         1328238
        3600   -4.670400        349.3354        1.000290        1328739.        0.000000        12347.32        12351.16      -4.47768816       -4.67289979       -4.65909316       -30514.2857        527679.432       0.92959E-02         440  0.53216          0.90154                0   3.6000       0.00000000        9.00277355      -0.262907423E-002  -1656.01821      -3.05251755559E+04  1.42219636750E+05  -0.228006520        133830.759       -1.00000000       -1.00000000       -5.03592441                 0    0.000000       0.3872781                   0         1328623
        3700   -4.668966       -965.1197       0.9997131        1327774.        0.000000        12350.43        12341.12      -4.48414679       -4.67261878       -4.65940055       -30493.9863        527320.736       0.92910E-02         441  0.53226          0.90153                0   3.7000       0.00000000        9.00665687       0.726870390E-002  -1656.01852      -3.05059805971E+04  1.42139582657E+05  -0.228038676        133722.870       -1.00000000       -1.00000000       -5.03555989                 0    0.000000       0.3872781                   0         1328242
        3800   -4.666291       -642.2029       0.9994652        1327132.        0.000000        12334.82        12328.69      -4.49020595       -4.67219692       -4.66083113       -30475.8279        527014.015       0.92866E-02         441  0.53476          0.90149                0   3.8000       0.00000000        9.00595830       0.483902813E-002  -1656.01995      -3.04788333712E+04  1.42056695515E+05  -0.228013982        133657.715       -1.00000000       -1.00000000       -5.03729644                 0    0.000000       0.3872781                   0         1327532
        3900   -4.665801        405.9734       0.9999021        1327538.        0.000000        12332.03        12336.47      -4.49579555       -4.67179719       -4.65874885       -30478.7471        527135.256       0.92934E-02         439  0.53311          0.90151                0   3.9000       0.00000000        8.99904221      -0.305809293E-002  -1656.01787      -3.04860458194E+04  1.42026830954E+05  -0.228002342        133677.342       -1.00000000       -1.00000000       -5.03506421                 0    0.000000       0.3872781                   0         1327402
        4000   -4.667692        722.2788        1.000378        1328260.        0.000000        12337.25        12344.85      -4.50105300       -4.67155568       -4.65959835       -30464.7124        527374.464       0.92962E-02         439  0.53233          0.90157                0   4.0000       0.00000000        9.00460687      -0.543778077E-002  -1656.01872      -3.04826240186E+04  1.42036784463E+05  -0.227797181        133736.126       -1.00000000       -1.00000000       -5.03606029                 0    0.000000       0.3872781                   0         1327903
        4100   -4.668984       -31.42562        1.000258        1328229.        0.000000        12341.89        12341.96      -4.50604133       -4.67141279       -4.66156873       -30453.8009        527391.028       0.92916E-02         441  0.53240          0.90153                0   4.1000       0.00000000        9.00358297       0.236597962E-003  -1656.02069      -3.04612349955E+04  1.41997140405E+05  -0.227748854        133716.594       -1.00000000       -1.00000000       -5.03799320                 0    0.000000       0.3872781                   0         1328246
        4200   -4.668201       -341.3270       0.9998435        1327887.        0.000000        12340.98        12337.94      -4.51065661       -4.67124376       -4.65921336       -30421.9832        526980.335       0.92900E-02         441  0.53131          0.90151                0   4.2000       0.00000000        9.01045879       0.257045159E-002  -1656.01833      -3.04519451506E+04  1.41882109641E+05  -0.227593259        133668.208       -1.00000000       -1.00000000       -5.03600321                 0    0.000000       0.3872781                   0         1328038
        4300   -4.668598        444.8153        1.000079        1328332.        0.000000        12344.38        12349.15      -4.51521661       -4.67111148       -4.66677091       -30411.6814        527196.449       0.92977E-02         441  0.53577          0.90165                0   4.3000       0.00000000        9.00338742      -0.334867504E-002  -1656.02589      -3.04083340313E+04  1.41908728599E+05  -0.227485751        133686.094       -1.00000000       -1.00000000       -5.04368937                 0    0.000000       0.3872781                   0         1328144
        4400   -4.669040        79.83373        1.000088        1328412.        0.000000        12348.07        12349.23      -4.51951171       -4.67101285       -4.66653668       -30439.0337        527551.493       0.92970E-02         439  0.53142          0.90155                0   4.4000       0.00000000        8.99101409      -0.600971073E-003  -1656.02566      -3.04125816378E+04  1.41921427764E+05  -0.227638869        133716.328       -1.00000000       -1.00000000       -5.04432371                 0    0.000000       0.3872781                   0         1328261
        4500   -4.668868       -41.82359       0.9999656        1328370.        0.000000        12342.90        12342.87      -4.52354221       -4.67091538       -4.66543521       -30449.5379        527308.521       0.92925E-02         440  0.53234          0.90156                0   4.5000       0.00000000        8.99655029       0.314848853E-003  -1656.02456      -3.04351061587E+04  1.41993015773E+05  -0.227727811        133710.230       -1.00000000       -1.00000000       -5.04241010                 0    0.000000       0.3872781                   0         1328217
        4600   -4.668632       -156.6090       0.9999526        1328214.        0.000000        12348.08        12346.93      -4.52732935       -4.67081608       -4.66443049       -30401.9343        527293.948       0.92960E-02         441  0.53198          0.90160                0   4.6000       0.00000000        9.01565809       0.117909528E-002  -1656.02355      -3.04376397042E+04  1.41974254586E+05  -0.227395252        133696.434       -1.00000000       -1.00000000       -5.04156034                 0    0.000000       0.3872781                   0         1328152
        4700   -4.668425       -314.8453       0.9999588        1327899.        0.000000        12337.26        12334.50      -4.53102941       -4.67071648       -4.66876042       -30432.5518        527179.577       0.92871E-02         441  0.53192          0.90149                0   4.7000       0.00000000        8.98993923       0.237100357E-002  -1656.02788      -3.04194446687E+04  1.42021099243E+05  -0.227682299        133662.353       -1.00000000       -1.00000000       -5.04602579                 0    0.000000       0.3872781                   0         1328098
        4800   -4.667947        118.0657       0.9999043        1328017.        0.000000        12339.43        12340.99      -4.53457898       -4.67060569       -4.67035250       -30352.4756        527278.704       0.92928E-02         441  0.53184          0.90158                0   4.8000       0.00000000        9.02638210      -0.889037540E-003  -1656.02947      -3.03982502581E+04  1.41970544226E+05  -0.227090599        133658.001       -1.00000000       -1.00000000       -5.04694417                 0    0.000000       0.3872781                   0         1327973
