# FIXEDNODEStats VERSION 1 - REAL : NEl=  10 | PQ-Partition= F | P-Space Type= " SEMI-STOCH-INIT " | Trial Proj. Energy= T | Stochastic Sign-Flip-Potential= F | Back-Flow Correlations= F | Jastrow Correlations= T | Time-Reversal Initialization= F | Importance Sampling= F | Singles Only= F
#     1.Step   2.Shift    3.TotWalkers  4.Annihil  5.NoatHF  6.TrialNum    7.TrialDenom     8.TrialProj.E  9.TrialOverlap  10.UniqueDets  13.IterTime 
#           0   0.00000000         1000.000        0.000000       -1000.000      0.00000000000E+00  0.00000000000E+00    0.000000       0.00000000                1   0.0000    
         100   0.00000000         2140.681        0.000000       -1012.728     -2.11626200415E+06  1.27791540157E+03 -1.65602668342E+03   1.22587276              149  0.14647E-01
         200   0.00000000         3974.677        0.000000       -1082.005     -3.39177511113E+06  2.04814170631E+03 -1.65602560638E+03   1.70359092              226  0.14241E-01
         300   0.00000000         6981.120        0.000000       -1218.213     -5.38706466484E+06  3.25300937630E+03 -1.65602494234E+03   2.14688544              283  0.15415E-01
         400   0.00000000         11916.74        0.000000       -1440.038     -8.56557796881E+06  5.17237356869E+03 -1.65602461908E+03   2.51951629              329  0.17593E-01
         500   0.00000000         19927.79        0.000000       -1773.467     -1.36636742741E+07  8.25088963648E+03 -1.65602436538E+03   2.82182252              364  0.22427E-01
         600   0.00000000         32871.26        0.000000       -2273.173     -2.17610887996E+07  1.31405618308E+04 -1.65602423091E+03   3.03977596              393  0.26282E-01
         700   0.00000000         53797.40        0.000000       -3035.197     -3.46409557033E+07  2.09181461289E+04 -1.65602417584E+03   3.18922724              406  0.33188E-01
         800   0.00000000         87416.16        0.000000       -4167.699     -5.51693555817E+07  3.33143422701E+04 -1.65602415724E+03   3.29376594              416  0.45894E-01
         900   0.00000000         141383.6        0.000000       -5859.361     -8.79389134785E+07  5.31024344446E+04 -1.65602414274E+03   3.36561875              424  0.60004E-01
        1000   0.00000000         227910.5        0.000000       -8448.711     -1.40036554635E+08  8.45619043949E+04 -1.65602413566E+03   3.40949205              429  0.87130E-01
        1100   0.00000000         366245.3        0.000000       -12410.32     -2.23086796456E+08  1.34712285669E+05 -1.65602413579E+03   3.44203018              435  0.13143    
        1200   0.00000000         587502.1        0.000000       -18489.29     -3.55215124856E+08  2.14498762092E+05 -1.65602412523E+03   3.46293430              438  0.20549    
        1300   0.00000000         941039.6        0.000000       -27944.23     -5.65728450981E+08  3.41618481794E+05 -1.65602413550E+03   3.47637013              441  0.32575    
        1400  -4.15585820         1506156.        0.000000       -42588.88     -9.00934073475E+08  5.44034384579E+05 -1.65602413931E+03   3.48491258              440  0.51685    
        1500  -5.43411250         1590823.        0.000000       -43419.75     -1.15849932300E+09  6.99566684026E+05 -1.65602414960E+03   4.26701748              441  0.66943    
        1600  -5.38963221         1477964.        0.000000       -39090.71     -1.14417043049E+09  6.90914095155E+05 -1.65602415483E+03   4.55700917              440  0.65224    
        1700  -5.03269823         1378795.        0.000000       -35470.88     -1.06215184439E+09  6.41386685291E+05 -1.65602415633E+03   4.55024215              440  0.60064    
        1800  -4.77168663         1332384.        0.000000       -33547.47     -1.00554397536E+09  6.07203687056E+05 -1.65602415926E+03   4.47073876              441  0.56815    
        1900  -4.66205549         1320376.        0.000000       -32682.46     -9.81739636114E+08  5.92829295565E+05 -1.65602415984E+03   4.41358128              440  0.54887    
        2000  -4.64472399         1323001.        0.000000       -32258.32     -9.76768865474E+08  5.89827667323E+05 -1.65602415686E+03   4.39089553              441  0.54574    
        2100  -4.65832027         1327598.        0.000000       -32029.56     -9.78053619439E+08  5.90603473208E+05 -1.65602415801E+03   4.38771888              439  0.54239    
        2200  -4.67156928         1330083.        0.000000       -31829.68     -9.79425591124E+08  5.91431943717E+05 -1.65602416563E+03   4.39059255              439  0.54656    
        2300  -4.67799437         1330881.        0.000000       -31561.82     -9.79723629961E+08  5.91611916194E+05 -1.65602416575E+03   4.39445034              440  0.54113    
        2400  -4.67877388         1330888.        0.000000       -31392.40     -9.79082359688E+08  5.91224681502E+05 -1.65602416530E+03   4.39432241              440  0.53980    
        2500  -4.67810963         1330252.        0.000000       -31224.37     -9.78295690292E+08  5.90749646669E+05 -1.65602416490E+03   4.39641149              440  0.53900    
        2600  -4.67645333         1329796.        0.000000       -31061.55     -9.77356700962E+08  5.90182632852E+05 -1.65602416364E+03   4.39581338              439  0.53790    
        2700  -4.67397746         1329671.        0.000000       -30922.04     -9.76446508400E+08  5.89633006448E+05 -1.65602416710E+03   4.39458066              441  0.53620    
        2800  -4.67352606         1329365.        0.000000       -30862.70     -9.76012073366E+08  5.89370669737E+05 -1.65602416863E+03   4.39467232              440  0.53503    
        2900  -4.67335913         1329285.        0.000000       -30803.45     -9.75653815762E+08  5.89154331693E+05 -1.65602417445E+03   4.39476919              441  0.53474    
        3000  -4.67177878         1329037.        0.000000       -30730.17     -9.75193340226E+08  5.88876272575E+05 -1.65602416949E+03   4.39399729              439  0.53543    
        3100  -4.67213830         1328972.        0.000000       -30643.48     -9.75067188241E+08  5.88800095527E+05 -1.65602416788E+03   4.39494296              439  0.53588    
        3200  -4.67127736         1328832.        0.000000       -30605.66     -9.74583237550E+08  5.88507857933E+05 -1.65602417098E+03   4.39453752              440  0.53327    
        3300  -4.66992369         1328272.        0.000000       -30563.19     -9.73983754704E+08  5.88145856579E+05 -1.65602417123E+03   4.39480288              440  0.53396    
        3400  -4.66902666         1328307.        0.000000       -30521.10     -9.73654287807E+08  5.87946904262E+05 -1.65602417625E+03   4.39434143              441  0.53741    
        3500  -4.66895272         1328390.        0.000000       -30522.75     -9.73589493276E+08  5.87907779127E+05 -1.65602417223E+03   4.39361726              440  0.53271    
        3600  -4.67040027         1328739.        0.000000       -30514.29     -9.73775760224E+08  5.88020257114E+05 -1.65602417339E+03   4.39376014              440  0.53216    
        3700  -4.66896566         1327774.        0.000000       -30493.99     -9.73392572805E+08  5.87788867663E+05 -1.65602417187E+03   4.39557472              441  0.53226    
        3800  -4.66629085         1327132.        0.000000       -30475.83     -9.72792905535E+08  5.87426756551E+05 -1.65602416759E+03   4.39500822              441  0.53476    
        3900  -4.66580120         1327538.        0.000000       -30478.75     -9.72638885062E+08  5.87333750631E+05 -1.65602416687E+03   4.39366718              439  0.53311    
        4000  -4.66769154         1328260.        0.000000       -30464.71     -9.72901041480E+08  5.87492054423E+05 -1.65602416944E+03   4.39291965              439  0.53233    
        4100  -4.66898377         1328229.        0.000000       -30453.80     -9.73093848469E+08  5.87608483073E+05 -1.65602416660E+03   4.39443204              441  0.53240    
        4200  -4.66820117         1327887.        0.000000       -30421.98     -9.72759518837E+08  5.87406593267E+05 -1.65602417471E+03   4.39451237              441  0.53131    
        4300  -4.66859815         1328332.        0.000000       -30411.68     -9.72739203646E+08  5.87394326301E+05 -1.65602417336E+03   4.39383267              441  0.53577    
        4400  -4.66904033         1328412.        0.000000       -30439.03     -9.72800127548E+08  5.87431116104E+05 -1.65602417182E+03   4.39311433              439  0.53142    
        4500  -4.66886838         1328370.        0.000000       -30449.54     -9.72891322193E+08  5.87486186186E+05 -1.65602416715E+03   4.39372655              440  0.53234    
        4600  -4.66863161         1328214.        0.000000       -30401.93     -9.72796288441E+08  5.87428798894E+05 -1.65602416884E+03   4.39375068              441  0.53198    
        4700  -4.66842550         1327899.        0.000000       -30432.55     -9.72796114867E+08  5.87428693119E+05 -1.65602417155E+03   4.39487022              441  0.53192    
        4800  -4.66794694         1328017.        0.000000       -30352.48     -9.72581363631E+08  5.87299014419E+05 -1.65602417125E+03   4.39404308              441  0.53184    
