# No.Blocks      Mean       Error        Error_in_Error
        1184   74.531606803181916        3.3742538148728546E-002   6.9369789622358066E-004
         592   74.531606803181930        4.7093498453162561E-002   1.3697844003158245E-003
         296   74.531606803181901        6.4995645208493116E-002   2.6758283672469064E-003
         148   74.531606803181916        8.7845105791257816E-002   5.1232306092711703E-003
          74   74.531606803181930       0.11662506679781005        9.6519592040512098E-003
          37   74.531606803181916       0.13866930290482848        1.6342334071069275E-002
          18   74.536207307459819       0.12651161490634974        2.1696562960532909E-002
           9   74.536207307459819       0.13660315576885912        3.4150788942214780E-002
           4   74.609798482654980       0.16194713305471628        6.6114640215111695E-002
           2   74.609798482654980        7.3016850781547783E-003   5.1630710328518696E-003
