# Block_length   Mean       Error        Error_in_Error
        1184  -1.6793324643038687        1.5471072519934624E-003   3.1806292733806989E-005
         592  -1.6793324643038696        2.1234894685831242E-003   6.1764847459634179E-005
         296  -1.6793324643038692        2.8345105437587344E-003   1.1669495234519145E-004
         148  -1.6793324643038692        3.6728430437822867E-003   2.1420455625231565E-004
          74  -1.6793324643038687        4.5087997751267813E-003   3.7315092444239567E-004
          37  -1.6793324643038687        5.5307514392328059E-003   6.5180530795646251E-004
          18  -1.6796129778493167        6.4394972992688482E-003   1.1043646758536142E-003
           9  -1.6796129778493172        5.5743875538752097E-003   1.3935968884688024E-003
           4  -1.6800984288776619        9.2300748367942827E-003   3.7681622729747858E-003
           2  -1.6800984288776619        1.5348391794238337E-003   1.0852951918013888E-003
