TERM-2
  1 -4.2876692844400432
  2 -4.2876692844400432
  3 -4.2876692844400432
  4 -4.2876692844400432
  5 -4.2876692844400432
  6 -4.2876692844400432
  7 -4.2876692844400432
  8 -4.2876692844400432
  9 -4.2876692844400432
  10 -4.2876692844400432
  11 -4.2876692844400432
  12 -4.2876692844400432
  13 -4.2876692844400432
  14 -4.2876692844400432
  15 -4.2876692844400432
  16 -4.2876692844400432
  17 -4.2876692844400432
  18 -4.2876692844400432
TERM-02
  1 2 -0.70597988452731991E-001
  1 3 0.25970956354898236E-001
  1 4 -0.42939454678578945E-001
  1 5 0.25970956354898236E-001
  1 6 -0.70597988452731991E-001
  1 7 -0.70597988452731991E-001
  1 8 0.13189280339762338
  1 9 0.21975514375362229E-001
  1 10 0.25970956354898236E-001
  1 11 0.21975514375362229E-001
  1 12 0.13189280339762338
  1 13 0.25970956354898236E-001
  1 14 0.21975514375362229E-001
  1 15 0.13189280339762338
  1 16 -0.70597988452731991E-001
  1 17 0.13189280339762338
  1 18 0.21975514375362229E-001
  2 1 -0.70597988452731991E-001
  2 3 -0.70597988452731991E-001
  2 4 0.25970956354898236E-001
  2 5 -0.42939454678578945E-001
  2 6 0.25970956354898236E-001
  2 7 0.13189280339762338
  2 8 -0.70597988452731991E-001
  2 9 0.13189280339762338
  2 10 0.21975514375362229E-001
  2 11 0.25970956354898236E-001
  2 12 0.21975514375362229E-001
  2 13 0.21975514375362229E-001
  2 14 0.25970956354898236E-001
  2 15 0.21975514375362229E-001
  2 16 0.13189280339762338
  2 17 -0.70597988452731991E-001
  2 18 0.13189280339762338
  3 1 0.25970956354898236E-001
  3 2 -0.70597988452731991E-001
  3 4 -0.70597988452731991E-001
  3 5 0.25970956354898236E-001
  3 6 -0.42939454678578945E-001
  3 7 0.21975514375362229E-001
  3 8 0.13189280339762338
  3 9 -0.70597988452731991E-001
  3 10 0.13189280339762338
  3 11 0.21975514375362229E-001
  3 12 0.25970956354898236E-001
  3 13 0.13189280339762338
  3 14 0.21975514375362229E-001
  3 15 0.25970956354898236E-001
  3 16 0.21975514375362229E-001
  3 17 0.13189280339762338
  3 18 -0.70597988452731991E-001
  4 1 -0.42939454678578945E-001
  4 2 0.25970956354898236E-001
  4 3 -0.70597988452731991E-001
  4 5 -0.70597988452731991E-001
  4 6 0.25970956354898236E-001
  4 7 0.25970956354898236E-001
  4 8 0.21975514375362229E-001
  4 9 0.13189280339762338
  4 10 -0.70597988452731991E-001
  4 11 0.13189280339762338
  4 12 0.21975514375362229E-001
  4 13 -0.70597988452731991E-001
  4 14 0.13189280339762338
  4 15 0.21975514375362229E-001
  4 16 0.25970956354898236E-001
  4 17 0.21975514375362229E-001
  4 18 0.13189280339762338
  5 1 0.25970956354898236E-001
  5 2 -0.42939454678578945E-001
  5 3 0.25970956354898236E-001
  5 4 -0.70597988452731991E-001
  5 6 -0.70597988452731991E-001
  5 7 0.21975514375362229E-001
  5 8 0.25970956354898236E-001
  5 9 0.21975514375362229E-001
  5 10 0.13189280339762338
  5 11 -0.70597988452731991E-001
  5 12 0.13189280339762338
  5 13 0.13189280339762338
  5 14 -0.70597988452731991E-001
  5 15 0.13189280339762338
  5 16 0.21975514375362229E-001
  5 17 0.25970956354898236E-001
  5 18 0.21975514375362229E-001
  6 1 -0.70597988452731991E-001
  6 2 0.25970956354898236E-001
  6 3 -0.42939454678578945E-001
  6 4 0.25970956354898236E-001
  6 5 -0.70597988452731991E-001
  6 7 0.13189280339762338
  6 8 0.21975514375362229E-001
  6 9 0.25970956354898236E-001
  6 10 0.21975514375362229E-001
  6 11 0.13189280339762338
  6 12 -0.70597988452731991E-001
  6 13 0.21975514375362229E-001
  6 14 0.13189280339762338
  6 15 -0.70597988452731991E-001
  6 16 0.13189280339762338
  6 17 0.21975514375362229E-001
  6 18 0.25970956354898236E-001
  7 1 -0.70597988452731991E-001
  7 2 0.13189280339762338
  7 3 0.21975514375362229E-001
  7 4 0.25970956354898236E-001
  7 5 0.21975514375362229E-001
  7 6 0.13189280339762338
  7 8 -0.70597988452731991E-001
  7 9 0.25970956354898236E-001
  7 10 -0.42939454678578945E-001
  7 11 0.25970956354898236E-001
  7 12 -0.70597988452731991E-001
  7 13 -0.70597988452731991E-001
  7 14 0.13189280339762338
  7 15 0.21975514375362229E-001
  7 16 0.25970956354898236E-001
  7 17 0.21975514375362229E-001
  7 18 0.13189280339762338
  8 1 0.13189280339762338
  8 2 -0.70597988452731991E-001
  8 3 0.13189280339762338
  8 4 0.21975514375362229E-001
  8 5 0.25970956354898236E-001
  8 6 0.21975514375362229E-001
  8 7 -0.70597988452731991E-001
  8 9 -0.70597988452731991E-001
  8 10 0.25970956354898236E-001
  8 11 -0.42939454678578945E-001
  8 12 0.25970956354898236E-001
  8 13 0.13189280339762338
  8 14 -0.70597988452731991E-001
  8 15 0.13189280339762338
  8 16 0.21975514375362229E-001
  8 17 0.25970956354898236E-001
  8 18 0.21975514375362229E-001
  9 1 0.21975514375362229E-001
  9 2 0.13189280339762338
  9 3 -0.70597988452731991E-001
  9 4 0.13189280339762338
  9 5 0.21975514375362229E-001
  9 6 0.25970956354898236E-001
  9 7 0.25970956354898236E-001
  9 8 -0.70597988452731991E-001
  9 10 -0.70597988452731991E-001
  9 11 0.25970956354898236E-001
  9 12 -0.42939454678578945E-001
  9 13 0.21975514375362229E-001
  9 14 0.13189280339762338
  9 15 -0.70597988452731991E-001
  9 16 0.13189280339762338
  9 17 0.21975514375362229E-001
  9 18 0.25970956354898236E-001
  10 1 0.25970956354898236E-001
  10 2 0.21975514375362229E-001
  10 3 0.13189280339762338
  10 4 -0.70597988452731991E-001
  10 5 0.13189280339762338
  10 6 0.21975514375362229E-001
  10 7 -0.42939454678578945E-001
  10 8 0.25970956354898236E-001
  10 9 -0.70597988452731991E-001
  10 11 -0.70597988452731991E-001
  10 12 0.25970956354898236E-001
  10 13 0.25970956354898236E-001
  10 14 0.21975514375362229E-001
  10 15 0.13189280339762338
  10 16 -0.70597988452731991E-001
  10 17 0.13189280339762338
  10 18 0.21975514375362229E-001
  11 1 0.21975514375362229E-001
  11 2 0.25970956354898236E-001
  11 3 0.21975514375362229E-001
  11 4 0.13189280339762338
  11 5 -0.70597988452731991E-001
  11 6 0.13189280339762338
  11 7 0.25970956354898236E-001
  11 8 -0.42939454678578945E-001
  11 9 0.25970956354898236E-001
  11 10 -0.70597988452731991E-001
  11 12 -0.70597988452731991E-001
  11 13 0.21975514375362229E-001
  11 14 0.25970956354898236E-001
  11 15 0.21975514375362229E-001
  11 16 0.13189280339762338
  11 17 -0.70597988452731991E-001
  11 18 0.13189280339762338
  12 1 0.13189280339762338
  12 2 0.21975514375362229E-001
  12 3 0.25970956354898236E-001
  12 4 0.21975514375362229E-001
  12 5 0.13189280339762338
  12 6 -0.70597988452731991E-001
  12 7 -0.70597988452731991E-001
  12 8 0.25970956354898236E-001
  12 9 -0.42939454678578945E-001
  12 10 0.25970956354898236E-001
  12 11 -0.70597988452731991E-001
  12 13 0.13189280339762338
  12 14 0.21975514375362229E-001
  12 15 0.25970956354898236E-001
  12 16 0.21975514375362229E-001
  12 17 0.13189280339762338
  12 18 -0.70597988452731991E-001
  13 1 0.25970956354898236E-001
  13 2 0.21975514375362229E-001
  13 3 0.13189280339762338
  13 4 -0.70597988452731991E-001
  13 5 0.13189280339762338
  13 6 0.21975514375362229E-001
  13 7 -0.70597988452731991E-001
  13 8 0.13189280339762338
  13 9 0.21975514375362229E-001
  13 10 0.25970956354898236E-001
  13 11 0.21975514375362229E-001
  13 12 0.13189280339762338
  13 14 -0.70597988452731991E-001
  13 15 0.25970956354898236E-001
  13 16 -0.42939454678578945E-001
  13 17 0.25970956354898236E-001
  13 18 -0.70597988452731991E-001
  14 1 0.21975514375362229E-001
  14 2 0.25970956354898236E-001
  14 3 0.21975514375362229E-001
  14 4 0.13189280339762338
  14 5 -0.70597988452731991E-001
  14 6 0.13189280339762338
  14 7 0.13189280339762338
  14 8 -0.70597988452731991E-001
  14 9 0.13189280339762338
  14 10 0.21975514375362229E-001
  14 11 0.25970956354898236E-001
  14 12 0.21975514375362229E-001
  14 13 -0.70597988452731991E-001
  14 15 -0.70597988452731991E-001
  14 16 0.25970956354898236E-001
  14 17 -0.42939454678578945E-001
  14 18 0.25970956354898236E-001
  15 1 0.13189280339762338
  15 2 0.21975514375362229E-001
  15 3 0.25970956354898236E-001
  15 4 0.21975514375362229E-001
  15 5 0.13189280339762338
  15 6 -0.70597988452731991E-001
  15 7 0.21975514375362229E-001
  15 8 0.13189280339762338
  15 9 -0.70597988452731991E-001
  15 10 0.13189280339762338
  15 11 0.21975514375362229E-001
  15 12 0.25970956354898236E-001
  15 13 0.25970956354898236E-001
  15 14 -0.70597988452731991E-001
  15 16 -0.70597988452731991E-001
  15 17 0.25970956354898236E-001
  15 18 -0.42939454678578945E-001
  16 1 -0.70597988452731991E-001
  16 2 0.13189280339762338
  16 3 0.21975514375362229E-001
  16 4 0.25970956354898236E-001
  16 5 0.21975514375362229E-001
  16 6 0.13189280339762338
  16 7 0.25970956354898236E-001
  16 8 0.21975514375362229E-001
  16 9 0.13189280339762338
  16 10 -0.70597988452731991E-001
  16 11 0.13189280339762338
  16 12 0.21975514375362229E-001
  16 13 -0.42939454678578945E-001
  16 14 0.25970956354898236E-001
  16 15 -0.70597988452731991E-001
  16 17 -0.70597988452731991E-001
  16 18 0.25970956354898236E-001
  17 1 0.13189280339762338
  17 2 -0.70597988452731991E-001
  17 3 0.13189280339762338
  17 4 0.21975514375362229E-001
  17 5 0.25970956354898236E-001
  17 6 0.21975514375362229E-001
  17 7 0.21975514375362229E-001
  17 8 0.25970956354898236E-001
  17 9 0.21975514375362229E-001
  17 10 0.13189280339762338
  17 11 -0.70597988452731991E-001
  17 12 0.13189280339762338
  17 13 0.25970956354898236E-001
  17 14 -0.42939454678578945E-001
  17 15 0.25970956354898236E-001
  17 16 -0.70597988452731991E-001
  17 18 -0.70597988452731991E-001
  18 1 0.21975514375362229E-001
  18 2 0.13189280339762338
  18 3 -0.70597988452731991E-001
  18 4 0.13189280339762338
  18 5 0.21975514375362229E-001
  18 6 0.25970956354898236E-001
  18 7 0.13189280339762338
  18 8 0.21975514375362229E-001
  18 9 0.25970956354898236E-001
  18 10 0.21975514375362229E-001
  18 11 0.13189280339762338
  18 12 -0.70597988452731991E-001
  18 13 -0.70597988452731991E-001
  18 14 0.25970956354898236E-001
  18 15 -0.42939454678578945E-001
  18 16 0.25970956354898236E-001
  18 17 -0.70597988452731991E-001
TERM-uu
  1 2 -0.96862030189593440E-001
  1 3 0.79290754526649659E-001
  1 5 0.79290754526649659E-001
  1 6 -0.96862030189593440E-001
  1 7 -0.96862030189593440E-001
  1 8 0.30278753098709588E-001
  1 9 -0.97442029362772062E-001
  1 10 0.79290754526649659E-001
  1 11 -0.97442029362772062E-001
  1 12 0.30278753098709588E-001
  1 13 0.79290754526649659E-001
  1 14 -0.97442029362772062E-001
  1 15 0.30278753098709588E-001
  1 16 -0.96862030189593440E-001
  1 17 0.30278753098709588E-001
  1 18 -0.97442029362772062E-001
  2 1 -0.96862030189593440E-001
  2 3 -0.96862030189593440E-001
  2 4 0.79290754526649659E-001
  2 6 0.79290754526649659E-001
  2 7 0.30278753098709588E-001
  2 8 -0.96862030189593440E-001
  2 9 0.30278753098709588E-001
  2 10 -0.97442029362772062E-001
  2 11 0.79290754526649659E-001
  2 12 -0.97442029362772062E-001
  2 13 -0.97442029362772062E-001
  2 14 0.79290754526649659E-001
  2 15 -0.97442029362772062E-001
  2 16 0.30278753098709588E-001
  2 17 -0.96862030189593440E-001
  2 18 0.30278753098709588E-001
  3 1 0.79290754526649659E-001
  3 2 -0.96862030189593440E-001
  3 4 -0.96862030189593440E-001
  3 5 0.79290754526649659E-001
  3 7 -0.97442029362772062E-001
  3 8 0.30278753098709588E-001
  3 9 -0.96862030189593440E-001
  3 10 0.30278753098709588E-001
  3 11 -0.97442029362772062E-001
  3 12 0.79290754526649659E-001
  3 13 0.30278753098709588E-001
  3 14 -0.97442029362772062E-001
  3 15 0.79290754526649659E-001
  3 16 -0.97442029362772062E-001
  3 17 0.30278753098709588E-001
  3 18 -0.96862030189593440E-001
  4 2 0.79290754526649659E-001
  4 3 -0.96862030189593440E-001
  4 5 -0.96862030189593440E-001
  4 6 0.79290754526649659E-001
  4 7 0.79290754526649659E-001
  4 8 -0.97442029362772062E-001
  4 9 0.30278753098709588E-001
  4 10 -0.96862030189593440E-001
  4 11 0.30278753098709588E-001
  4 12 -0.97442029362772062E-001
  4 13 -0.96862030189593440E-001
  4 14 0.30278753098709588E-001
  4 15 -0.97442029362772062E-001
  4 16 0.79290754526649659E-001
  4 17 -0.97442029362772062E-001
  4 18 0.30278753098709588E-001
  5 1 0.79290754526649659E-001
  5 3 0.79290754526649659E-001
  5 4 -0.96862030189593440E-001
  5 6 -0.96862030189593440E-001
  5 7 -0.97442029362772062E-001
  5 8 0.79290754526649659E-001
  5 9 -0.97442029362772062E-001
  5 10 0.30278753098709588E-001
  5 11 -0.96862030189593440E-001
  5 12 0.30278753098709588E-001
  5 13 0.30278753098709588E-001
  5 14 -0.96862030189593440E-001
  5 15 0.30278753098709588E-001
  5 16 -0.97442029362772062E-001
  5 17 0.79290754526649659E-001
  5 18 -0.97442029362772062E-001
  6 1 -0.96862030189593440E-001
  6 2 0.79290754526649659E-001
  6 4 0.79290754526649659E-001
  6 5 -0.96862030189593440E-001
  6 7 0.30278753098709588E-001
  6 8 -0.97442029362772062E-001
  6 9 0.79290754526649659E-001
  6 10 -0.97442029362772062E-001
  6 11 0.30278753098709588E-001
  6 12 -0.96862030189593440E-001
  6 13 -0.97442029362772062E-001
  6 14 0.30278753098709588E-001
  6 15 -0.96862030189593440E-001
  6 16 0.30278753098709588E-001
  6 17 -0.97442029362772062E-001
  6 18 0.79290754526649659E-001
  7 1 -0.96862030189593440E-001
  7 2 0.30278753098709588E-001
  7 3 -0.97442029362772062E-001
  7 4 0.79290754526649659E-001
  7 5 -0.97442029362772062E-001
  7 6 0.30278753098709588E-001
  7 8 -0.96862030189593440E-001
  7 9 0.79290754526649659E-001
  7 11 0.79290754526649659E-001
  7 12 -0.96862030189593440E-001
  7 13 -0.96862030189593440E-001
  7 14 0.30278753098709588E-001
  7 15 -0.97442029362772062E-001
  7 16 0.79290754526649659E-001
  7 17 -0.97442029362772062E-001
  7 18 0.30278753098709588E-001
  8 1 0.30278753098709588E-001
  8 2 -0.96862030189593440E-001
  8 3 0.30278753098709588E-001
  8 4 -0.97442029362772062E-001
  8 5 0.79290754526649659E-001
  8 6 -0.97442029362772062E-001
  8 7 -0.96862030189593440E-001
  8 9 -0.96862030189593440E-001
  8 10 0.79290754526649659E-001
  8 12 0.79290754526649659E-001
  8 13 0.30278753098709588E-001
  8 14 -0.96862030189593440E-001
  8 15 0.30278753098709588E-001
  8 16 -0.97442029362772062E-001
  8 17 0.79290754526649659E-001
  8 18 -0.97442029362772062E-001
  9 1 -0.97442029362772062E-001
  9 2 0.30278753098709588E-001
  9 3 -0.96862030189593440E-001
  9 4 0.30278753098709588E-001
  9 5 -0.97442029362772062E-001
  9 6 0.79290754526649659E-001
  9 7 0.79290754526649659E-001
  9 8 -0.96862030189593440E-001
  9 10 -0.96862030189593440E-001
  9 11 0.79290754526649659E-001
  9 13 -0.97442029362772062E-001
  9 14 0.30278753098709588E-001
  9 15 -0.96862030189593440E-001
  9 16 0.30278753098709588E-001
  9 17 -0.97442029362772062E-001
  9 18 0.79290754526649659E-001
  10 1 0.79290754526649659E-001
  10 2 -0.97442029362772062E-001
  10 3 0.30278753098709588E-001
  10 4 -0.96862030189593440E-001
  10 5 0.30278753098709588E-001
  10 6 -0.97442029362772062E-001
  10 8 0.79290754526649659E-001
  10 9 -0.96862030189593440E-001
  10 11 -0.96862030189593440E-001
  10 12 0.79290754526649659E-001
  10 13 0.79290754526649659E-001
  10 14 -0.97442029362772062E-001
  10 15 0.30278753098709588E-001
  10 16 -0.96862030189593440E-001
  10 17 0.30278753098709588E-001
  10 18 -0.97442029362772062E-001
  11 1 -0.97442029362772062E-001
  11 2 0.79290754526649659E-001
  11 3 -0.97442029362772062E-001
  11 4 0.30278753098709588E-001
  11 5 -0.96862030189593440E-001
  11 6 0.30278753098709588E-001
  11 7 0.79290754526649659E-001
  11 9 0.79290754526649659E-001
  11 10 -0.96862030189593440E-001
  11 12 -0.96862030189593440E-001
  11 13 -0.97442029362772062E-001
  11 14 0.79290754526649659E-001
  11 15 -0.97442029362772062E-001
  11 16 0.30278753098709588E-001
  11 17 -0.96862030189593440E-001
  11 18 0.30278753098709588E-001
  12 1 0.30278753098709588E-001
  12 2 -0.97442029362772062E-001
  12 3 0.79290754526649659E-001
  12 4 -0.97442029362772062E-001
  12 5 0.30278753098709588E-001
  12 6 -0.96862030189593440E-001
  12 7 -0.96862030189593440E-001
  12 8 0.79290754526649659E-001
  12 10 0.79290754526649659E-001
  12 11 -0.96862030189593440E-001
  12 13 0.30278753098709588E-001
  12 14 -0.97442029362772062E-001
  12 15 0.79290754526649659E-001
  12 16 -0.97442029362772062E-001
  12 17 0.30278753098709588E-001
  12 18 -0.96862030189593440E-001
  13 1 0.79290754526649659E-001
  13 2 -0.97442029362772062E-001
  13 3 0.30278753098709588E-001
  13 4 -0.96862030189593440E-001
  13 5 0.30278753098709588E-001
  13 6 -0.97442029362772062E-001
  13 7 -0.96862030189593440E-001
  13 8 0.30278753098709588E-001
  13 9 -0.97442029362772062E-001
  13 10 0.79290754526649659E-001
  13 11 -0.97442029362772062E-001
  13 12 0.30278753098709588E-001
  13 14 -0.96862030189593440E-001
  13 15 0.79290754526649659E-001
  13 17 0.79290754526649659E-001
  13 18 -0.96862030189593440E-001
  14 1 -0.97442029362772062E-001
  14 2 0.79290754526649659E-001
  14 3 -0.97442029362772062E-001
  14 4 0.30278753098709588E-001
  14 5 -0.96862030189593440E-001
  14 6 0.30278753098709588E-001
  14 7 0.30278753098709588E-001
  14 8 -0.96862030189593440E-001
  14 9 0.30278753098709588E-001
  14 10 -0.97442029362772062E-001
  14 11 0.79290754526649659E-001
  14 12 -0.97442029362772062E-001
  14 13 -0.96862030189593440E-001
  14 15 -0.96862030189593440E-001
  14 16 0.79290754526649659E-001
  14 18 0.79290754526649659E-001
  15 1 0.30278753098709588E-001
  15 2 -0.97442029362772062E-001
  15 3 0.79290754526649659E-001
  15 4 -0.97442029362772062E-001
  15 5 0.30278753098709588E-001
  15 6 -0.96862030189593440E-001
  15 7 -0.97442029362772062E-001
  15 8 0.30278753098709588E-001
  15 9 -0.96862030189593440E-001
  15 10 0.30278753098709588E-001
  15 11 -0.97442029362772062E-001
  15 12 0.79290754526649659E-001
  15 13 0.79290754526649659E-001
  15 14 -0.96862030189593440E-001
  15 16 -0.96862030189593440E-001
  15 17 0.79290754526649659E-001
  16 1 -0.96862030189593440E-001
  16 2 0.30278753098709588E-001
  16 3 -0.97442029362772062E-001
  16 4 0.79290754526649659E-001
  16 5 -0.97442029362772062E-001
  16 6 0.30278753098709588E-001
  16 7 0.79290754526649659E-001
  16 8 -0.97442029362772062E-001
  16 9 0.30278753098709588E-001
  16 10 -0.96862030189593440E-001
  16 11 0.30278753098709588E-001
  16 12 -0.97442029362772062E-001
  16 14 0.79290754526649659E-001
  16 15 -0.96862030189593440E-001
  16 17 -0.96862030189593440E-001
  16 18 0.79290754526649659E-001
  17 1 0.30278753098709588E-001
  17 2 -0.96862030189593440E-001
  17 3 0.30278753098709588E-001
  17 4 -0.97442029362772062E-001
  17 5 0.79290754526649659E-001
  17 6 -0.97442029362772062E-001
  17 7 -0.97442029362772062E-001
  17 8 0.79290754526649659E-001
  17 9 -0.97442029362772062E-001
  17 10 0.30278753098709588E-001
  17 11 -0.96862030189593440E-001
  17 12 0.30278753098709588E-001
  17 13 0.79290754526649659E-001
  17 15 0.79290754526649659E-001
  17 16 -0.96862030189593440E-001
  17 18 -0.96862030189593440E-001
  18 1 -0.97442029362772062E-001
  18 2 0.30278753098709588E-001
  18 3 -0.96862030189593440E-001
  18 4 0.30278753098709588E-001
  18 5 -0.97442029362772062E-001
  18 6 0.79290754526649659E-001
  18 7 0.30278753098709588E-001
  18 8 -0.97442029362772062E-001
  18 9 0.79290754526649659E-001
  18 10 -0.97442029362772062E-001
  18 11 0.30278753098709588E-001
  18 12 -0.96862030189593440E-001
  18 13 -0.96862030189593440E-001
  18 14 0.79290754526649659E-001
  18 16 0.79290754526649659E-001
  18 17 -0.96862030189593440E-001
TERM-ud
  1 2 -0.11500807971366113
  1 3 0.41397919365782722E-001
  1 5 0.41397919365782722E-001
  1 6 -0.11500807971366113
  1 7 -0.11500807971366113
  1 8 -0.15730386438583745E-001
  1 9 -0.10219523199620741
  1 10 0.41397919365782722E-001
  1 11 -0.10219523199620741
  1 12 -0.15730386438583745E-001
  1 13 0.41397919365782722E-001
  1 14 -0.10219523199620741
  1 15 -0.15730386438583745E-001
  1 16 -0.11500807971366113
  1 17 -0.15730386438583745E-001
  1 18 -0.10219523199620741
  2 1 -0.11500807971366113
  2 3 -0.11500807971366113
  2 4 0.41397919365782722E-001
  2 6 0.41397919365782722E-001
  2 7 -0.15730386438583745E-001
  2 8 -0.11500807971366113
  2 9 -0.15730386438583745E-001
  2 10 -0.10219523199620741
  2 11 0.41397919365782722E-001
  2 12 -0.10219523199620741
  2 13 -0.10219523199620741
  2 14 0.41397919365782722E-001
  2 15 -0.10219523199620741
  2 16 -0.15730386438583745E-001
  2 17 -0.11500807971366113
  2 18 -0.15730386438583745E-001
  3 1 0.41397919365782722E-001
  3 2 -0.11500807971366113
  3 4 -0.11500807971366113
  3 5 0.41397919365782722E-001
  3 7 -0.10219523199620741
  3 8 -0.15730386438583745E-001
  3 9 -0.11500807971366113
  3 10 -0.15730386438583745E-001
  3 11 -0.10219523199620741
  3 12 0.41397919365782722E-001
  3 13 -0.15730386438583745E-001
  3 14 -0.10219523199620741
  3 15 0.41397919365782722E-001
  3 16 -0.10219523199620741
  3 17 -0.15730386438583745E-001
  3 18 -0.11500807971366113
  4 2 0.41397919365782722E-001
  4 3 -0.11500807971366113
  4 5 -0.11500807971366113
  4 6 0.41397919365782722E-001
  4 7 0.41397919365782722E-001
  4 8 -0.10219523199620741
  4 9 -0.15730386438583745E-001
  4 10 -0.11500807971366113
  4 11 -0.15730386438583745E-001
  4 12 -0.10219523199620741
  4 13 -0.11500807971366113
  4 14 -0.15730386438583745E-001
  4 15 -0.10219523199620741
  4 16 0.41397919365782722E-001
  4 17 -0.10219523199620741
  4 18 -0.15730386438583745E-001
  5 1 0.41397919365782722E-001
  5 3 0.41397919365782722E-001
  5 4 -0.11500807971366113
  5 6 -0.11500807971366113
  5 7 -0.10219523199620741
  5 8 0.41397919365782722E-001
  5 9 -0.10219523199620741
  5 10 -0.15730386438583745E-001
  5 11 -0.11500807971366113
  5 12 -0.15730386438583745E-001
  5 13 -0.15730386438583745E-001
  5 14 -0.11500807971366113
  5 15 -0.15730386438583745E-001
  5 16 -0.10219523199620741
  5 17 0.41397919365782722E-001
  5 18 -0.10219523199620741
  6 1 -0.11500807971366113
  6 2 0.41397919365782722E-001
  6 4 0.41397919365782722E-001
  6 5 -0.11500807971366113
  6 7 -0.15730386438583745E-001
  6 8 -0.10219523199620741
  6 9 0.41397919365782722E-001
  6 10 -0.10219523199620741
  6 11 -0.15730386438583745E-001
  6 12 -0.11500807971366113
  6 13 -0.10219523199620741
  6 14 -0.15730386438583745E-001
  6 15 -0.11500807971366113
  6 16 -0.15730386438583745E-001
  6 17 -0.10219523199620741
  6 18 0.41397919365782722E-001
  7 1 -0.11500807971366113
  7 2 -0.15730386438583745E-001
  7 3 -0.10219523199620741
  7 4 0.41397919365782722E-001
  7 5 -0.10219523199620741
  7 6 -0.15730386438583745E-001
  7 8 -0.11500807971366113
  7 9 0.41397919365782722E-001
  7 11 0.41397919365782722E-001
  7 12 -0.11500807971366113
  7 13 -0.11500807971366113
  7 14 -0.15730386438583745E-001
  7 15 -0.10219523199620741
  7 16 0.41397919365782722E-001
  7 17 -0.10219523199620741
  7 18 -0.15730386438583745E-001
  8 1 -0.15730386438583745E-001
  8 2 -0.11500807971366113
  8 3 -0.15730386438583745E-001
  8 4 -0.10219523199620741
  8 5 0.41397919365782722E-001
  8 6 -0.10219523199620741
  8 7 -0.11500807971366113
  8 9 -0.11500807971366113
  8 10 0.41397919365782722E-001
  8 12 0.41397919365782722E-001
  8 13 -0.15730386438583745E-001
  8 14 -0.11500807971366113
  8 15 -0.15730386438583745E-001
  8 16 -0.10219523199620741
  8 17 0.41397919365782722E-001
  8 18 -0.10219523199620741
  9 1 -0.10219523199620741
  9 2 -0.15730386438583745E-001
  9 3 -0.11500807971366113
  9 4 -0.15730386438583745E-001
  9 5 -0.10219523199620741
  9 6 0.41397919365782722E-001
  9 7 0.41397919365782722E-001
  9 8 -0.11500807971366113
  9 10 -0.11500807971366113
  9 11 0.41397919365782722E-001
  9 13 -0.10219523199620741
  9 14 -0.15730386438583745E-001
  9 15 -0.11500807971366113
  9 16 -0.15730386438583745E-001
  9 17 -0.10219523199620741
  9 18 0.41397919365782722E-001
  10 1 0.41397919365782722E-001
  10 2 -0.10219523199620741
  10 3 -0.15730386438583745E-001
  10 4 -0.11500807971366113
  10 5 -0.15730386438583745E-001
  10 6 -0.10219523199620741
  10 8 0.41397919365782722E-001
  10 9 -0.11500807971366113
  10 11 -0.11500807971366113
  10 12 0.41397919365782722E-001
  10 13 0.41397919365782722E-001
  10 14 -0.10219523199620741
  10 15 -0.15730386438583745E-001
  10 16 -0.11500807971366113
  10 17 -0.15730386438583745E-001
  10 18 -0.10219523199620741
  11 1 -0.10219523199620741
  11 2 0.41397919365782722E-001
  11 3 -0.10219523199620741
  11 4 -0.15730386438583745E-001
  11 5 -0.11500807971366113
  11 6 -0.15730386438583745E-001
  11 7 0.41397919365782722E-001
  11 9 0.41397919365782722E-001
  11 10 -0.11500807971366113
  11 12 -0.11500807971366113
  11 13 -0.10219523199620741
  11 14 0.41397919365782722E-001
  11 15 -0.10219523199620741
  11 16 -0.15730386438583745E-001
  11 17 -0.11500807971366113
  11 18 -0.15730386438583745E-001
  12 1 -0.15730386438583745E-001
  12 2 -0.10219523199620741
  12 3 0.41397919365782722E-001
  12 4 -0.10219523199620741
  12 5 -0.15730386438583745E-001
  12 6 -0.11500807971366113
  12 7 -0.11500807971366113
  12 8 0.41397919365782722E-001
  12 10 0.41397919365782722E-001
  12 11 -0.11500807971366113
  12 13 -0.15730386438583745E-001
  12 14 -0.10219523199620741
  12 15 0.41397919365782722E-001
  12 16 -0.10219523199620741
  12 17 -0.15730386438583745E-001
  12 18 -0.11500807971366113
  13 1 0.41397919365782722E-001
  13 2 -0.10219523199620741
  13 3 -0.15730386438583745E-001
  13 4 -0.11500807971366113
  13 5 -0.15730386438583745E-001
  13 6 -0.10219523199620741
  13 7 -0.11500807971366113
  13 8 -0.15730386438583745E-001
  13 9 -0.10219523199620741
  13 10 0.41397919365782722E-001
  13 11 -0.10219523199620741
  13 12 -0.15730386438583745E-001
  13 14 -0.11500807971366113
  13 15 0.41397919365782722E-001
  13 17 0.41397919365782722E-001
  13 18 -0.11500807971366113
  14 1 -0.10219523199620741
  14 2 0.41397919365782722E-001
  14 3 -0.10219523199620741
  14 4 -0.15730386438583745E-001
  14 5 -0.11500807971366113
  14 6 -0.15730386438583745E-001
  14 7 -0.15730386438583745E-001
  14 8 -0.11500807971366113
  14 9 -0.15730386438583745E-001
  14 10 -0.10219523199620741
  14 11 0.41397919365782722E-001
  14 12 -0.10219523199620741
  14 13 -0.11500807971366113
  14 15 -0.11500807971366113
  14 16 0.41397919365782722E-001
  14 18 0.41397919365782722E-001
  15 1 -0.15730386438583745E-001
  15 2 -0.10219523199620741
  15 3 0.41397919365782722E-001
  15 4 -0.10219523199620741
  15 5 -0.15730386438583745E-001
  15 6 -0.11500807971366113
  15 7 -0.10219523199620741
  15 8 -0.15730386438583745E-001
  15 9 -0.11500807971366113
  15 10 -0.15730386438583745E-001
  15 11 -0.10219523199620741
  15 12 0.41397919365782722E-001
  15 13 0.41397919365782722E-001
  15 14 -0.11500807971366113
  15 16 -0.11500807971366113
  15 17 0.41397919365782722E-001
  16 1 -0.11500807971366113
  16 2 -0.15730386438583745E-001
  16 3 -0.10219523199620741
  16 4 0.41397919365782722E-001
  16 5 -0.10219523199620741
  16 6 -0.15730386438583745E-001
  16 7 0.41397919365782722E-001
  16 8 -0.10219523199620741
  16 9 -0.15730386438583745E-001
  16 10 -0.11500807971366113
  16 11 -0.15730386438583745E-001
  16 12 -0.10219523199620741
  16 14 0.41397919365782722E-001
  16 15 -0.11500807971366113
  16 17 -0.11500807971366113
  16 18 0.41397919365782722E-001
  17 1 -0.15730386438583745E-001
  17 2 -0.11500807971366113
  17 3 -0.15730386438583745E-001
  17 4 -0.10219523199620741
  17 5 0.41397919365782722E-001
  17 6 -0.10219523199620741
  17 7 -0.10219523199620741
  17 8 0.41397919365782722E-001
  17 9 -0.10219523199620741
  17 10 -0.15730386438583745E-001
  17 11 -0.11500807971366113
  17 12 -0.15730386438583745E-001
  17 13 0.41397919365782722E-001
  17 15 0.41397919365782722E-001
  17 16 -0.11500807971366113
  17 18 -0.11500807971366113
  18 1 -0.10219523199620741
  18 2 -0.15730386438583745E-001
  18 3 -0.11500807971366113
  18 4 -0.15730386438583745E-001
  18 5 -0.10219523199620741
  18 6 0.41397919365782722E-001
  18 7 -0.15730386438583745E-001
  18 8 -0.10219523199620741
  18 9 0.41397919365782722E-001
  18 10 -0.10219523199620741
  18 11 -0.15730386438583745E-001
  18 12 -0.11500807971366113
  18 13 -0.11500807971366113
  18 14 0.41397919365782722E-001
  18 16 0.41397919365782722E-001
  18 17 -0.11500807971366113
TERM-du
  1 2 -0.11500807971366113
  1 3 0.41397919365782722E-001
  1 5 0.41397919365782722E-001
  1 6 -0.11500807971366113
  1 7 -0.11500807971366113
  1 8 -0.15730386438583745E-001
  1 9 -0.10219523199620741
  1 10 0.41397919365782722E-001
  1 11 -0.10219523199620741
  1 12 -0.15730386438583745E-001
  1 13 0.41397919365782722E-001
  1 14 -0.10219523199620741
  1 15 -0.15730386438583745E-001
  1 16 -0.11500807971366113
  1 17 -0.15730386438583745E-001
  1 18 -0.10219523199620741
  2 1 -0.11500807971366113
  2 3 -0.11500807971366113
  2 4 0.41397919365782722E-001
  2 6 0.41397919365782722E-001
  2 7 -0.15730386438583745E-001
  2 8 -0.11500807971366113
  2 9 -0.15730386438583745E-001
  2 10 -0.10219523199620741
  2 11 0.41397919365782722E-001
  2 12 -0.10219523199620741
  2 13 -0.10219523199620741
  2 14 0.41397919365782722E-001
  2 15 -0.10219523199620741
  2 16 -0.15730386438583745E-001
  2 17 -0.11500807971366113
  2 18 -0.15730386438583745E-001
  3 1 0.41397919365782722E-001
  3 2 -0.11500807971366113
  3 4 -0.11500807971366113
  3 5 0.41397919365782722E-001
  3 7 -0.10219523199620741
  3 8 -0.15730386438583745E-001
  3 9 -0.11500807971366113
  3 10 -0.15730386438583745E-001
  3 11 -0.10219523199620741
  3 12 0.41397919365782722E-001
  3 13 -0.15730386438583745E-001
  3 14 -0.10219523199620741
  3 15 0.41397919365782722E-001
  3 16 -0.10219523199620741
  3 17 -0.15730386438583745E-001
  3 18 -0.11500807971366113
  4 2 0.41397919365782722E-001
  4 3 -0.11500807971366113
  4 5 -0.11500807971366113
  4 6 0.41397919365782722E-001
  4 7 0.41397919365782722E-001
  4 8 -0.10219523199620741
  4 9 -0.15730386438583745E-001
  4 10 -0.11500807971366113
  4 11 -0.15730386438583745E-001
  4 12 -0.10219523199620741
  4 13 -0.11500807971366113
  4 14 -0.15730386438583745E-001
  4 15 -0.10219523199620741
  4 16 0.41397919365782722E-001
  4 17 -0.10219523199620741
  4 18 -0.15730386438583745E-001
  5 1 0.41397919365782722E-001
  5 3 0.41397919365782722E-001
  5 4 -0.11500807971366113
  5 6 -0.11500807971366113
  5 7 -0.10219523199620741
  5 8 0.41397919365782722E-001
  5 9 -0.10219523199620741
  5 10 -0.15730386438583745E-001
  5 11 -0.11500807971366113
  5 12 -0.15730386438583745E-001
  5 13 -0.15730386438583745E-001
  5 14 -0.11500807971366113
  5 15 -0.15730386438583745E-001
  5 16 -0.10219523199620741
  5 17 0.41397919365782722E-001
  5 18 -0.10219523199620741
  6 1 -0.11500807971366113
  6 2 0.41397919365782722E-001
  6 4 0.41397919365782722E-001
  6 5 -0.11500807971366113
  6 7 -0.15730386438583745E-001
  6 8 -0.10219523199620741
  6 9 0.41397919365782722E-001
  6 10 -0.10219523199620741
  6 11 -0.15730386438583745E-001
  6 12 -0.11500807971366113
  6 13 -0.10219523199620741
  6 14 -0.15730386438583745E-001
  6 15 -0.11500807971366113
  6 16 -0.15730386438583745E-001
  6 17 -0.10219523199620741
  6 18 0.41397919365782722E-001
  7 1 -0.11500807971366113
  7 2 -0.15730386438583745E-001
  7 3 -0.10219523199620741
  7 4 0.41397919365782722E-001
  7 5 -0.10219523199620741
  7 6 -0.15730386438583745E-001
  7 8 -0.11500807971366113
  7 9 0.41397919365782722E-001
  7 11 0.41397919365782722E-001
  7 12 -0.11500807971366113
  7 13 -0.11500807971366113
  7 14 -0.15730386438583745E-001
  7 15 -0.10219523199620741
  7 16 0.41397919365782722E-001
  7 17 -0.10219523199620741
  7 18 -0.15730386438583745E-001
  8 1 -0.15730386438583745E-001
  8 2 -0.11500807971366113
  8 3 -0.15730386438583745E-001
  8 4 -0.10219523199620741
  8 5 0.41397919365782722E-001
  8 6 -0.10219523199620741
  8 7 -0.11500807971366113
  8 9 -0.11500807971366113
  8 10 0.41397919365782722E-001
  8 12 0.41397919365782722E-001
  8 13 -0.15730386438583745E-001
  8 14 -0.11500807971366113
  8 15 -0.15730386438583745E-001
  8 16 -0.10219523199620741
  8 17 0.41397919365782722E-001
  8 18 -0.10219523199620741
  9 1 -0.10219523199620741
  9 2 -0.15730386438583745E-001
  9 3 -0.11500807971366113
  9 4 -0.15730386438583745E-001
  9 5 -0.10219523199620741
  9 6 0.41397919365782722E-001
  9 7 0.41397919365782722E-001
  9 8 -0.11500807971366113
  9 10 -0.11500807971366113
  9 11 0.41397919365782722E-001
  9 13 -0.10219523199620741
  9 14 -0.15730386438583745E-001
  9 15 -0.11500807971366113
  9 16 -0.15730386438583745E-001
  9 17 -0.10219523199620741
  9 18 0.41397919365782722E-001
  10 1 0.41397919365782722E-001
  10 2 -0.10219523199620741
  10 3 -0.15730386438583745E-001
  10 4 -0.11500807971366113
  10 5 -0.15730386438583745E-001
  10 6 -0.10219523199620741
  10 8 0.41397919365782722E-001
  10 9 -0.11500807971366113
  10 11 -0.11500807971366113
  10 12 0.41397919365782722E-001
  10 13 0.41397919365782722E-001
  10 14 -0.10219523199620741
  10 15 -0.15730386438583745E-001
  10 16 -0.11500807971366113
  10 17 -0.15730386438583745E-001
  10 18 -0.10219523199620741
  11 1 -0.10219523199620741
  11 2 0.41397919365782722E-001
  11 3 -0.10219523199620741
  11 4 -0.15730386438583745E-001
  11 5 -0.11500807971366113
  11 6 -0.15730386438583745E-001
  11 7 0.41397919365782722E-001
  11 9 0.41397919365782722E-001
  11 10 -0.11500807971366113
  11 12 -0.11500807971366113
  11 13 -0.10219523199620741
  11 14 0.41397919365782722E-001
  11 15 -0.10219523199620741
  11 16 -0.15730386438583745E-001
  11 17 -0.11500807971366113
  11 18 -0.15730386438583745E-001
  12 1 -0.15730386438583745E-001
  12 2 -0.10219523199620741
  12 3 0.41397919365782722E-001
  12 4 -0.10219523199620741
  12 5 -0.15730386438583745E-001
  12 6 -0.11500807971366113
  12 7 -0.11500807971366113
  12 8 0.41397919365782722E-001
  12 10 0.41397919365782722E-001
  12 11 -0.11500807971366113
  12 13 -0.15730386438583745E-001
  12 14 -0.10219523199620741
  12 15 0.41397919365782722E-001
  12 16 -0.10219523199620741
  12 17 -0.15730386438583745E-001
  12 18 -0.11500807971366113
  13 1 0.41397919365782722E-001
  13 2 -0.10219523199620741
  13 3 -0.15730386438583745E-001
  13 4 -0.11500807971366113
  13 5 -0.15730386438583745E-001
  13 6 -0.10219523199620741
  13 7 -0.11500807971366113
  13 8 -0.15730386438583745E-001
  13 9 -0.10219523199620741
  13 10 0.41397919365782722E-001
  13 11 -0.10219523199620741
  13 12 -0.15730386438583745E-001
  13 14 -0.11500807971366113
  13 15 0.41397919365782722E-001
  13 17 0.41397919365782722E-001
  13 18 -0.11500807971366113
  14 1 -0.10219523199620741
  14 2 0.41397919365782722E-001
  14 3 -0.10219523199620741
  14 4 -0.15730386438583745E-001
  14 5 -0.11500807971366113
  14 6 -0.15730386438583745E-001
  14 7 -0.15730386438583745E-001
  14 8 -0.11500807971366113
  14 9 -0.15730386438583745E-001
  14 10 -0.10219523199620741
  14 11 0.41397919365782722E-001
  14 12 -0.10219523199620741
  14 13 -0.11500807971366113
  14 15 -0.11500807971366113
  14 16 0.41397919365782722E-001
  14 18 0.41397919365782722E-001
  15 1 -0.15730386438583745E-001
  15 2 -0.10219523199620741
  15 3 0.41397919365782722E-001
  15 4 -0.10219523199620741
  15 5 -0.15730386438583745E-001
  15 6 -0.11500807971366113
  15 7 -0.10219523199620741
  15 8 -0.15730386438583745E-001
  15 9 -0.11500807971366113
  15 10 -0.15730386438583745E-001
  15 11 -0.10219523199620741
  15 12 0.41397919365782722E-001
  15 13 0.41397919365782722E-001
  15 14 -0.11500807971366113
  15 16 -0.11500807971366113
  15 17 0.41397919365782722E-001
  16 1 -0.11500807971366113
  16 2 -0.15730386438583745E-001
  16 3 -0.10219523199620741
  16 4 0.41397919365782722E-001
  16 5 -0.10219523199620741
  16 6 -0.15730386438583745E-001
  16 7 0.41397919365782722E-001
  16 8 -0.10219523199620741
  16 9 -0.15730386438583745E-001
  16 10 -0.11500807971366113
  16 11 -0.15730386438583745E-001
  16 12 -0.10219523199620741
  16 14 0.41397919365782722E-001
  16 15 -0.11500807971366113
  16 17 -0.11500807971366113
  16 18 0.41397919365782722E-001
  17 1 -0.15730386438583745E-001
  17 2 -0.11500807971366113
  17 3 -0.15730386438583745E-001
  17 4 -0.10219523199620741
  17 5 0.41397919365782722E-001
  17 6 -0.10219523199620741
  17 7 -0.10219523199620741
  17 8 0.41397919365782722E-001
  17 9 -0.10219523199620741
  17 10 -0.15730386438583745E-001
  17 11 -0.11500807971366113
  17 12 -0.15730386438583745E-001
  17 13 0.41397919365782722E-001
  17 15 0.41397919365782722E-001
  17 16 -0.11500807971366113
  17 18 -0.11500807971366113
  18 1 -0.10219523199620741
  18 2 -0.15730386438583745E-001
  18 3 -0.11500807971366113
  18 4 -0.15730386438583745E-001
  18 5 -0.10219523199620741
  18 6 0.41397919365782722E-001
  18 7 -0.15730386438583745E-001
  18 8 -0.10219523199620741
  18 9 0.41397919365782722E-001
  18 10 -0.10219523199620741
  18 11 -0.15730386438583745E-001
  18 12 -0.11500807971366113
  18 13 -0.11500807971366113
  18 14 0.41397919365782722E-001
  18 16 0.41397919365782722E-001
  18 17 -0.11500807971366113
TERM-dd
  1 2 -0.96862030189593440E-001
  1 3 0.79290754526649659E-001
  1 5 0.79290754526649659E-001
  1 6 -0.96862030189593440E-001
  1 7 -0.96862030189593440E-001
  1 8 0.30278753098709588E-001
  1 9 -0.97442029362772062E-001
  1 10 0.79290754526649659E-001
  1 11 -0.97442029362772062E-001
  1 12 0.30278753098709588E-001
  1 13 0.79290754526649659E-001
  1 14 -0.97442029362772062E-001
  1 15 0.30278753098709588E-001
  1 16 -0.96862030189593440E-001
  1 17 0.30278753098709588E-001
  1 18 -0.97442029362772062E-001
  2 1 -0.96862030189593440E-001
  2 3 -0.96862030189593440E-001
  2 4 0.79290754526649659E-001
  2 6 0.79290754526649659E-001
  2 7 0.30278753098709588E-001
  2 8 -0.96862030189593440E-001
  2 9 0.30278753098709588E-001
  2 10 -0.97442029362772062E-001
  2 11 0.79290754526649659E-001
  2 12 -0.97442029362772062E-001
  2 13 -0.97442029362772062E-001
  2 14 0.79290754526649659E-001
  2 15 -0.97442029362772062E-001
  2 16 0.30278753098709588E-001
  2 17 -0.96862030189593440E-001
  2 18 0.30278753098709588E-001
  3 1 0.79290754526649659E-001
  3 2 -0.96862030189593440E-001
  3 4 -0.96862030189593440E-001
  3 5 0.79290754526649659E-001
  3 7 -0.97442029362772062E-001
  3 8 0.30278753098709588E-001
  3 9 -0.96862030189593440E-001
  3 10 0.30278753098709588E-001
  3 11 -0.97442029362772062E-001
  3 12 0.79290754526649659E-001
  3 13 0.30278753098709588E-001
  3 14 -0.97442029362772062E-001
  3 15 0.79290754526649659E-001
  3 16 -0.97442029362772062E-001
  3 17 0.30278753098709588E-001
  3 18 -0.96862030189593440E-001
  4 2 0.79290754526649659E-001
  4 3 -0.96862030189593440E-001
  4 5 -0.96862030189593440E-001
  4 6 0.79290754526649659E-001
  4 7 0.79290754526649659E-001
  4 8 -0.97442029362772062E-001
  4 9 0.30278753098709588E-001
  4 10 -0.96862030189593440E-001
  4 11 0.30278753098709588E-001
  4 12 -0.97442029362772062E-001
  4 13 -0.96862030189593440E-001
  4 14 0.30278753098709588E-001
  4 15 -0.97442029362772062E-001
  4 16 0.79290754526649659E-001
  4 17 -0.97442029362772062E-001
  4 18 0.30278753098709588E-001
  5 1 0.79290754526649659E-001
  5 3 0.79290754526649659E-001
  5 4 -0.96862030189593440E-001
  5 6 -0.96862030189593440E-001
  5 7 -0.97442029362772062E-001
  5 8 0.79290754526649659E-001
  5 9 -0.97442029362772062E-001
  5 10 0.30278753098709588E-001
  5 11 -0.96862030189593440E-001
  5 12 0.30278753098709588E-001
  5 13 0.30278753098709588E-001
  5 14 -0.96862030189593440E-001
  5 15 0.30278753098709588E-001
  5 16 -0.97442029362772062E-001
  5 17 0.79290754526649659E-001
  5 18 -0.97442029362772062E-001
  6 1 -0.96862030189593440E-001
  6 2 0.79290754526649659E-001
  6 4 0.79290754526649659E-001
  6 5 -0.96862030189593440E-001
  6 7 0.30278753098709588E-001
  6 8 -0.97442029362772062E-001
  6 9 0.79290754526649659E-001
  6 10 -0.97442029362772062E-001
  6 11 0.30278753098709588E-001
  6 12 -0.96862030189593440E-001
  6 13 -0.97442029362772062E-001
  6 14 0.30278753098709588E-001
  6 15 -0.96862030189593440E-001
  6 16 0.30278753098709588E-001
  6 17 -0.97442029362772062E-001
  6 18 0.79290754526649659E-001
  7 1 -0.96862030189593440E-001
  7 2 0.30278753098709588E-001
  7 3 -0.97442029362772062E-001
  7 4 0.79290754526649659E-001
  7 5 -0.97442029362772062E-001
  7 6 0.30278753098709588E-001
  7 8 -0.96862030189593440E-001
  7 9 0.79290754526649659E-001
  7 11 0.79290754526649659E-001
  7 12 -0.96862030189593440E-001
  7 13 -0.96862030189593440E-001
  7 14 0.30278753098709588E-001
  7 15 -0.97442029362772062E-001
  7 16 0.79290754526649659E-001
  7 17 -0.97442029362772062E-001
  7 18 0.30278753098709588E-001
  8 1 0.30278753098709588E-001
  8 2 -0.96862030189593440E-001
  8 3 0.30278753098709588E-001
  8 4 -0.97442029362772062E-001
  8 5 0.79290754526649659E-001
  8 6 -0.97442029362772062E-001
  8 7 -0.96862030189593440E-001
  8 9 -0.96862030189593440E-001
  8 10 0.79290754526649659E-001
  8 12 0.79290754526649659E-001
  8 13 0.30278753098709588E-001
  8 14 -0.96862030189593440E-001
  8 15 0.30278753098709588E-001
  8 16 -0.97442029362772062E-001
  8 17 0.79290754526649659E-001
  8 18 -0.97442029362772062E-001
  9 1 -0.97442029362772062E-001
  9 2 0.30278753098709588E-001
  9 3 -0.96862030189593440E-001
  9 4 0.30278753098709588E-001
  9 5 -0.97442029362772062E-001
  9 6 0.79290754526649659E-001
  9 7 0.79290754526649659E-001
  9 8 -0.96862030189593440E-001
  9 10 -0.96862030189593440E-001
  9 11 0.79290754526649659E-001
  9 13 -0.97442029362772062E-001
  9 14 0.30278753098709588E-001
  9 15 -0.96862030189593440E-001
  9 16 0.30278753098709588E-001
  9 17 -0.97442029362772062E-001
  9 18 0.79290754526649659E-001
  10 1 0.79290754526649659E-001
  10 2 -0.97442029362772062E-001
  10 3 0.30278753098709588E-001
  10 4 -0.96862030189593440E-001
  10 5 0.30278753098709588E-001
  10 6 -0.97442029362772062E-001
  10 8 0.79290754526649659E-001
  10 9 -0.96862030189593440E-001
  10 11 -0.96862030189593440E-001
  10 12 0.79290754526649659E-001
  10 13 0.79290754526649659E-001
  10 14 -0.97442029362772062E-001
  10 15 0.30278753098709588E-001
  10 16 -0.96862030189593440E-001
  10 17 0.30278753098709588E-001
  10 18 -0.97442029362772062E-001
  11 1 -0.97442029362772062E-001
  11 2 0.79290754526649659E-001
  11 3 -0.97442029362772062E-001
  11 4 0.30278753098709588E-001
  11 5 -0.96862030189593440E-001
  11 6 0.30278753098709588E-001
  11 7 0.79290754526649659E-001
  11 9 0.79290754526649659E-001
  11 10 -0.96862030189593440E-001
  11 12 -0.96862030189593440E-001
  11 13 -0.97442029362772062E-001
  11 14 0.79290754526649659E-001
  11 15 -0.97442029362772062E-001
  11 16 0.30278753098709588E-001
  11 17 -0.96862030189593440E-001
  11 18 0.30278753098709588E-001
  12 1 0.30278753098709588E-001
  12 2 -0.97442029362772062E-001
  12 3 0.79290754526649659E-001
  12 4 -0.97442029362772062E-001
  12 5 0.30278753098709588E-001
  12 6 -0.96862030189593440E-001
  12 7 -0.96862030189593440E-001
  12 8 0.79290754526649659E-001
  12 10 0.79290754526649659E-001
  12 11 -0.96862030189593440E-001
  12 13 0.30278753098709588E-001
  12 14 -0.97442029362772062E-001
  12 15 0.79290754526649659E-001
  12 16 -0.97442029362772062E-001
  12 17 0.30278753098709588E-001
  12 18 -0.96862030189593440E-001
  13 1 0.79290754526649659E-001
  13 2 -0.97442029362772062E-001
  13 3 0.30278753098709588E-001
  13 4 -0.96862030189593440E-001
  13 5 0.30278753098709588E-001
  13 6 -0.97442029362772062E-001
  13 7 -0.96862030189593440E-001
  13 8 0.30278753098709588E-001
  13 9 -0.97442029362772062E-001
  13 10 0.79290754526649659E-001
  13 11 -0.97442029362772062E-001
  13 12 0.30278753098709588E-001
  13 14 -0.96862030189593440E-001
  13 15 0.79290754526649659E-001
  13 17 0.79290754526649659E-001
  13 18 -0.96862030189593440E-001
  14 1 -0.97442029362772062E-001
  14 2 0.79290754526649659E-001
  14 3 -0.97442029362772062E-001
  14 4 0.30278753098709588E-001
  14 5 -0.96862030189593440E-001
  14 6 0.30278753098709588E-001
  14 7 0.30278753098709588E-001
  14 8 -0.96862030189593440E-001
  14 9 0.30278753098709588E-001
  14 10 -0.97442029362772062E-001
  14 11 0.79290754526649659E-001
  14 12 -0.97442029362772062E-001
  14 13 -0.96862030189593440E-001
  14 15 -0.96862030189593440E-001
  14 16 0.79290754526649659E-001
  14 18 0.79290754526649659E-001
  15 1 0.30278753098709588E-001
  15 2 -0.97442029362772062E-001
  15 3 0.79290754526649659E-001
  15 4 -0.97442029362772062E-001
  15 5 0.30278753098709588E-001
  15 6 -0.96862030189593440E-001
  15 7 -0.97442029362772062E-001
  15 8 0.30278753098709588E-001
  15 9 -0.96862030189593440E-001
  15 10 0.30278753098709588E-001
  15 11 -0.97442029362772062E-001
  15 12 0.79290754526649659E-001
  15 13 0.79290754526649659E-001
  15 14 -0.96862030189593440E-001
  15 16 -0.96862030189593440E-001
  15 17 0.79290754526649659E-001
  16 1 -0.96862030189593440E-001
  16 2 0.30278753098709588E-001
  16 3 -0.97442029362772062E-001
  16 4 0.79290754526649659E-001
  16 5 -0.97442029362772062E-001
  16 6 0.30278753098709588E-001
  16 7 0.79290754526649659E-001
  16 8 -0.97442029362772062E-001
  16 9 0.30278753098709588E-001
  16 10 -0.96862030189593440E-001
  16 11 0.30278753098709588E-001
  16 12 -0.97442029362772062E-001
  16 14 0.79290754526649659E-001
  16 15 -0.96862030189593440E-001
  16 17 -0.96862030189593440E-001
  16 18 0.79290754526649659E-001
  17 1 0.30278753098709588E-001
  17 2 -0.96862030189593440E-001
  17 3 0.30278753098709588E-001
  17 4 -0.97442029362772062E-001
  17 5 0.79290754526649659E-001
  17 6 -0.97442029362772062E-001
  17 7 -0.97442029362772062E-001
  17 8 0.79290754526649659E-001
  17 9 -0.97442029362772062E-001
  17 10 0.30278753098709588E-001
  17 11 -0.96862030189593440E-001
  17 12 0.30278753098709588E-001
  17 13 0.79290754526649659E-001
  17 15 0.79290754526649659E-001
  17 16 -0.96862030189593440E-001
  17 18 -0.96862030189593440E-001
  18 1 -0.97442029362772062E-001
  18 2 0.30278753098709588E-001
  18 3 -0.96862030189593440E-001
  18 4 0.30278753098709588E-001
  18 5 -0.97442029362772062E-001
  18 6 0.79290754526649659E-001
  18 7 0.30278753098709588E-001
  18 8 -0.97442029362772062E-001
  18 9 0.79290754526649659E-001
  18 10 -0.97442029362772062E-001
  18 11 0.30278753098709588E-001
  18 12 -0.96862030189593440E-001
  18 13 -0.96862030189593440E-001
  18 14 0.79290754526649659E-001
  18 16 0.79290754526649659E-001
  18 17 -0.96862030189593440E-001
TERM-20
  1 2 -0.70597988452731991E-001
  1 3 0.25970956354898236E-001
  1 4 -0.42939454678578945E-001
  1 5 0.25970956354898236E-001
  1 6 -0.70597988452731991E-001
  1 7 -0.70597988452731991E-001
  1 8 0.13189280339762338
  1 9 0.21975514375362229E-001
  1 10 0.25970956354898236E-001
  1 11 0.21975514375362229E-001
  1 12 0.13189280339762338
  1 13 0.25970956354898236E-001
  1 14 0.21975514375362229E-001
  1 15 0.13189280339762338
  1 16 -0.70597988452731991E-001
  1 17 0.13189280339762338
  1 18 0.21975514375362229E-001
  2 1 -0.70597988452731991E-001
  2 3 -0.70597988452731991E-001
  2 4 0.25970956354898236E-001
  2 5 -0.42939454678578945E-001
  2 6 0.25970956354898236E-001
  2 7 0.13189280339762338
  2 8 -0.70597988452731991E-001
  2 9 0.13189280339762338
  2 10 0.21975514375362229E-001
  2 11 0.25970956354898236E-001
  2 12 0.21975514375362229E-001
  2 13 0.21975514375362229E-001
  2 14 0.25970956354898236E-001
  2 15 0.21975514375362229E-001
  2 16 0.13189280339762338
  2 17 -0.70597988452731991E-001
  2 18 0.13189280339762338
  3 1 0.25970956354898236E-001
  3 2 -0.70597988452731991E-001
  3 4 -0.70597988452731991E-001
  3 5 0.25970956354898236E-001
  3 6 -0.42939454678578945E-001
  3 7 0.21975514375362229E-001
  3 8 0.13189280339762338
  3 9 -0.70597988452731991E-001
  3 10 0.13189280339762338
  3 11 0.21975514375362229E-001
  3 12 0.25970956354898236E-001
  3 13 0.13189280339762338
  3 14 0.21975514375362229E-001
  3 15 0.25970956354898236E-001
  3 16 0.21975514375362229E-001
  3 17 0.13189280339762338
  3 18 -0.70597988452731991E-001
  4 1 -0.42939454678578945E-001
  4 2 0.25970956354898236E-001
  4 3 -0.70597988452731991E-001
  4 5 -0.70597988452731991E-001
  4 6 0.25970956354898236E-001
  4 7 0.25970956354898236E-001
  4 8 0.21975514375362229E-001
  4 9 0.13189280339762338
  4 10 -0.70597988452731991E-001
  4 11 0.13189280339762338
  4 12 0.21975514375362229E-001
  4 13 -0.70597988452731991E-001
  4 14 0.13189280339762338
  4 15 0.21975514375362229E-001
  4 16 0.25970956354898236E-001
  4 17 0.21975514375362229E-001
  4 18 0.13189280339762338
  5 1 0.25970956354898236E-001
  5 2 -0.42939454678578945E-001
  5 3 0.25970956354898236E-001
  5 4 -0.70597988452731991E-001
  5 6 -0.70597988452731991E-001
  5 7 0.21975514375362229E-001
  5 8 0.25970956354898236E-001
  5 9 0.21975514375362229E-001
  5 10 0.13189280339762338
  5 11 -0.70597988452731991E-001
  5 12 0.13189280339762338
  5 13 0.13189280339762338
  5 14 -0.70597988452731991E-001
  5 15 0.13189280339762338
  5 16 0.21975514375362229E-001
  5 17 0.25970956354898236E-001
  5 18 0.21975514375362229E-001
  6 1 -0.70597988452731991E-001
  6 2 0.25970956354898236E-001
  6 3 -0.42939454678578945E-001
  6 4 0.25970956354898236E-001
  6 5 -0.70597988452731991E-001
  6 7 0.13189280339762338
  6 8 0.21975514375362229E-001
  6 9 0.25970956354898236E-001
  6 10 0.21975514375362229E-001
  6 11 0.13189280339762338
  6 12 -0.70597988452731991E-001
  6 13 0.21975514375362229E-001
  6 14 0.13189280339762338
  6 15 -0.70597988452731991E-001
  6 16 0.13189280339762338
  6 17 0.21975514375362229E-001
  6 18 0.25970956354898236E-001
  7 1 -0.70597988452731991E-001
  7 2 0.13189280339762338
  7 3 0.21975514375362229E-001
  7 4 0.25970956354898236E-001
  7 5 0.21975514375362229E-001
  7 6 0.13189280339762338
  7 8 -0.70597988452731991E-001
  7 9 0.25970956354898236E-001
  7 10 -0.42939454678578945E-001
  7 11 0.25970956354898236E-001
  7 12 -0.70597988452731991E-001
  7 13 -0.70597988452731991E-001
  7 14 0.13189280339762338
  7 15 0.21975514375362229E-001
  7 16 0.25970956354898236E-001
  7 17 0.21975514375362229E-001
  7 18 0.13189280339762338
  8 1 0.13189280339762338
  8 2 -0.70597988452731991E-001
  8 3 0.13189280339762338
  8 4 0.21975514375362229E-001
  8 5 0.25970956354898236E-001
  8 6 0.21975514375362229E-001
  8 7 -0.70597988452731991E-001
  8 9 -0.70597988452731991E-001
  8 10 0.25970956354898236E-001
  8 11 -0.42939454678578945E-001
  8 12 0.25970956354898236E-001
  8 13 0.13189280339762338
  8 14 -0.70597988452731991E-001
  8 15 0.13189280339762338
  8 16 0.21975514375362229E-001
  8 17 0.25970956354898236E-001
  8 18 0.21975514375362229E-001
  9 1 0.21975514375362229E-001
  9 2 0.13189280339762338
  9 3 -0.70597988452731991E-001
  9 4 0.13189280339762338
  9 5 0.21975514375362229E-001
  9 6 0.25970956354898236E-001
  9 7 0.25970956354898236E-001
  9 8 -0.70597988452731991E-001
  9 10 -0.70597988452731991E-001
  9 11 0.25970956354898236E-001
  9 12 -0.42939454678578945E-001
  9 13 0.21975514375362229E-001
  9 14 0.13189280339762338
  9 15 -0.70597988452731991E-001
  9 16 0.13189280339762338
  9 17 0.21975514375362229E-001
  9 18 0.25970956354898236E-001
  10 1 0.25970956354898236E-001
  10 2 0.21975514375362229E-001
  10 3 0.13189280339762338
  10 4 -0.70597988452731991E-001
  10 5 0.13189280339762338
  10 6 0.21975514375362229E-001
  10 7 -0.42939454678578945E-001
  10 8 0.25970956354898236E-001
  10 9 -0.70597988452731991E-001
  10 11 -0.70597988452731991E-001
  10 12 0.25970956354898236E-001
  10 13 0.25970956354898236E-001
  10 14 0.21975514375362229E-001
  10 15 0.13189280339762338
  10 16 -0.70597988452731991E-001
  10 17 0.13189280339762338
  10 18 0.21975514375362229E-001
  11 1 0.21975514375362229E-001
  11 2 0.25970956354898236E-001
  11 3 0.21975514375362229E-001
  11 4 0.13189280339762338
  11 5 -0.70597988452731991E-001
  11 6 0.13189280339762338
  11 7 0.25970956354898236E-001
  11 8 -0.42939454678578945E-001
  11 9 0.25970956354898236E-001
  11 10 -0.70597988452731991E-001
  11 12 -0.70597988452731991E-001
  11 13 0.21975514375362229E-001
  11 14 0.25970956354898236E-001
  11 15 0.21975514375362229E-001
  11 16 0.13189280339762338
  11 17 -0.70597988452731991E-001
  11 18 0.13189280339762338
  12 1 0.13189280339762338
  12 2 0.21975514375362229E-001
  12 3 0.25970956354898236E-001
  12 4 0.21975514375362229E-001
  12 5 0.13189280339762338
  12 6 -0.70597988452731991E-001
  12 7 -0.70597988452731991E-001
  12 8 0.25970956354898236E-001
  12 9 -0.42939454678578945E-001
  12 10 0.25970956354898236E-001
  12 11 -0.70597988452731991E-001
  12 13 0.13189280339762338
  12 14 0.21975514375362229E-001
  12 15 0.25970956354898236E-001
  12 16 0.21975514375362229E-001
  12 17 0.13189280339762338
  12 18 -0.70597988452731991E-001
  13 1 0.25970956354898236E-001
  13 2 0.21975514375362229E-001
  13 3 0.13189280339762338
  13 4 -0.70597988452731991E-001
  13 5 0.13189280339762338
  13 6 0.21975514375362229E-001
  13 7 -0.70597988452731991E-001
  13 8 0.13189280339762338
  13 9 0.21975514375362229E-001
  13 10 0.25970956354898236E-001
  13 11 0.21975514375362229E-001
  13 12 0.13189280339762338
  13 14 -0.70597988452731991E-001
  13 15 0.25970956354898236E-001
  13 16 -0.42939454678578945E-001
  13 17 0.25970956354898236E-001
  13 18 -0.70597988452731991E-001
  14 1 0.21975514375362229E-001
  14 2 0.25970956354898236E-001
  14 3 0.21975514375362229E-001
  14 4 0.13189280339762338
  14 5 -0.70597988452731991E-001
  14 6 0.13189280339762338
  14 7 0.13189280339762338
  14 8 -0.70597988452731991E-001
  14 9 0.13189280339762338
  14 10 0.21975514375362229E-001
  14 11 0.25970956354898236E-001
  14 12 0.21975514375362229E-001
  14 13 -0.70597988452731991E-001
  14 15 -0.70597988452731991E-001
  14 16 0.25970956354898236E-001
  14 17 -0.42939454678578945E-001
  14 18 0.25970956354898236E-001
  15 1 0.13189280339762338
  15 2 0.21975514375362229E-001
  15 3 0.25970956354898236E-001
  15 4 0.21975514375362229E-001
  15 5 0.13189280339762338
  15 6 -0.70597988452731991E-001
  15 7 0.21975514375362229E-001
  15 8 0.13189280339762338
  15 9 -0.70597988452731991E-001
  15 10 0.13189280339762338
  15 11 0.21975514375362229E-001
  15 12 0.25970956354898236E-001
  15 13 0.25970956354898236E-001
  15 14 -0.70597988452731991E-001
  15 16 -0.70597988452731991E-001
  15 17 0.25970956354898236E-001
  15 18 -0.42939454678578945E-001
  16 1 -0.70597988452731991E-001
  16 2 0.13189280339762338
  16 3 0.21975514375362229E-001
  16 4 0.25970956354898236E-001
  16 5 0.21975514375362229E-001
  16 6 0.13189280339762338
  16 7 0.25970956354898236E-001
  16 8 0.21975514375362229E-001
  16 9 0.13189280339762338
  16 10 -0.70597988452731991E-001
  16 11 0.13189280339762338
  16 12 0.21975514375362229E-001
  16 13 -0.42939454678578945E-001
  16 14 0.25970956354898236E-001
  16 15 -0.70597988452731991E-001
  16 17 -0.70597988452731991E-001
  16 18 0.25970956354898236E-001
  17 1 0.13189280339762338
  17 2 -0.70597988452731991E-001
  17 3 0.13189280339762338
  17 4 0.21975514375362229E-001
  17 5 0.25970956354898236E-001
  17 6 0.21975514375362229E-001
  17 7 0.21975514375362229E-001
  17 8 0.25970956354898236E-001
  17 9 0.21975514375362229E-001
  17 10 0.13189280339762338
  17 11 -0.70597988452731991E-001
  17 12 0.13189280339762338
  17 13 0.25970956354898236E-001
  17 14 -0.42939454678578945E-001
  17 15 0.25970956354898236E-001
  17 16 -0.70597988452731991E-001
  17 18 -0.70597988452731991E-001
  18 1 0.21975514375362229E-001
  18 2 0.13189280339762338
  18 3 -0.70597988452731991E-001
  18 4 0.13189280339762338
  18 5 0.21975514375362229E-001
  18 6 0.25970956354898236E-001
  18 7 0.13189280339762338
  18 8 0.21975514375362229E-001
  18 9 0.25970956354898236E-001
  18 10 0.21975514375362229E-001
  18 11 0.13189280339762338
  18 12 -0.70597988452731991E-001
  18 13 -0.70597988452731991E-001
  18 14 0.25970956354898236E-001
  18 15 -0.42939454678578945E-001
  18 16 0.25970956354898236E-001
  18 17 -0.70597988452731991E-001
