# of blocks mean (X_1)     std.err. (X_1)  std.err.err. (X_1)  
# from 50000 to 0
2049        -1.67857025329 6.28542024e-05  9.82096912e-07       
1024        -1.67857042773 8.15209290e-05  1.80225528e-06       
512         -1.67857042773 9.36283990e-05  2.92874897e-06       
256         -1.67857042773 9.70337909e-05  4.29672848e-06       
128         -1.67857042773 9.88937913e-05  6.20514835e-06       
64          -1.67857042773 8.78169457e-05  7.82335532e-06       
32          -1.67857042773 6.15037088e-05  7.81097883e-06       
16          -1.67857042773 4.82428143e-05  8.80789254e-06       
8           -1.67857042773 4.07731096e-05  1.08970719e-05       
4           -1.67857042773 4.27017693e-05  1.74329243e-05       
2           -1.67857042773 2.76669922e-05  1.95635178e-05       
