# of blocks mean (X_1)     std.err. (X_1)  std.err.err. (X_1)  
# from 50000 to 0
2049        -0.683531427672 4.40904871e-06  6.88913861e-08       
1024        -0.683531491406 5.69217043e-06  1.25841846e-07       
512         -0.683531491406 6.65219392e-06  2.08084367e-07       
256         -0.683531491406 7.01282735e-06  3.10533214e-07       
128         -0.683531491406 7.14809867e-06  4.48511601e-07       
64          -0.683531491406 6.32143297e-06  5.63158009e-07       
32          -0.683531491406 7.60813975e-06  9.66234715e-07       
16          -0.683531491406 8.58440083e-06  1.56728999e-06       
8           -0.683531491406 7.21811089e-06  1.92912128e-06       
4           -0.683531491406 4.37454233e-06  1.78589943e-06       
2           -0.683531491406 7.47685547e-06  5.28693520e-06       
