# No.Blocks      Mean       Error        Error_in_Error
        1964 -0.68351618248472534        4.5338475895652126E-006   7.2358868844883327E-008
         982 -0.68351618248472590        5.8955017638741984E-006   1.3309792109311383E-007
         491 -0.68351618248472512        6.7949090455422515E-006   2.1705540752515267E-007
         245 -0.68351660224489807        7.1013444239134285E-006   3.2146275766194059E-007
         122 -0.68351646229508234        7.2289694853355723E-006   4.6469575855194635E-007
          61 -0.68351646229508167        7.9375405294877959E-006   7.2459499985199432E-007
          30 -0.68351775026041683        8.0939111328745470E-006   1.0627825987413527E-006
          15 -0.68351775026041683        7.4752464741024493E-006   1.4126887970991081E-006
           7 -0.68351605781250002        7.5794042091864016E-006   2.1879855302353759E-006
           3 -0.68351876289062508        6.5249142126096912E-006   3.2624571063048456E-006
