# No.Blocks      Mean       Error        Error_in_Error
        2220  -10072.622391706489        8.4762755931116832E-002   1.2723641376023690E-003
        1110  -10072.622391706489       0.11901956466769643        2.5271882083882794E-003
         555  -10072.622391706489       0.16612400507651584        4.9907120469182293E-003
         277  -10072.629996263979       0.22918087082245181        9.7545856506294631E-003
         138  -10072.629543551451       0.31204786302001758        1.8851500822686135E-002
          69  -10072.629543551449       0.41301500542131003        3.5415744536190140E-002
          34  -10072.631844897796       0.52491314998962557        6.4612342266881118E-002
          17  -10072.631844897795       0.63067946070543679       0.11148943085497226     
           8  -10072.764253807862       0.75254857345809945       0.20112706634183500     
           4  -10072.764253807862       0.57046418303069890       0.23289102749314711     
           2  -10072.764253807862       0.50807291604008320       0.35926180426916621     
