# No.Blocks      Mean       Error        Error_in_Error
        2278  -4.6659757164179059        2.3632235841917125E-005   3.5019367590997605E-007
        1139  -4.6659757164179032        3.0653812583622581E-005   6.4253733690036225E-007
         569  -4.6659742482425353        3.5844936287714573E-005   1.0635028231346732E-006
         284  -4.6659743208626789        3.4944603011620119E-005   1.4688312218815617E-006
         142  -4.6659743208626789        3.7134103301362656E-005   2.2113036718336081E-006
          71  -4.6659743208626754        4.0405159649828138E-005   3.4148592591037228E-006
          35  -4.6659680955357148        4.3956706774328249E-005   5.3305336760252566E-006
          17  -4.6659737522977940        4.5002785742598468E-005   7.9554437427191637E-006
           8  -4.6659754716796868        4.7137402180678815E-005   1.2598000647333641E-005
           4  -4.6659754716796868        5.5089484453163689E-005   2.2490187850539638E-005
           2  -4.6659754716796868        8.9965843716408137E-005   6.3615458167041341E-005
