   2   3   5   6   7   8   9  10  11  14   -1.00000000000E+00  -1.65602191834E+03   1.80788421051E-01
   1   4   5   6   7   8   9  10  12  13   -1.00000000000E+00  -1.65602191834E+03   1.80788421051E-01
   3   4   5   6   7   8   9  10  11  12    9.96809883738E-01  -1.65604191220E+03   1.67934844134E-01
   1   2   5   6   7   8   9  10  13  14    9.61782527025E-01  -1.65603150787E+03   2.07113216130E-01
   2   3   5   6   7   8   9  10  11  12   -7.15085875315E-01  -1.65601818412E+03   4.03047266360E-01
   1   4   5   6   7   8   9  10  11  12    7.15085875315E-01  -1.65601818412E+03   4.03047266360E-01
   1   3   4   5   6   7   8   9  10  12    7.07468571046E-01  -1.65601690554E+03   3.77094757701E-01
   2   3   4   5   6   7   8   9  10  11   -7.07468571046E-01  -1.65601690554E+03   3.77094757701E-01
   1   2   5   6   7   8   9  10  12  13   -7.08094866799E-01  -1.65600697790E+03   4.05264638168E-01
   1   2   5   6   7   8   9  10  11  14    7.08094866799E-01  -1.65600697790E+03   4.05264638168E-01
   1   2   4   5   6   7   8   9  10  13    6.97694244165E-01  -1.65601879855E+03   3.96227810337E-01
   1   2   3   5   6   7   8   9  10  14   -6.97694244165E-01  -1.65601879855E+03   3.96227810337E-01
   4   5   6   7   8   9  10  11  12  13    6.76271825192E-01  -1.65601686395E+03   3.68230978024E-01
   3   5   6   7   8   9  10  11  12  14   -6.76271825192E-01  -1.65601686395E+03   3.68230978024E-01
   2   5   6   7   8   9  10  11  13  14   -6.62843594155E-01  -1.65600909677E+03   3.72410249823E-01
   1   5   6   7   8   9  10  12  13  14    6.62843594155E-01  -1.65600909677E+03   3.72410249823E-01
   3   4   5   6   7   8   9  10  12  13   -6.56038723934E-01  -1.65601868452E+03   3.47073669392E-01
   3   4   5   6   7   8   9  10  11  14    6.56038723934E-01  -1.65601868452E+03   3.47073669392E-01
   2   3   5   6   7   8   9  10  13  14   -6.40551853416E-01  -1.65601443527E+03   3.73799846166E-01
   1   4   5   6   7   8   9  10  13  14    6.40551853416E-01  -1.65601443527E+03   3.73799846166E-01
   1   2   3   5   6   7   8   9  10  12   -5.09712247927E-01  -1.65601013888E+03   5.81436793371E-01
   1   2   4   5   6   7   8   9  10  11    5.09712247927E-01  -1.65601013888E+03   5.81436793371E-01
   1   3   5   6   7   8   9  10  12  14    5.05902735403E-01  -1.65600161896E+03   4.71982118585E-01
   2   4   5   6   7   8   9  10  11  13    5.05902735403E-01  -1.65600161896E+03   4.71982118585E-01
   1   4   5   6   7   8   9  10  11  14    4.93371567552E-01  -1.65602517324E+03   5.07858178797E-01
   2   3   5   6   7   8   9  10  12  13    4.93371567552E-01  -1.65602517324E+03   5.07858178797E-01
   1   5   6   7   8   9  10  11  12  14   -4.82573056135E-01  -1.65600833153E+03   6.15402852080E-01
   2   5   6   7   8   9  10  11  12  13    4.82573056135E-01  -1.65600833153E+03   6.15402852080E-01
   1   2   5   6   7   8   9  10  11  12    4.78378952640E-01  -1.65592741076E+03   8.51594908807E-01
   1   3   4   5   6   7   8   9  10  14    4.62037553775E-01  -1.65601401842E+03   6.00133200176E-01
   2   3   4   5   6   7   8   9  10  13   -4.62037553775E-01  -1.65601401842E+03   6.00133200176E-01
   1   2   3   4   5   6   7   8   9  10    4.62543241800E-01  -1.65596100540E+03   8.28537228187E-01
   3   5   6   7   8   9  10  12  13  14    4.42978334712E-01  -1.65603266747E+03   4.90036726243E-01
   4   5   6   7   8   9  10  11  13  14   -4.42978334712E-01  -1.65603266747E+03   4.90036726243E-01
   5   6   7   8   9  10  11  12  13  14    4.22234059271E-01  -1.65593716622E+03   8.23009461082E-01
   3   4   5   6   7   8   9  10  13  14    3.95588433914E-01  -1.65593410439E+03   7.89019649377E-01
   2   3   5   7   8   9  10  11  12  14    3.55318644411E-01  -1.65600668164E+03   8.35799960546E-01
   1   4   6   7   8   9  10  11  12  13    3.55318644411E-01  -1.65600668164E+03   8.35799960546E-01
   1   2   5   7   8   9  10  12  13  14    3.48192347807E-01  -1.65592680735E+03   8.04020586229E-01
   1   2   6   7   8   9  10  11  13  14   -3.48192347807E-01  -1.65592680735E+03   8.04020586229E-01
   2   3   4   5   6   7   9  10  11  14   -3.43114040275E-01  -1.65596550502E+03   3.70588517342E-01
   1   3   4   5   6   8   9  10  12  13   -3.43114040275E-01  -1.65596550502E+03   3.70588517342E-01
   1   2   4   5   6   7   9  10  12  13   -3.37577040267E-01  -1.65597064623E+03   3.79666871219E-01
   1   2   3   5   6   8   9  10  11  14   -3.37577040267E-01  -1.65597064623E+03   3.79666871219E-01
   1   2   4   5   6   7   9  10  13  14    3.37220131656E-01  -1.65587286481E+03   3.66507413190E-01
   1   2   3   5   6   8   9  10  13  14   -3.37220131656E-01  -1.65587286481E+03   3.66507413190E-01
   2   3   4   5   6   7   9  10  11  12   -3.43585440616E-01  -1.65595796456E+03   3.85716648742E-01
   1   3   4   5   6   8   9  10  11  12    3.43585440616E-01  -1.65595796456E+03   3.85716648742E-01
   2   3   6   7   8   9  10  11  13  14    3.20614825664E-01  -1.65598282338E+03   6.82157570945E-01
   1   4   5   7   8   9  10  12  13  14    3.20614825664E-01  -1.65598282338E+03   6.82157570945E-01
   3   4   5   7   8   9  10  11  12  14   -3.29860474540E-01  -1.65596517747E+03   6.74046345967E-01
   3   4   6   7   8   9  10  11  12  13    3.29860474540E-01  -1.65596517747E+03   6.74046345967E-01
   1   2   3   5   7   8   9  10  12  14   -2.51418900117E-01  -1.65600760635E+03   1.04591277049E+00
   1   2   4   6   7   8   9  10  11  13   -2.51418900117E-01  -1.65600760635E+03   1.04591277049E+00
   1   2   6   7   8   9  10  11  12  13    2.47889485655E-01  -1.65605032286E+03   1.22759216873E+00
   1   2   5   7   8   9  10  11  12  14   -2.47889485655E-01  -1.65605032286E+03   1.22759216873E+00
   1   2   4   5   6   7   9  10  11  14    2.50338574124E-01  -1.65597785207E+03   6.81361666583E-01
   1   2   3   5   6   8   9  10  12  13    2.50338574124E-01  -1.65597785207E+03   6.81361666583E-01
   1   2   4   5   6   7   9  10  11  12    2.38280423854E-01  -1.65608516690E+03   7.68662970554E-01
   1   2   3   5   6   8   9  10  11  12   -2.38280423854E-01  -1.65608516690E+03   7.68662970554E-01
   1   2   3   4   5   6   7   9  10  14   -2.35144464137E-01  -1.65600209333E+03   7.06343302416E-01
   1   2   3   4   5   6   8   9  10  13    2.35144464137E-01  -1.65600209333E+03   7.06343302416E-01
   2   3   6   7   8   9  10  11  12  13   -2.40216618808E-01  -1.65601318871E+03   9.52054041400E-01
   1   4   5   7   8   9  10  11  12  14   -2.40216618808E-01  -1.65601318871E+03   9.52054041400E-01
   1   2   3   4   5   6   7   9  10  12   -2.34582979599E-01  -1.65605810493E+03   7.38742634151E-01
   1   2   3   4   5   6   8   9  10  11    2.34582979599E-01  -1.65605810493E+03   7.38742634151E-01
   2   3   5   7   8   9  10  12  13  14   -2.33976729221E-01  -1.65598858755E+03   9.31169249778E-01
   1   4   6   7   8   9  10  11  13  14   -2.33976729221E-01  -1.65598858755E+03   9.31169249778E-01
   2   5   7   8   9  10  11  12  13  14    2.36335757729E-01  -1.65613091636E+03   1.01081266990E+00
   1   6   7   8   9  10  11  12  13  14   -2.36335757729E-01  -1.65613091636E+03   1.01081266990E+00
   2   3   4   6   7   8   9  10  11  13    2.31139973197E-01  -1.65603407726E+03   9.34543937460E-01
   1   3   4   5   7   8   9  10  12  14    2.31139973197E-01  -1.65603407726E+03   9.34543937460E-01
   2   4   5   6   7   9  10  11  13  14   -2.33889480099E-01  -1.65606492522E+03   4.79711164458E-01
   1   3   5   6   8   9  10  12  13  14   -2.33889480099E-01  -1.65606492522E+03   4.79711164458E-01
   2   4   5   6   7   9  10  11  12  13    2.34761829649E-01  -1.65611201478E+03   5.20863941079E-01
   1   3   5   6   8   9  10  11  12  14    2.34761829649E-01  -1.65611201478E+03   5.20863941079E-01
   2   3   4   5   6   7   9  10  12  13    2.28274675812E-01  -1.65597583526E+03   5.54301515197E-01
   1   3   4   5   6   8   9  10  11  14    2.28274675812E-01  -1.65597583526E+03   5.54301515197E-01
   1   3   4   5   6   8   9  10  13  14    2.16088435450E-01  -1.65602680531E+03   5.70517025552E-01
   2   3   4   5   6   7   9  10  13  14   -2.16088435450E-01  -1.65602680531E+03   5.70517025552E-01
   4   5   7   8   9  10  11  12  13  14    2.20084434402E-01  -1.65610884782E+03   8.42428309607E-01
   3   6   7   8   9  10  11  12  13  14   -2.20084434402E-01  -1.65610884782E+03   8.42428309607E-01
   3   4   5   7   8   9  10  12  13  14    2.05800385084E-01  -1.65606755991E+03   9.30500117848E-01
   3   4   6   7   8   9  10  11  13  14   -2.05800385084E-01  -1.65606755991E+03   9.30500117848E-01
   1   2   4   5   7   8   9  10  12  13    1.61279232545E-01  -1.65594989573E+03   2.30625434896E+00
   1   2   3   6   7   8   9  10  11  14    1.61279232545E-01  -1.65594989573E+03   2.30625434896E+00
   2   3   4   5   7   8   9  10  11  12    1.64900713132E-01  -1.65596437586E+03   2.34385247345E+00
   1   3   4   6   7   8   9  10  11  12   -1.64900713132E-01  -1.65596437586E+03   2.34385247345E+00
   2   3   5   6   8   9  10  11  13  14    1.50731697092E-01  -1.65610126353E+03   1.58491010990E+00
   1   4   5   6   7   9  10  12  13  14    1.50731697092E-01  -1.65610126353E+03   1.58491010990E+00
   3   4   5   6   8   9  10  11  12  13    1.55961292835E-01  -1.65606669639E+03   1.58826084781E+00
   3   4   5   6   7   9  10  11  12  14   -1.55961292835E-01  -1.65606669639E+03   1.58826084781E+00
   1   3   4   6   7   8   9  10  12  13   -1.24391127610E-01  -1.65597501467E+03   3.27705117983E+00
   2   3   4   5   7   8   9  10  11  14   -1.24391127610E-01  -1.65597501467E+03   3.27705117983E+00
   1   2   4   5   7   8   9  10  13  14    1.21413685906E-01  -1.65593569427E+03   3.25265590511E+00
   1   2   3   6   7   8   9  10  13  14   -1.21413685906E-01  -1.65593569427E+03   3.25265590511E+00
   1   4   5   6   8   9  10  11  12  13   -1.19198924404E-01  -1.65612812977E+03   2.45280601579E+00
   2   3   5   6   7   9  10  11  12  14   -1.19198924404E-01  -1.65612812977E+03   2.45280601579E+00
   1   2   5   6   8   9  10  11  13  14    1.18749583331E-01  -1.65600170138E+03   2.37857835817E+00
   1   2   5   6   7   9  10  12  13  14   -1.18749583331E-01  -1.65600170138E+03   2.37857835817E+00
   1   2   4   5   7   8   9  10  11  12   -1.15264289524E-01  -1.65603613415E+03   2.90306460199E+00
   1   2   3   6   7   8   9  10  11  12    1.15264289524E-01  -1.65603613415E+03   2.90306460199E+00
   1   4   5   6   7   9  10  11  12  14   -1.12195712030E-01  -1.65617896673E+03   2.06438801727E+00
   2   3   5   6   8   9  10  11  12  13   -1.12195712030E-01  -1.65617896673E+03   2.06438801727E+00
   1   2   3   4   5   7   8   9  10  12    1.09509491433E-01  -1.65608019070E+03   2.64565291195E+00
   1   2   3   4   6   7   8   9  10  11   -1.09509491433E-01  -1.65608019070E+03   2.64565291195E+00
   1   3   4   5   6   7   9  10  12  14    1.11866337065E-01  -1.65602054927E+03   1.90666535768E+00
   2   3   4   5   6   8   9  10  11  13    1.11866337065E-01  -1.65602054927E+03   1.90666535768E+00
   2   3   4   5   7   8   9  10  12  13   -1.08204332281E-01  -1.65609481530E+03   2.66053714648E+00
   1   3   4   6   7   8   9  10  11  14   -1.08204332281E-01  -1.65609481530E+03   2.66053714648E+00
   2   4   5   7   8   9  10  11  12  13   -1.15309622458E-01  -1.65601335185E+03   2.83546047512E+00
   1   3   6   7   8   9  10  11  12  14   -1.15309622458E-01  -1.65601335185E+03   2.83546047512E+00
   4   5   6   7   9  10  11  12  13  14    1.01081692222E-01  -1.65621881701E+03   2.06965534067E+00
   3   5   6   8   9  10  11  12  13  14   -1.01081692222E-01  -1.65621881701E+03   2.06965534067E+00
   3   4   5   6   8   9  10  11  13  14   -9.79446027051E-02  -1.65620854080E+03   2.00731249542E+00
   3   4   5   6   7   9  10  12  13  14    9.79446027051E-02  -1.65620854080E+03   2.00731249542E+00
   1   2   4   5   7   8   9  10  11  14    9.14739264979E-02  -1.65611557388E+03   3.64593172060E+00
   1   2   3   6   7   8   9  10  12  13    9.14739264979E-02  -1.65611557388E+03   3.64593172060E+00
   1   2   3   4   6   7   8   9  10  13    8.22404613203E-02  -1.65611683722E+03   3.68167099226E+00
   1   2   3   4   5   7   8   9  10  14   -8.22404613203E-02  -1.65611683722E+03   3.68167099226E+00
   1   2   5   6   7   9  10  11  12  14    8.39891526311E-02  -1.65619870146E+03   3.11108998485E+00
   1   2   5   6   8   9  10  11  12  13   -8.39891526311E-02  -1.65619870146E+03   3.11108998485E+00
   2   4   5   7   8   9  10  11  13  14   -8.72900967061E-02  -1.65595049260E+03   3.80014647538E+00
   1   3   6   7   8   9  10  12  13  14   -8.72900967061E-02  -1.65595049260E+03   3.80014647538E+00
   1   2   3   5   6   7   9  10  12  14    8.67131134142E-02  -1.65597147352E+03   2.83366757384E+00
   1   2   4   5   6   8   9  10  11  13    8.67131134142E-02  -1.65597147352E+03   2.83366757384E+00
   2   3   4   5   7   8   9  10  13  14   -7.71910667750E-02  -1.65606916376E+03   3.98713631680E+00
   1   3   4   6   7   8   9  10  13  14    7.71910667750E-02  -1.65606916376E+03   3.98713631680E+00
   2   3   5   6   7   9  10  12  13  14    7.90086760449E-02  -1.65614205329E+03   2.87663660155E+00
   1   4   5   6   8   9  10  11  13  14    7.90086760449E-02  -1.65614205329E+03   2.87663660155E+00
   2   5   6   7   9  10  11  12  13  14   -7.83988676492E-02  -1.65624719990E+03   2.97581558056E+00
   1   5   6   8   9  10  11  12  13  14    7.83988676492E-02  -1.65624719990E+03   2.97581558056E+00
   1   2   4   7   9  10  11  12  13  14    7.64122437978E-07   2.68559685897E+05   2.82506969161E+05
   1   2   3   8   9  10  11  12  13  14   -7.64122437978E-07   2.68559685897E+05   2.82506969161E+05
   1   2   3   4   6   9  10  11  12  13    2.14976273259E-22   9.99999998429E+11   1.00000000000E+05
   1   2   3   4   5   9  10  11  12  14   -2.14976273259E-22   9.99999998429E+11   1.00000000000E+05
   1   2   3   4   6   9  10  11  13  14   -1.81837958360E-35   9.99999998429E+11   1.00000000000E+05
   1   2   3   4   5   9  10  12  13  14    1.81837958360E-35   9.99999998429E+11   1.00000000000E+05
   2   3   4   7   9  10  11  12  13  14   -5.28726590643E-09   3.74530772334E+07   3.89606429797E+07
   1   3   4   8   9  10  11  12  13  14    5.28726590643E-09   3.74530772334E+07   3.89606429797E+07
   1   2   3   4   5   6   9  10  11  12    3.13013476131E-19   9.99999998429E+11   1.00000000000E+05
   3   4   7   8   9  10  11  12  13  14    7.39670525854E-06   7.48949526737E+03   3.69400866248E+04
   1   2   3   4   5   6   9  10  11  14    2.34854346159E-27   9.99999998429E+11   1.00000000000E+05
   1   2   3   4   5   6   9  10  12  13   -2.34854346159E-27   9.99999998429E+11   1.00000000000E+05
   1   4   7   8   9  10  11  12  13  14    2.18424617715E-05   3.98159982316E+02   1.32409312969E+04
   2   3   7   8   9  10  11  12  13  14   -2.18424617715E-05   3.98159982316E+02   1.32409312969E+04
   1   2   3   4   5   6   9  10  13  14    2.66073385591E-32   9.99999998429E+11   1.00000000000E+05
   1   2   7   8   9  10  11  12  13  14    1.15954417539E-03  -1.62579811771E+03   2.80156157597E+02
   1   2   3   4   7   9  10  11  12  14   -4.13528184592E-07   2.14184407646E+05   3.03245236134E+05
   1   2   3   4   8   9  10  11  12  13    4.13528184592E-07   2.14184407646E+05   3.03245236134E+05
   2   3   4   5   9  10  11  12  13  14    7.47980257220E-13   9.99999998429E+11   1.00000000000E+05
   1   3   4   6   9  10  11  12  13  14   -7.47980257220E-13   9.99999998429E+11   1.00000000000E+05
   1   2   3   4   7   9  10  12  13  14   -4.32407664074E-12   1.89635792939E+10   2.69107668785E+10
   1   2   3   4   8   9  10  11  13  14    4.32407664074E-12   1.89635792939E+10   2.69107668785E+10
   1   2   3   4   9  10  11  12  13  14    6.01851649039E-33   9.99999998429E+11   1.00000000000E+05
   2   3   4   7   8   9  10  11  13  14   -1.24214653360E-10   3.93408735034E+08   1.70494843554E+09
   1   3   4   7   8   9  10  12  13  14    1.24214653360E-10   3.93408735034E+08   1.70494843554E+09
   1   2   3   6   9  10  11  12  13  14   -3.80201429883E-23   9.99999998429E+11   1.00000000000E+05
   1   2   4   5   9  10  11  12  13  14    3.80201429883E-23   9.99999998429E+11   1.00000000000E+05
   1   2   4   5   6   9  10  11  12  13    4.73343562458E-15   9.99999998429E+11   1.00000000000E+05
   1   2   3   5   6   9  10  11  12  14   -4.73343562458E-15   9.99999998429E+11   1.00000000000E+05
   2   3   4   6   7   9  10  11  13  14   -3.12449498984E-03  -1.64061496028E+03   6.66137761765E+01
   1   3   4   5   8   9  10  12  13  14   -3.12449498984E-03  -1.64061496028E+03   6.66137761765E+01
   2   3   4   6   7   9  10  11  12  13    3.29262232086E-03  -1.64169086985E+03   6.41420917879E+01
   1   3   4   5   8   9  10  11  12  14    3.29262232086E-03  -1.64169086985E+03   6.41420917879E+01
   1   2   3   5   8   9  10  11  12  14   -3.44746983619E-03  -1.64530755935E+03   7.07838338672E+01
   1   2   4   6   7   9  10  11  12  13   -3.44746983619E-03  -1.64530755935E+03   7.07838338672E+01
   1   3   4   5   6   9  10  12  13  14    8.02317924473E-18   9.99999998429E+11   1.00000000000E+05
   2   3   4   5   6   9  10  11  13  14   -8.02317924473E-18   9.99999998429E+11   1.00000000000E+05
   2   3   5   6   7   8  10  11  13  14    2.01189912363E-02  -1.65594388886E+03   7.80573952474E+01
   1   4   5   6   7   8   9  12  13  14    2.01189912363E-02  -1.65594388886E+03   7.80573952474E+01
   3   4   5   6   7   8  10  11  12  13    2.03864161063E-02  -1.65626904059E+03   7.85661506084E+01
   3   4   5   6   7   8   9  11  12  14   -2.03864161063E-02  -1.65626904059E+03   7.85661506084E+01
   1   3   4   5   6   7   8  10  12  13   -1.80305372038E-02  -1.65643269079E+03   9.75427855106E+01
   2   3   4   5   6   7   8   9  11  14   -1.80305372038E-02  -1.65643269079E+03   9.75427855106E+01
   1   2   3   4   5   8   9  10  13  14   -1.16223782222E-03  -1.62236166442E+03   1.50726719482E+02
   1   2   3   4   6   7   9  10  13  14    1.16223782222E-03  -1.62236166442E+03   1.50726719482E+02
   1   2   3   7   8   9  10  11  12  14   -1.70994901320E-03  -1.64272440372E+03   1.52297724378E+02
   1   2   4   7   8   9  10  11  12  13    1.70994901320E-03  -1.64272440372E+03   1.52297724378E+02
   1   2   3   4   7   8   9  10  13  14    2.19843319114E-09   1.40197661880E+07   7.97777494786E+07
   1   2   4   7   8   9  10  11  13  14    1.86495749687E-08   1.58226162049E+06   1.12146264684E+07
   1   2   3   7   8   9  10  12  13  14   -1.86495749687E-08   1.58226162049E+06   1.12146264684E+07
   1   3   4   5   6   7   8   9  12  14    1.77287559028E-02  -1.65569193665E+03   6.45295529354E+01
   2   3   4   5   6   7   8  10  11  13    1.77287559028E-02  -1.65569193665E+03   6.45295529354E+01
   1   3   4   6   7   9  10  12  13  14    5.48220292220E-04  -1.60396459415E+03   2.38781839147E+02
   2   3   4   5   8   9  10  11  13  14    5.48220292220E-04  -1.60396459415E+03   2.38781839147E+02
   1   2   3   5   6   7   8  10  13  14   -1.76464025560E-02  -1.65486537314E+03   9.73756534149E+01
   1   2   4   5   6   7   8   9  13  14    1.76464025560E-02  -1.65486537314E+03   9.73756534149E+01
   3   4   5   6   7   8   9  12  13  14    1.51942490383E-02  -1.65632264150E+03   6.60903539235E+01
   3   4   5   6   7   8  10  11  13  14   -1.51942490383E-02  -1.65632264150E+03   6.60903539235E+01
   1   2   4   5   8   9  10  11  12  13    5.68058260513E-04  -1.61551184219E+03   2.48377023148E+02
   1   2   3   6   7   9  10  11  12  14    5.68058260513E-04  -1.61551184219E+03   2.48377023148E+02
   1   2   5   6   9  10  11  12  13  14    1.89889002886E-20   9.99999998429E+11   1.00000000000E+05
   2   3   4   5   6   7   8   9  13  14   -1.23979412680E-02  -1.65964850027E+03   8.73154094155E+01
   1   3   4   5   6   7   8  10  13  14    1.23979412680E-02  -1.65964850027E+03   8.73154094155E+01
   1   2   4   6   7   9  10  11  13  14    3.51234202795E-03  -1.64801429668E+03   6.45763144255E+01
   1   2   3   5   8   9  10  12  13  14    3.51234202795E-03  -1.64801429668E+03   6.45763144255E+01
   1   2   5   8   9  10  11  12  13  14    1.21691443800E-03  -1.63567088052E+03   1.32335525571E+02
   1   2   6   7   9  10  11  12  13  14   -1.21691443800E-03  -1.63567088052E+03   1.32335525571E+02
   1   2   4   5   6   9  10  11  13  14   -4.20354576471E-28   9.99999998429E+11   1.00000000000E+05
   1   2   3   5   6   9  10  12  13  14    4.20354576471E-28   9.99999998429E+11   1.00000000000E+05
   2   3   4   5   7   9  10  11  12  14   -8.02719068230E-03  -1.65089333515E+03   3.02485318678E+01
   1   3   4   6   8   9  10  11  12  13   -8.02719068230E-03  -1.65089333515E+03   3.02485318678E+01
   3   4   6   7   9  10  11  12  13  14    1.44159279219E-03  -1.63948034653E+03   1.03904738251E+02
   3   4   5   8   9  10  11  12  13  14   -1.44159279219E-03  -1.63948034653E+03   1.03904738251E+02
   1   2   3   5   6   7   8   9  12  14   -1.20593339302E-02  -1.65774554892E+03   1.41884502854E+02
   1   2   4   5   6   7   8  10  11  13   -1.20593339302E-02  -1.65774554892E+03   1.41884502854E+02
   1   3   4   5   6   9  10  11  12  14   -9.69986300533E-05  -1.41264186078E+03   1.38586318020E+03
   2   3   4   5   6   9  10  11  12  13    9.69986300533E-05  -1.41264186078E+03   1.38586318020E+03
   1   2   5   6   7   8   9  12  13  14    1.42514791380E-02  -1.65504616052E+03   1.63531048872E+02
   1   2   5   6   7   8  10  11  13  14   -1.42514791380E-02  -1.65504616052E+03   1.63531048872E+02
   1   2   3   4   5   6   7   8  10  13    1.46101500965E-02  -1.65287644331E+03   8.49774726446E+01
   1   2   3   4   5   6   7   8   9  14   -1.46101500965E-02  -1.65287644331E+03   8.49774726446E+01
   3   4   5   6   9  10  11  12  13  14    4.84394389388E-10   4.01670198991E+07   2.83813969974E+08
   1   4   5   6   7   8   9  11  12  14   -1.26183682620E-02  -1.65672899233E+03   9.57169148820E+01
   2   3   5   6   7   8  10  11  12  13   -1.26183682620E-02  -1.65672899233E+03   9.57169148820E+01
   1   2   5   7   8  10  11  12  13  14   -3.15689910306E-09   5.56095483376E+07   2.80478614336E+08
   1   2   6   7   8   9  11  12  13  14    3.15689910306E-09   5.56095483376E+07   2.80478614336E+08
   1   2   3   4   5   8   9  10  11  12    1.57152559283E-03  -1.64314868635E+03   1.34309076185E+02
   1   2   3   4   6   7   9  10  11  12   -1.57152559283E-03  -1.64314868635E+03   1.34309076185E+02
   2   3   6   7   8   9  11  12  13  14   -3.12589573823E-09   5.13887189955E+07   2.63833686981E+08
   1   4   5   7   8  10  11  12  13  14   -3.12589573823E-09   5.13887189955E+07   2.63833686981E+08
   1   2   3   4   7   8   9  10  11  12    2.82931083731E-04  -1.61471736235E+03   7.66397633671E+02
   2   3   5   6   7   8   9  11  12  14    1.28983552772E-02  -1.65533234268E+03   1.87099983394E+02
   1   4   5   6   7   8  10  11  12  13    1.28983552772E-02  -1.65533234268E+03   1.87099983394E+02
   1   3   4   7   8   9  10  11  12  14    1.22277194246E-05  -1.20557726473E+03   1.82677054718E+04
   2   3   4   7   8   9  10  11  12  13   -1.22277194246E-05  -1.20557726473E+03   1.82677054718E+04
   1   2   4   5   7   9  10  12  13  14   -7.80636119798E-03  -1.65153992425E+03   3.04260866234E+01
   1   2   3   6   8   9  10  11  13  14   -7.80636119798E-03  -1.65153992425E+03   3.04260866234E+01
   1   3   5   6   7   8  10  12  13  14   -1.03515083057E-02  -1.65798029527E+03   1.17477272481E+02
   2   4   5   6   7   8   9  11  13  14   -1.03515083057E-02  -1.65798029527E+03   1.17477272481E+02
   1   2   5   6   7   8  10  11  12  13    8.49329821008E-03  -1.65898716809E+03   2.00127821380E+02
   1   2   5   6   7   8   9  11  12  14   -8.49329821008E-03  -1.65898716809E+03   2.00127821380E+02
   2   3   4   5   8   9  10  11  12  13    7.55358623950E-04  -1.67036593657E+03   1.70015137701E+02
   1   3   4   6   7   9  10  11  12  14    7.55358623950E-04  -1.67036593657E+03   1.70015137701E+02
   1   2   3   5   6   8   9  11  12  14    4.16521810873E-08   3.62433151306E+06   2.07080747261E+07
   1   2   4   5   6   7  10  11  12  13    4.16521810873E-08   3.62433151306E+06   2.07080747261E+07
   1   4   6   7   8   9  11  12  13  14    4.52333026170E-09   2.50902791477E+07   1.34813003455E+08
   2   3   5   7   8  10  11  12  13  14    4.52333026170E-09   2.50902791477E+07   1.34813003455E+08
   1   2   4   5   6   7   8   9  11  14    1.19983793790E-02  -1.65186494449E+03   1.11021302316E+02
   1   2   3   5   6   7   8  10  12  13    1.19983793790E-02  -1.65186494449E+03   1.11021302316E+02
   1   3   4   5   6   8  10  11  12  13    6.57117321593E-10   2.21783520230E+08   1.32197159117E+09
   2   3   4   5   6   7   9  11  12  14    6.57117321593E-10   2.21783520230E+08   1.32197159117E+09
   1   2   4   5   6   7  10  11  13  14   -5.06939959338E-08   3.03739438762E+06   1.71578173222E+07
   1   2   3   5   6   8   9  12  13  14   -5.06939959338E-08   3.03739438762E+06   1.71578173222E+07
   3   4   5   7   8  10  11  12  13  14   -4.83408346448E-09   1.58881066779E+07   1.11872670435E+08
   3   4   6   7   8   9  11  12  13  14    4.83408346448E-09   1.58881066779E+07   1.11872670435E+08
   2   3   5   6   7   8   9  12  13  14   -1.01463877850E-02  -1.65320957027E+03   1.57656249650E+02
   1   4   5   6   7   8  10  11  13  14   -1.01463877850E-02  -1.65320957027E+03   1.57656249650E+02
   4   5   6   7   8   9  11  12  13  14    1.11280567434E-02  -1.65447810498E+03   9.95037485026E+01
   3   5   6   7   8  10  11  12  13  14   -1.11280567434E-02  -1.65447810498E+03   9.95037485026E+01
   1   2   4   5   6   7   9  12  13  14    6.90806534486E-10   2.15426083465E+08   1.23872130640E+09
   1   2   3   5   6   8  10  11  13  14    6.90806534486E-10   2.15426083465E+08   1.23872130640E+09
   1   2   3   4   6   7   9  10  12  13   -1.20096697744E-03  -1.63677128193E+03   1.46407770075E+02
   1   2   3   4   5   8   9  10  11  14   -1.20096697744E-03  -1.63677128193E+03   1.46407770075E+02
   2   4   5   7   9  10  11  12  13  14   -5.40681880725E-03  -1.65219838892E+03   3.37140392541E+01
   1   3   6   8   9  10  11  12  13  14   -5.40681880725E-03  -1.65219838892E+03   3.37140392541E+01
   1   2   3   4   5   7   9  10  12  14    5.44049457249E-03  -1.65125825960E+03   3.37789995329E+01
   1   2   3   4   6   8   9  10  11  13    5.44049457249E-03  -1.65125825960E+03   3.37789995329E+01
   1   2   4   6   7   8   9  11  12  13    5.31168106703E-10   1.61770945143E+08   2.01658364052E+09
   1   2   3   5   7   8  10  11  12  14    5.31168106703E-10   1.61770945143E+08   2.01658364052E+09
   1   3   4   6   8   9  10  11  13  14    5.06781484192E-03  -1.65158073850E+03   3.39761731897E+01
   2   3   4   5   7   9  10  12  13  14    5.06781484192E-03  -1.65158073850E+03   3.39761731897E+01
   1   3   4   5   7   8  10  11  12  14   -5.56222809524E-10   1.80977700908E+08   1.82504987639E+09
   2   3   4   6   7   8   9  11  12  13   -5.56222809524E-10   1.80977700908E+08   1.82504987639E+09
   1   2   4   6   7   9  11  12  13  14   -4.46393755628E-18   9.99999998429E+11   1.00000000000E+05
   1   2   3   5   8  10  11  12  13  14   -4.46393755628E-18   9.99999998429E+11   1.00000000000E+05
   1   2   4   5   7  10  11  12  13  14    7.28064811092E-16   9.99999998429E+11   1.00000000000E+05
   1   2   3   6   8   9  11  12  13  14    7.28064811092E-16   9.99999998429E+11   1.00000000000E+05
   2   3   4   5   6   7  10  11  12  13   -6.36146282670E-08   1.50260149741E+06   9.35595694140E+06
   1   3   4   5   6   8   9  11  12  14   -6.36146282670E-08   1.50260149741E+06   9.35595694140E+06
   2   3   6   7   9  10  11  12  13  14    1.12606900615E-03  -1.64186113441E+03   1.28597744048E+02
   1   4   5   8   9  10  11  12  13  14    1.12606900615E-03  -1.64186113441E+03   1.28597744048E+02
   1   3   4   6   8   9  11  12  13  14   -1.06752130332E-15   9.99999998429E+11   1.00000000000E+05
   2   3   4   5   7  10  11  12  13  14   -1.06752130332E-15   9.99999998429E+11   1.00000000000E+05
   1   2   3   4   5   6   9  12  13  14    1.96990399457E-35   9.99999998429E+11   1.00000000000E+05
   1   2   3   4   5   6  10  11  13  14   -1.96990399457E-35   9.99999998429E+11   1.00000000000E+05
   2   4   5   6   7   9  11  12  13  14    3.62110026529E-10   3.34325191911E+08   1.65029786474E+09
   1   3   5   6   8  10  11  12  13  14    3.62110026529E-10   3.34325191911E+08   1.65029786474E+09
   1   2   3   4   5   6   9  11  12  14   -1.94952402583E-22   9.99999998429E+11   1.00000000000E+05
   1   2   3   4   5   6  10  11  12  13    1.94952402583E-22   9.99999998429E+11   1.00000000000E+05
   1   3   4   5   8  10  11  12  13  14    4.52314812681E-18   9.99999998429E+11   1.00000000000E+05
   2   3   4   6   7   9  11  12  13  14    4.52314812681E-18   9.99999998429E+11   1.00000000000E+05
   2   3   4   5   6   7  10  11  13  14    7.21136305715E-08   9.73232004094E+05   7.95121485593E+06
   1   3   4   5   6   8   9  12  13  14    7.21136305715E-08   9.73232004094E+05   7.95121485593E+06
   1   2   3   4   5   6   7  10  11  12    1.34815043868E-08   4.62622912022E+06   7.55649821008E+07
   1   2   3   4   5   6   8   9  11  12   -1.34815043868E-08   4.62622912022E+06   7.55649821008E+07
   1   2   4   5   6   7   9  11  12  14   -4.20913187110E-10   2.69626080745E+08   1.49971476419E+09
   1   2   3   5   6   8  10  11  12  13   -4.20913187110E-10   2.69626080745E+08   1.49971476419E+09
   1   2   4   5   7   9  10  11  12  14    5.68207798185E-03  -1.65297442151E+03   3.37831975724E+01
   1   2   3   6   8   9  10  11  12  13    5.68207798185E-03  -1.65297442151E+03   3.37831975724E+01
   1   2   3   4   5   6   7   9  12  14   -5.88473319822E-10   1.29814747418E+08   1.02595537219E+09
   1   2   3   4   5   6   8  10  11  13   -5.88473319822E-10   1.29814747418E+08   1.02595537219E+09
   1   2   3   5   6   7   8  10  11  12    2.68841772131E-03  -1.66969953675E+03   7.66572797763E+02
   1   2   4   5   6   7   8   9  11  12   -2.68841772131E-03  -1.66969953675E+03   7.66572797763E+02
   1   2   4   5   7   8  10  11  12  13   -1.70767111326E-09   3.68662020449E+07   2.61398041712E+08
   1   2   3   6   7   8   9  11  12  14   -1.70767111326E-09   3.68662020449E+07   2.61398041712E+08
   1   2   3   4   5   6   7  10  11  14    8.61658448812E-09   1.00383656140E+07   1.20951256201E+08
   1   2   3   4   5   6   8   9  12  13    8.61658448812E-09   1.00383656140E+07   1.20951256201E+08
   2   3   4   5   6   7   9  12  13  14   -4.95589991563E-10   1.76780918931E+08   1.13064436614E+09
   1   3   4   5   6   8  10  11  13  14   -4.95589991563E-10   1.76780918931E+08   1.13064436614E+09
   1   2   4   5   8   9  10  11  13  14    4.42642596995E-04  -1.65204041890E+03   2.49022332494E+02
   1   2   3   6   7   9  10  12  13  14    4.42642596995E-04  -1.65204041890E+03   2.49022332494E+02
   1   2   3   4   5   6   7   8   9  12    3.72955303746E-03  -1.65655907434E+03   5.46028996530E+02
   1   2   3   4   5   6   7   8  10  11   -3.72955303746E-03  -1.65655907434E+03   5.46028996530E+02
   1   2   3   6   7   8   9  12  13  14   -1.57920762159E-09   3.18163090254E+07   2.14986504286E+08
   1   2   4   5   7   8  10  11  13  14   -1.57920762159E-09   3.18163090254E+07   2.14986504286E+08
   1   2   3   4   6   9  11  12  13  14    1.14096176044E-36   9.99999998429E+11   1.00000000000E+05
   1   2   3   4   5  10  11  12  13  14   -1.14096176044E-36   9.99999998429E+11   1.00000000000E+05
   1   2   5   6   8   9  11  12  13  14   -1.25462124284E-08   5.40189290105E+06   2.67155022563E+07
   1   2   5   6   7  10  11  12  13  14    1.25462124284E-08   5.40189290106E+06   2.67155022563E+07
   1   3   4   6   7   8   9  12  13  14    2.22885303994E-09   8.35536378630E+06   1.04107409911E+08
   2   3   4   5   7   8  10  11  13  14    2.22885303994E-09   8.35536378630E+06   1.04107409911E+08
   1   4   5   6   7  10  11  12  13  14   -1.71251561162E-08   4.47460328944E+06   2.37589516497E+07
   2   3   5   6   8   9  11  12  13  14   -1.71251561162E-08   4.47460328944E+06   2.37589516497E+07
   2   3   4   5   7   8   9  11  12  14    1.35826879836E-07   4.71764225497E+05   7.24577450509E+06
   1   3   4   6   7   8  10  11  12  13    1.35826879836E-07   4.71764225497E+05   7.24577450509E+06
   3   4   5   6   8   9  11  12  13  14    2.68094270899E-08   1.56017341475E+06   1.04277899175E+07
   3   4   5   6   7  10  11  12  13  14   -2.68094270899E-08   1.56017341475E+06   1.04277899175E+07
   1   3   4   6   7   8   9  11  12  14    2.58764589674E-09   1.54604260953E+07   1.22117249033E+08
   2   3   4   5   7   8  10  11  12  13    2.58764589674E-09   1.54604260953E+07   1.22117249033E+08
   1   2   3   5   6   7  10  11  12  14   -2.13480352357E-09   1.84818807260E+07   1.87030462480E+08
   1   2   4   5   6   8   9  11  12  13   -2.13480352357E-09   1.84818807260E+07   1.87030462480E+08
   1   2   3   5   6   7   8  10  11  14    2.40619935306E-03  -1.66565778009E+03   1.21906740203E+03
   1   2   4   5   6   7   8   9  12  13    2.40619935306E-03  -1.66565778009E+03   1.21906740203E+03
   1   2   3   4   5   7   8  10  11  12   -5.40075601916E-10   4.45668175579E+07   9.45665425325E+08
   1   2   3   4   6   7   8   9  11  12    5.40075601916E-10   4.45668175579E+07   9.45665425325E+08
   1   2   3   4   5   8  10  11  12  13    2.46866943466E-18   9.99999998429E+11   1.00000000000E+05
   1   2   3   4   6   7   9  11  12  14    2.46866943466E-18   9.99999998429E+11   1.00000000000E+05
   2   5   6   7   8   9  11  12  13  14    7.32084301465E-03  -1.64933438916E+03   2.21465879302E+02
   1   5   6   7   8  10  11  12  13  14   -7.32084301465E-03  -1.64933438916E+03   2.21465879302E+02
   1   2   3   4   6   8   9  11  12  13   -1.25239875947E-16   9.99999998429E+11   1.00000000000E+05
   1   2   3   4   5   7  10  11  12  14   -1.25239875947E-16   9.99999998429E+11   1.00000000000E+05
   1   2   4   5   7   8   9  12  13  14    1.42978290319E-07   4.70097183806E+05   6.73515927983E+06
   1   2   3   6   7   8  10  11  13  14    1.42978290319E-07   4.70097183806E+05   6.73515927983E+06
   1   2   3   4   5   7  10  12  13  14   -9.76230179264E-16   9.99999998429E+11   1.00000000000E+05
   1   2   3   4   6   8   9  11  13  14   -9.76230179264E-16   9.99999998429E+11   1.00000000000E+05
   1   2   5   6   7   8  11  12  13  14    8.12106178196E-08   7.40048366123E+05   1.83505707158E+06
   1   3   4   6   7   8  10  11  13  14   -1.01769480488E-07   6.21088411532E+05   6.33999455256E+06
   2   3   4   5   7   8   9  12  13  14   -1.01769480488E-07   6.21088411532E+05   6.33999455256E+06
   1   2   3   4   6   7   9  12  13  14    2.18877152294E-18   9.99999998429E+11   1.00000000000E+05
   1   2   3   4   5   8  10  11  13  14    2.18877152294E-18   9.99999998429E+11   1.00000000000E+05
   2   3   5   6   7  10  11  12  13  14   -1.77991588753E-08   2.27912236272E+06   1.29639397671E+07
   1   4   5   6   8   9  11  12  13  14   -1.77991588753E-08   2.27912236272E+06   1.29639397671E+07
   3   4   5   6   7   8  11  12  13  14    6.45979504011E-07   9.30896657192E+04   2.19005785789E+05
   1   4   5   6   7   8  11  12  13  14    4.74348802291E-09   1.07795052895E+07   2.93187895722E+07
   2   3   5   6   7   8  11  12  13  14   -4.74348802291E-09   1.07795052895E+07   2.93187895722E+07
   1   3   4   5   6  10  11  12  13  14   -6.13255693245E-13   9.99999998429E+11   1.00000000000E+05
   2   3   4   5   6   9  11  12  13  14    6.13255693245E-13   9.99999998429E+11   1.00000000000E+05
   1   3   6   7   8  10  11  12  13  14    7.70524993468E-08   6.33912757583E+05   8.69832353365E+06
   2   4   5   7   8   9  11  12  13  14    7.70524993468E-08   6.33912757583E+05   8.69832353365E+06
   1   2   3   4   6   7   8  10  11  13   -1.18314253808E-07   3.42282662962E+05   5.80628072472E+06
   1   2   3   4   5   7   8   9  12  14   -1.18314253808E-07   3.42282662962E+05   5.80628072472E+06
   1   2   4   5   6   9  11  12  13  14    2.82079293007E-23   9.99999998429E+11   1.00000000000E+05
   1   2   3   5   6  10  11  12  13  14   -2.82079293007E-23   9.99999998429E+11   1.00000000000E+05
   1   2   3   6   7   8  10  11  12  13   -8.76907881853E-08   2.95922918090E+05   7.94405358891E+06
   1   2   4   5   7   8   9  11  12  14   -8.76907881853E-08   2.95922918090E+05   7.94405358891E+06
   1   2   3   4   5   7   8  10  11  14    2.60744097018E-10   1.16975239824E+08   1.52784607265E+09
   1   2   3   4   6   7   8   9  12  13    2.60744097018E-10   1.16975239824E+08   1.52784607265E+09
   1   2   3   4   5   6   7   8  11  12    2.63593603891E-08   1.42238614247E+06   4.46967967186E+06
   1   2   3   5   6   7   8  11  12  14   -8.58778565656E-10   4.09534295562E+07   1.50522833802E+08
   1   2   4   5   6   7   8  11  12  13    8.58778565656E-10   4.09534295562E+07   1.50522833802E+08
   1   3   4   5   6   7  10  11  12  14   -3.13698337086E-09   1.44235863178E+07   1.56958112375E+08
   2   3   4   5   6   8   9  11  12  13   -3.13698337086E-09   1.44235863178E+07   1.56958112375E+08
   1   2   3   4   7   8   9  10  12  13    9.68754576156E-09  -1.43020247351E+05   1.70979925196E+07
   1   2   3   4   7   8   9  10  11  14   -9.68754576156E-09  -1.43020247351E+05   1.70979925196E+07
   2   3   5   6   9  10  11  12  13  14    1.61095617899E-05  -1.65233619901E+03   7.35904122037E+03
   1   4   5   6   9  10  11  12  13  14   -1.61095617899E-05  -1.65233619901E+03   7.35904122037E+03
   2   3   4   5   6   7   8   9  12  13   -1.78398747163E-03  -1.62480565521E+03   1.13530569457E+03
   1   3   4   5   6   7   8  10  11  14   -1.78398747163E-03  -1.62480565521E+03   1.13530569457E+03
   2   3   4   5   6   7   8  11  13  14   -6.95104735838E-08   5.09447296094E+05   1.94404467167E+06
   1   3   4   5   6   7   8  12  13  14    6.95104735838E-08   5.09447296094E+05   1.94404467167E+06
   1   3   5   6   7   8  10  11  12  14   -1.30199599182E-03  -1.62710538425E+03   1.60115337052E+03
   2   4   5   6   7   8   9  11  12  13   -1.30199599182E-03  -1.62710538425E+03   1.60115337052E+03
   1   2   3   4   5   6   7   8  13  14    2.05717317639E-06   1.31050269768E+04   6.75935101276E+04
   1   2   4   6   7   8   9  11  13  14    4.31856141999E-09  -3.42241331042E+06   1.52318893537E+08
   1   2   3   5   7   8  10  12  13  14    4.31856141999E-09  -3.42241331042E+06   1.52318893537E+08
   2   3   5   8   9  10  11  12  13  14    1.56777550419E-03  -1.65453174150E+03   9.97469526425E+01
   1   4   6   7   9  10  11  12  13  14    1.56777550419E-03  -1.65453174150E+03   9.97469526425E+01
   1   3   4   5   7   8  10  12  13  14   -4.21208856034E-09  -1.02248819147E+07   1.37667288371E+08
   2   3   4   6   7   8   9  11  13  14   -4.21208856034E-09  -1.02248819147E+07   1.37667288371E+08
   2   3   4   5   6   8   9  11  13  14   -2.39116031658E-08  -6.17950446522E+05   1.22842938556E+07
   1   3   4   5   6   7  10  12  13  14   -2.39116031658E-08  -6.17950446522E+05   1.22842938556E+07
   1   2   3   4   6   7   8   9  13  14    1.85251787770E-09  -1.05677590447E+07   1.33086916022E+08
   1   2   3   4   5   7   8  10  13  14   -1.85251787770E-09  -1.05677590447E+07   1.33086916022E+08
   2   3   4   5   6   7   8   9  11  12    4.25028936957E-03  -1.64362570556E+03   6.97674243306E+02
   1   3   4   5   6   7   8  10  11  12   -4.25028936957E-03  -1.64362570556E+03   6.97674243306E+02
   2   3   4   7   8   9  11  12  13  14    2.69068813628E-06  -1.39422018896E+03   1.00787689390E+04
   1   3   4   7   8  10  11  12  13  14   -2.69068813628E-06  -1.39422018896E+03   1.00787689390E+04
   1   3   4   5   6   7   8  11  12  14    4.24527737845E-09   2.86195537709E+06   2.98074534158E+07
   2   3   4   5   6   7   8  11  12  13   -4.24527737845E-09   2.86195537709E+06   2.98074534158E+07
   1   2   3   4   8   9  11  12  13  14   -8.96013238914E-13   9.99999998429E+11   1.00000000000E+05
   1   2   3   4   7  10  11  12  13  14    8.96013238914E-13   9.99999998429E+11   1.00000000000E+05
   1   2   3   4   5   6  11  12  13  14    1.13676735696E-38   9.99999998429E+11   1.00000000000E+05
   1   3   4   5   6   8  11  12  13  14    1.16994165672E-15   9.99999998429E+11   1.00000000000E+05
   2   3   4   5   6   7  11  12  13  14   -1.16994165672E-15   9.99999998429E+11   1.00000000000E+05
   1   2   3   5   6   8  11  12  13  14   -2.44587035753E-16   9.99999998429E+11   1.00000000000E+05
   1   2   4   5   6   7  11  12  13  14    2.44587035753E-16   9.99999998429E+11   1.00000000000E+05
   1   2   3   4   5   6   7   8  11  14   -1.25369817607E-08  -1.12506404061E+06   8.71250495249E+06
   1   2   3   4   5   6   7   8  12  13    1.25369817607E-08  -1.12506404061E+06   8.71250495249E+06
   1   2   3   4   5   6   8   9  13  14    6.21295875389E-08  -7.22340847792E+05   9.83708370977E+06
   1   2   3   4   5   6   7  10  13  14   -6.21295875389E-08  -7.22340847792E+05   9.83708370977E+06
   1   2   4   5   6   7   8  11  13  14    1.50967611152E-08   1.01598059359E+06   8.16973698015E+06
   1   2   3   5   6   7   8  12  13  14   -1.50967611152E-08   1.01598059359E+06   8.16973698015E+06
   1   2   3   4   6   7  10  11  13  14   -1.45422426396E-14   9.99999998429E+11   1.00000000000E+05
   1   2   3   4   5   8   9  12  13  14   -1.45422426396E-14   9.99999998429E+11   1.00000000000E+05
   1   2   3   4   5   8   9  10  12  13   -1.57024372194E-03  -1.65638714893E+03   1.21613898287E+02
   1   2   3   4   6   7   9  10  11  14   -1.57024372194E-03  -1.65638714893E+03   1.21613898287E+02
   1   2   4   5   6   8   9  11  13  14   -1.74708003109E-08  -4.71915274090E+05   1.38093068186E+07
   1   2   3   5   6   7  10  12  13  14   -1.74708003109E-08  -4.71915274090E+05   1.38093068186E+07
   1   2   3   4   5   6   7  12  13  14   -3.56652321728E-15   9.99999998429E+11   1.00000000000E+05
   1   2   3   4   5   6   8  11  13  14    3.56652321728E-15   9.99999998429E+11   1.00000000000E+05
   1   2   3   4   5   6   7  11  12  14   -2.11611847273E-16   9.99999998429E+11   1.00000000000E+05
   1   2   3   4   5   6   8  11  12  13    2.11611847273E-16   9.99999998429E+11   1.00000000000E+05
   2   3   4   5   8   9  11  12  13  14   -5.27286972698E-15   9.99999998429E+11   1.00000000000E+05
   1   3   4   6   7  10  11  12  13  14   -5.27286972698E-15   9.99999998429E+11   1.00000000000E+05
   1   2   3   4   5   6   8   9  11  14    5.79390355677E-08  -2.31694303523E+05   1.11020215936E+07
   1   2   3   4   5   6   7  10  12  13    5.79390355677E-08  -2.31694303523E+05   1.11020215936E+07
   2   3   4   5   7   8  11  12  13  14   -7.85082058584E-05  -1.65712011343E+03   2.19504476769E+02
   1   3   4   6   7   8  11  12  13  14    7.85082058584E-05  -1.65712011343E+03   2.19504476769E+02
   1   2   3   4   5   7   8  10  12  13   -2.29237992237E-09  -3.62332369172E+06   1.45984450690E+08
   1   2   3   4   6   7   8   9  11  14   -2.29237992237E-09  -3.62332369172E+06   1.45984450690E+08
   1   2   4   7   8   9  11  12  13  14   -3.54666201119E-04  -1.62563250976E+03   8.82924267775E+01
   1   2   3   7   8  10  11  12  13  14    3.54666201119E-04  -1.62563250976E+03   8.82924267775E+01
   1   2   3   4   5   7   8  12  13  14   -2.32789499112E-04  -1.63962426309E+03   7.51880089202E+01
   1   2   3   4   6   7   8  11  13  14    2.32789499112E-04  -1.63962426309E+03   7.51880089202E+01
   1   2   3   4   7   8   9  12  13  14    2.82814802831E-09   3.23864635151E+05   7.23279388960E+06
   1   2   3   4   7   8  10  11  13  14   -2.82814802831E-09   3.23864635151E+05   7.23279388960E+06
   1   2   3   4   7   8  11  12  13  14    5.00027855770E-05  -1.58545429393E+03   2.80230423759E+01
   1   2   3   4   6   7  10  11  12  13    1.25446311747E-14   9.99999998429E+11   1.00000000000E+05
   1   2   3   4   5   8   9  11  12  14    1.25446311747E-14   9.99999998429E+11   1.00000000000E+05
   1   2   3   4   5   7   8  11  12  14   -1.39029220382E-05  -1.16595178414E+03   1.92497445603E+03
   1   2   3   4   6   7   8  11  12  13    1.39029220382E-05  -1.16595178414E+03   1.92497445603E+03
   1   2   3   4   7   8  10  11  12  13   -2.27897308152E-04  -1.62498204224E+03   1.22084744026E+02
   1   2   3   4   7   8   9  11  12  14    2.27897308152E-04  -1.62498204224E+03   1.22084744026E+02
   1   2   3   4   6   7  11  12  13  14    1.15776239159E-13   9.99999998429E+11   1.00000000000E+05
   1   2   3   4   5   8  11  12  13  14   -1.15776239159E-13   9.99999998429E+11   1.00000000000E+05
   1   2   3   6   7   8  11  12  13  14   -1.65425674432E-05  -1.52088017056E+03   1.32713145760E+03
   1   2   4   5   7   8  11  12  13  14    1.65425674432E-05  -1.52088017056E+03   1.32713145760E+03
   1   2   4   5   8   9  11  12  13  14   -3.73770888253E-15   9.99999998429E+11   1.00000000000E+05
   1   2   3   6   7  10  11  12  13  14   -3.73770888253E-15   9.99999998429E+11   1.00000000000E+05
