General:
    Random seed: timer
Plan:
  VMC-optimization:
    Minimum cycles: 7
    Convergence cycles: 3
System:
  Read Hamiltonian: FCIDUMP_loc
  Read orbitals: LTSC.mat
  Complex orbitals: F
  Geometry:
    r_26: [ -13.83014146869700,  1.35727600247100 ]
    r_22: [ -13.83014146869700, -1.35727600247100 ]
    r_8:  [ -11.62690689559000,  2.66024485155100 ]
    r_17: [ -11.62690689559000, -2.66024485155100 ]
    r_9:  [  -9.23278907226500,  1.37019677945900 ]
    r_2:  [  -9.23278907226500, -1.37019677945900 ]
    r_7:  [  -6.96884472977300,  2.65135431603300 ]
    r_15: [  -6.96884472977300, -2.65135431603300 ]
    r_23: [  -4.61659845825700,  1.36942883899200 ]
    r_16: [  -4.61659845825700, -1.36942883899200 ]
    r_5:  [  -2.32211156817700,  2.65145101178900 ]
    r_13: [  -2.32211156817700, -2.65145101178900 ]
    r_1:  [   0.00000000000000,  1.36957394658400 ]
    r_3:  [   0.00000000000000, -1.36957394658400 ]
    r_14: [   2.32211156817700,  2.65145101178900 ]
    r_21: [   2.32211156817700, -2.65145101178900 ]
    r_4:  [   4.61659845825700,  1.36942883899200 ]
    r_11: [   4.61659845825700, -1.36942883899200 ]
    r_12: [   6.96884472977300,  2.65135431603300 ]
    r_20: [   6.96884472977300, -2.65135431603300 ]
    r_24: [   9.23278907226500,  1.37019677945900 ]
    r_25: [   9.23278907226500, -1.37019677945900 ]
    r_10: [  11.62690689559000,  2.66024485155100 ]
    r_19: [  11.62690689559000, -2.66024485155100 ]
    r_18: [  13.83014146869700,  1.35727600247100 ]
    r_6:  [  13.83014146869700, -1.35727600247100 ]
    Tolerance: 0.05
VMC:
  nstep: 500000
  nconfig: 100000
Optimization:
  max_niter: 1
Jastrow: wfn.casl
Backflow: wfn.casl
