2.971571511057318760e-01 -2.088580324293908045e-11 -2.898095855059281134e-01 -2.277113525869621797e-11 2.318271339169823420e-01 2.932129894142053161e-01 2.050519792456225013e-12 -2.194947761164702804e-01 1.808328591082390130e-11 7.251928274147904603e-12 -3.211974519791694904e-01 -1.852308613277052762e-01 -1.523038329645225170e-11 -1.525477165860583420e-11 1.838692915903205605e-01 -3.155146335856771067e-01 -5.128929016045983334e-14 -4.372030978871517235e-13 2.174961399335612056e-01 6.087051190478306080e-12 -2.396953986748257825e-01 2.936274468715787123e-01 -5.685561854150877654e-12 -2.902603773488775518e-01 -7.310079543640726762e-12 3.061863860169931617e-01
1.834980612006925083e-01 -2.866278295516766494e-01 2.540859315123184525e-01 8.965567319083901643e-02 -1.442859989143812360e-01 -1.318066895179793863e-01 2.226733004273038219e-01 -1.932259814549627253e-01 -2.876348254077749633e-01 6.528655331251277671e-02 -2.596423923067249784e-01 -8.761412158948567175e-02 -1.470213570464795894e-01 -1.469732539940724614e-01 -8.180326790640210510e-02 2.591301115649376485e-01 7.619000271566946092e-02 -2.798588855448834178e-01 -2.022202537843622860e-01 2.228598237721374498e-01 -1.392724672300698907e-01 1.105669836265518319e-01 -1.149996926015299098e-01 -2.705496796878606447e-01 2.880851654261660233e-01 -1.777594846620192404e-01
-2.971571510554812945e-01 9.606345519580786800e-12 2.898095854557219964e-01 1.959845889670034852e-11 2.318271338697462103e-01 -2.932129893522238406e-01 -1.341246661783332512e-11 -2.194947760795649960e-01 -2.104275277864392059e-11 1.691994338915049011e-11 3.211974519058923283e-01 -1.852308613145023375e-01 -6.894183356163800482e-12 1.650555788898217537e-12 -1.838692915946651685e-01 -3.155146336308907729e-01 9.776276505920666424e-12 -1.783485706824061096e-11 -2.174961399758890968e-01 -5.592940100057963483e-12 2.396953987409879416e-01 2.936274469290348632e-01 -2.182208303902186327e-11 -2.902603774096818023e-01 -1.280289185714791086e-11 3.061863860759126976e-01
2.667573511945224296e-01 2.278890715533934130e-01 -7.241172421447683583e-02 2.871097191420431405e-01 2.087281352637574694e-01 -1.542402311306643736e-01 1.768095866926955584e-01 -5.422885123607788793e-02 -1.801011850352070287e-01 -2.052559391165648395e-01 3.052493545442091505e-01 9.654947161814562973e-02 9.133985127373021873e-02 -9.184473822209875127e-02 -9.679485636186622999e-02 3.014127375295670985e-01 2.018570337575435747e-01 1.732920709348515220e-01 4.527824297927068170e-02 -1.844354233096741624e-01 -2.126275544845170618e-01 -1.621017508426371156e-01 2.851192801290540202e-01 -5.953454502248490404e-02 2.386257641817210173e-01 2.711070245325263861e-01
2.304910557837732688e-01 -1.022087552232269630e-01 -1.751961091515402136e-01 -1.694946815264466722e-01 2.938270554963458014e-01 9.079157596635568928e-02 -1.323457610662169825e-01 -2.324757234351335355e-01 1.716036377169474769e-01 2.360030096283555756e-01 2.092645240296424000e-03 -1.379982814133467184e-01 -3.315041612244161717e-01 -3.277341059645787480e-01 -1.340429152380141486e-01 -3.246286413668842807e-03 2.343361712301285649e-01 1.636978053786804777e-01 -2.246549147736554564e-01 -1.380363338451597310e-01 2.991577731988611655e-01 -8.506320846032895677e-02 1.696449602738675233e-01 1.696199309086256213e-01 1.063756833960956411e-01 -2.335807462597715989e-01
-7.300883172803687704e-02 -1.469454739760687745e-01 -2.161548038436333918e-01 2.712412832795489392e-01 5.676377083196849221e-02 -3.008242709856233654e-01 1.128029704395743932e-01 1.632513080596636190e-01 2.851207109699708253e-01 1.984178205978319176e-01 -1.944041186321555925e-01 -2.022734818996553829e-01 1.497084825726622270e-01 1.533213391120274161e-01 -2.059620140164199198e-01 2.049674273824037551e-01 1.984858625212566896e-01 2.984941338272788514e-01 1.577524792276830123e-01 1.031373038882513332e-01 4.850166999375466609e-02 3.056300589395563039e-01 -2.642372546645350151e-01 2.005115829009811168e-01 1.287367620012010161e-01 5.988363017429507856e-02
1.817283025579079780e-01 -2.274061415624908378e-01 1.012445892385959167e-01 -9.686641674380964961e-02 2.321740392621270410e-01 -2.028341592117727243e-01 -2.943016505801197003e-01 1.360143663322769814e-01 -1.369283509928612697e-01 1.309324845184174635e-01 -4.957087457048078849e-03 3.073096597049543854e-01 2.601470985713035811e-01 2.587090310689207362e-01 3.002130944926166278e-01 7.929034973748491297e-03 1.164621204959281481e-01 -1.346655981867816987e-01 1.514471600252701444e-01 -2.994331017842569720e-01 2.291155688416852965e-01 1.934753178825727726e-01 8.102358298343796672e-02 -1.158408259897236725e-01 2.320927956750305221e-01 -1.795589473528529934e-01
9.765346196327717720e-02 -1.793262480150867311e-01 2.248000021999607134e-01 2.187383961863559323e-01 1.236161696249959419e-01 1.611520114753679511e-01 -2.286954290029594161e-01 2.940035952594801105e-01 7.306688039356000475e-02 -3.023198601767468907e-01 1.686736397925662351e-03 -2.478899255072576635e-01 -1.416248589604588437e-01 -1.487143795345398645e-01 -2.579132924420217687e-01 -1.192269917937878281e-02 -3.091525789670170887e-01 8.728298576968877842e-02 2.917407178124521439e-01 -2.167153847715619919e-01 1.110136550611050821e-01 -1.741012484858817655e-01 -2.243134113172385313e-01 -2.207669642654699060e-01 1.682518236331358719e-01 -8.740746798700439746e-02
1.834980609704817411e-01 -2.866278292244812120e-01 2.540859312602341546e-01 8.965567311085811952e-02 1.442859987757795781e-01 -1.318066894473653994e-01 -2.226733002853525378e-01 1.932259814455928315e-01 -2.876348252789875937e-01 -6.528655345485159800e-02 -2.596423922132038986e-01 8.761412139326339721e-02 1.470213569202826753e-01 -1.469732540201687809e-01 -8.180326799371370750e-02 -2.591301117251385566e-01 7.619000259597115410e-02 2.798588858357632936e-01 -2.022202536925627459e-01 2.228598237383468406e-01 -1.392724672322729340e-01 -1.105669838761905444e-01 1.149996925924819391e-01 2.705496799595333290e-01 -2.880851658124690129e-01 1.777594849287453815e-01
-9.765346199075349010e-02 -1.793262480475466270e-01 -2.248000022028795453e-01 2.187383961310242486e-01 -1.236161695249262671e-01 -1.611520113565766965e-01 -2.286954288619747477e-01 -2.940035951512131041e-01 7.306688024125267134e-02 -3.023198601392627083e-01 -1.686736278505861046e-03 2.478899255251456879e-01 -1.416248589904214039e-01 -1.487143796224205672e-01 2.579132925412037647e-01 1.192269913188355804e-02 -3.091525790370262539e-01 8.728298570738207696e-02 -2.917407178415176716e-01 -2.167153847695879043e-01 -1.110136550505069764e-01 1.741012484473772048e-01 -2.243134113410233110e-01 2.207669643643088708e-01 1.682518237671546679e-01 8.740746808253607725e-02
2.667573511970876554e-01 2.278890715461833194e-01 -7.241172422440021739e-02 2.871097191351404954e-01 -2.087281352327307049e-01 -1.542402311184431218e-01 -1.768095866826603080e-01 5.422885121176812540e-02 -1.801011850289721550e-01 2.052559391033259850e-01 3.052493545298965993e-01 -9.654947163565508195e-02 -9.133985125682342332e-02 -9.184473824095563954e-02 -9.679485634314659304e-02 -3.014127375496469807e-01 2.018570337682421834e-01 -1.732920709432656525e-01 4.527824300056461360e-02 -1.844354233190908521e-01 -2.126275545134118650e-01 1.621017508573030230e-01 -2.851192801385561415e-01 5.953454501633480278e-02 -2.386257641835011767e-01 -2.711070245257340972e-01
1.817283025674162888e-01 2.274061416206401010e-01 1.012445893478772507e-01 9.686641665397738299e-02 2.321740391981869656e-01 -2.028341592224786882e-01 2.943016504903829822e-01 1.360143662649581919e-01 1.369283511059232739e-01 -1.309324845369626567e-01 -4.957087577348209817e-03 3.073096596763816302e-01 -2.601470985268103941e-01 -2.587090310379380198e-01 3.002130945194305678e-01 7.929035020300392519e-03 -1.164621205669068016e-01 1.346655982157869691e-01 1.514471599918760514e-01 2.994331018285573132e-01 2.291155689059473921e-01 1.934753178606707924e-01 -8.102358293209589724e-02 -1.158408260282531438e-01 -2.320927956846299545e-01 -1.795589473471400910e-01
-2.304910557837217822e-01 1.022087551894480945e-01 1.751961091911695134e-01 1.694946815132113427e-01 2.938270554748092511e-01 -9.079157600761063318e-02 -1.323457610057394707e-01 -2.324757234895382108e-01 -1.716036377104705468e-01 2.360030095993346511e-01 -2.092645194409512976e-03 -1.379982814995713847e-01 -3.315041612720255326e-01 3.277341059620603736e-01 1.340429152158510162e-01 -3.246286475991449084e-03 -2.343361712256796514e-01 1.636978054098951196e-01 2.246549147458864748e-01 1.380363338384828498e-01 -2.991577731601326451e-01 -8.506320842780598634e-02 1.696449602966619008e-01 1.696199308845025844e-01 1.063756834124481715e-01 -2.335807462452269279e-01
2.304910557937064619e-01 1.022087552196736665e-01 -1.751961091802654302e-01 1.694946815482722691e-01 2.938270554289580949e-01 9.079157597418564818e-02 1.323457610147885932e-01 -2.324757234190385491e-01 -1.716036377354806242e-01 -2.360030095643353143e-01 2.092645250203738119e-03 -1.379982814571024119e-01 3.315041612097278656e-01 3.277341059473486418e-01 -1.340429152172233351e-01 -3.246286522144159210e-03 -2.343361712208919811e-01 -1.636978054432779994e-01 -2.246549147438129390e-01 1.380363338543316720e-01 2.991577731882690272e-01 -8.506320840531057803e-02 -1.696449603637243120e-01 1.696199309197540250e-01 -1.063756834676884006e-01 -2.335807463365315306e-01
-1.817283023067550185e-01 2.274061412531139248e-01 -1.012445890852989167e-01 9.686641667947064327e-02 2.321740390253469732e-01 2.028341590417754581e-01 -2.943016502988192173e-01 1.360143662149415067e-01 1.369283508631576607e-01 1.309324844308918656e-01 4.957087411844169657e-03 3.073096595524980601e-01 2.601470984970531419e-01 -2.587090311579933188e-01 -3.002130946661111799e-01 7.929034890471446315e-03 -1.164621205925288339e-01 -1.346655981408251823e-01 -1.514471602088204027e-01 2.994331022183935875e-01 -2.291155692172491820e-01 1.934753179533821588e-01 8.102358308512890017e-02 -1.158408260164973530e-01 2.320927958539863722e-01 -1.795589475289331716e-01
2.667573513897724125e-01 -2.278890718312231445e-01 -7.241172401060776143e-02 -2.871097191181100627e-01 -2.087281353988473254e-01 -1.542402312764387662e-01 1.768095869621545690e-01 5.422885098518302749e-02 1.801011848102906376e-01 -2.052559391345721573e-01 3.052493543628493344e-01 -9.654947193807891792e-02 9.133985093767861552e-02 9.184473817189141298e-02 -9.679485633612472384e-02 -3.014127374384562574e-01 -2.018570336450945246e-01 1.732920709185614694e-01 4.527824287780542190e-02 1.844354233142672661e-01 -2.126275544347805690e-01 1.621017507905157529e-01 2.851192800520195303e-01 5.953454493608465597e-02 2.386257642474176044e-01 -2.711070245612339780e-01
-9.765346196226340481e-02 1.793262480137273462e-01 -2.248000021929253134e-01 -2.187383961639002561e-01 1.236161695584840486e-01 -1.611520114353628963e-01 -2.286954288973926108e-01 2.940035951550064586e-01 -7.306688034813375865e-02 -3.023198601019757015e-01 -1.686736366470082456e-03 -2.478899254642685790e-01 -1.416248589376336020e-01 1.487143795625310572e-01 2.579132924949803507e-01 -1.192269922081634972e-02 3.091525790446477684e-01 8.728298582376597947e-02 -2.917407179033225106e-01 2.167153848524374371e-01 -1.110136551082278461e-01 -1.741012485249533170e-01 -2.243134113362792448e-01 -2.207669642807945920e-01 1.682518236555058944e-01 -8.740746800651744142e-02
-7.300883172567737556e-02 -1.469454739722674264e-01 -2.161548038394355276e-01 2.712412832751283087e-01 -5.676377083322740880e-02 -3.008242709809732518e-01 -1.128029704416632917e-01 -1.632513080616414813e-01 2.851207109656260785e-01 -1.984178205992153943e-01 -1.944041186292482792e-01 2.022734819005726215e-01 -1.497084825732775681e-01 1.533213391125098357e-01 -2.059620140183901216e-01 -2.049674273844221684e-01 1.984858625235678131e-01 -2.984941338300339253e-01 1.577524792287784416e-01 1.031373038880620263e-01 4.850166999324668354e-02 -3.056300589420567482e-01 2.642372546668009248e-01 -2.005115829038756903e-01 -1.287367620047737138e-01 -5.988363017682171718e-02
9.765346198900373698e-02 1.793262480449405172e-01 2.248000022007929644e-01 -2.187383961310969960e-01 -1.236161695225196366e-01 1.611520113596207060e-01 -2.286954288574317151e-01 -2.940035951449542773e-01 -7.306688024675780935e-02 -3.023198601318686229e-01 1.686736283877098789e-03 2.478899255184379147e-01 -1.416248589869008867e-01 1.487143796180091793e-01 -2.579132925394569398e-01 1.192269913012390138e-02 3.091525790420426856e-01 8.728298570601727979e-02 2.917407178524096256e-01 2.167153847817160084e-01 1.110136550583505216e-01 1.741012484487003686e-01 -2.243134113440052035e-01 2.207669643656077763e-01 1.682518237657308069e-01 8.740746808066263140e-02
1.817283025647460637e-01 2.274061416105761513e-01 1.012445893341472475e-01 9.686641666114022275e-02 -2.321740391848971519e-01 -2.028341592172682173e-01 -2.943016504726694849e-01 -1.360143662520193197e-01 1.369283510926854186e-01 1.309324845406460713e-01 -4.957087565868045775e-03 -3.073096596716728968e-01 2.601470985190307839e-01 -2.587090310466964027e-01 3.002130945270329865e-01 -7.929035035983274596e-03 -1.164621205660242159e-01 -1.346655982315390077e-01 1.514471600028108045e-01 2.994331018433444846e-01 2.291155689159113384e-01 -1.934753178656814510e-01 8.102358292661798744e-02 1.158408260378442772e-01 2.320927956929457470e-01 1.795589473517023860e-01
2.304910558373715335e-01 1.022087552316209152e-01 -1.751961092069927450e-01 1.694946815570042842e-01 -2.938270554681095548e-01 9.079157599043910509e-02 -1.323457610254245298e-01 2.324757234470839207e-01 -1.716036377364221766e-01 2.360030095781334991e-01 2.092645234569181969e-03 1.379982814740795261e-01 -3.315041612225979595e-01 3.277341059346792762e-01 -1.340429152022095116e-01 3.246286539357940825e-03 -2.343361712039926104e-01 1.636978054398761651e-01 -2.246549147162152649e-01 1.380363338415690477e-01 2.991577731498001325e-01 8.506320838912360960e-02 1.696449603519010751e-01 -1.696199308951288343e-01 1.063756834544720142e-01 2.335807462967640635e-01
-7.300883183892427353e-02 1.469454741438470380e-01 -2.161548039750565697e-01 -2.712412832838648757e-01 5.676377090345398335e-02 -3.008242708320045256e-01 -1.128029705537578475e-01 1.632513081722772319e-01 -2.851207107202492486e-01 -1.984178206704055036e-01 -1.944041184258986921e-01 -2.022734819195907696e-01 -1.497084825595967617e-01 -1.533213390251315089e-01 -2.059620139880423417e-01 2.049674273178323791e-01 -1.984858626012411809e-01 -2.984941337517029170e-01 1.577524793797991931e-01 -1.031373040386236450e-01 4.850167008225301363e-02 3.056300589073110974e-01 2.642372547039967823e-01 2.005115829994555954e-01 -1.287367621112491256e-01 5.988363024421027025e-02
2.667573512833804616e-01 -2.278890717065669147e-01 -7.241172406118241700e-02 -2.871097190756523032e-01 2.087281352405103152e-01 -1.542402311873357357e-01 -1.768095867603743099e-01 -5.422885106734649796e-02 1.801011848919626679e-01 2.052559390263829775e-01 3.052493544047990004e-01 9.654947174112056552e-02 -9.133985106530573272e-02 9.184473808658857874e-02 -9.679485647700228346e-02 3.014127373685721034e-01 -2.018570337314117280e-01 -1.732920708071418459e-01 4.527824280099676524e-02 1.844354235307311130e-01 -2.126275546261224281e-01 -1.621017508822288622e-01 -2.851192800776420344e-01 -5.953454486763441050e-02 -2.386257643900716596e-01 2.711070246839141773e-01
-1.834980611665613937e-01 -2.866278294389804082e-01 -2.540859313542879749e-01 8.965567315564548778e-02 -1.442859990297316597e-01 1.318066892627981213e-01 -2.226733005952703792e-01 -1.932259816147945397e-01 -2.876348249263246393e-01 -6.528655347254164187e-02 2.596423919103308942e-01 -8.761412137259409760e-02 1.470213568197733800e-01 -1.469732539891802914e-01 8.180326801313170249e-02 2.591301113805337675e-01 7.619000266468758942e-02 2.798588854798169101e-01 2.022202539926555576e-01 2.228598241869813312e-01 1.392724675665540646e-01 1.105669837649756182e-01 1.149996924775931462e-01 -2.705496798208132381e-01 -2.880851657831106083e-01 -1.777594849683014067e-01
-1.834980611912473969e-01 -2.866278294761195333e-01 -2.540859313838778055e-01 8.965567315946346150e-02 1.442859990309762475e-01 1.318066892846307681e-01 2.226733005967382606e-01 1.932259816138455766e-01 -2.876348249552319047e-01 6.528655346867125175e-02 2.596423919280703152e-01 8.761412137573072745e-02 -1.470213568186165554e-01 -1.469732539851978381e-01 8.180326800569120982e-02 -2.591301113577959558e-01 7.619000267302064588e-02 -2.798588854507668700e-01 2.022202540001033222e-01 2.228598241913237188e-01 1.392724675675230395e-01 -1.105669837510485087e-01 -1.149996924635448559e-01 2.705496797856736801e-01 2.880851657466376170e-01 1.777594849465496951e-01
7.300883183452705483e-02 -1.469454741370933848e-01 2.161548039728358739e-01 2.712412832962712850e-01 5.676377089216631117e-02 3.008242708642308583e-01 -1.128029705329035709e-01 1.632513081350160100e-01 2.851207107647114047e-01 -1.984178206002507328e-01 1.944041184619942075e-01 -2.022734818135024371e-01 -1.497084824594829833e-01 1.533213390714955604e-01 2.059620140668787791e-01 2.049674272000610031e-01 1.984858627035963330e-01 -2.984941336284165914e-01 -1.577524794903202576e-01 1.031373041328476625e-01 -4.850167013593172094e-02 3.056300588524725192e-01 2.642372547275687600e-01 2.005115830701479918e-01 -1.287367621861223721e-01 5.988363028965108109e-02
