# of blocks mean (X_1)     std.err. (X_1)  std.err.err. (X_1)  
# from 50000 to 0
2049        -1.67697293265 6.55571365e-05  1.02433026e-06       
1024        -1.67697206152 8.48005390e-05  1.87476052e-06       
512         -1.67697206152 9.95092226e-05  3.11270444e-06       
256         -1.67697206152 1.04617461e-04  4.63253902e-06       
128         -1.67697206152 1.01765655e-04  6.38534508e-06       
64          -1.67697206152 9.23128532e-05  8.22388260e-06       
32          -1.67697206152 7.05387321e-05  8.95842794e-06       
16          -1.67697206152 6.02863701e-05  1.10067349e-05       
8           -1.67697206152 4.92829604e-05  1.31714252e-05       
4           -1.67697206152 2.26599141e-05  9.25087118e-06       
2           -1.67697206152 3.12832031e-05  2.21205651e-05       
