# FIXED-NODE: TRIAL WAVE FUNCTION DUMP FILE [ nI | twfn amp. ]
 # Size of Hilbert Space:          441
 # Type of Trial Wave Function |  Slater =           1  |  Jastrow = T  |  Backflow = F
 
         1   1   2   3   4   5   6   7   8   9  10   4.62543241800E-01
         2   1   2   3   4   5   6   7   8   9  12   3.72955303746E-03
         3   1   2   3   4   5   6   7   8   9  14  -1.46101500965E-02
         4   1   2   3   4   5   6   7   8  10  11  -3.72955303746E-03
         5   1   2   3   4   5   6   7   8  10  13   1.46101500965E-02
         6   1   2   3   4   5   6   7   8  11  12   2.63593603891E-08
         7   1   2   3   4   5   6   7   8  11  14  -1.25369817607E-08
         8   1   2   3   4   5   6   7   8  12  13   1.25369817607E-08
         9   1   2   3   4   5   6   7   8  13  14   2.05717317639E-06
        10   1   2   3   4   5   6   7   9  10  12  -2.34582979599E-01
        11   1   2   3   4   5   6   7   9  10  14  -2.35144464137E-01
        12   1   2   3   4   5   6   7   9  12  14  -5.88473319822E-10
        13   1   2   3   4   5   6   7  10  11  12   1.34815043868E-08
        14   1   2   3   4   5   6   7  10  11  14   8.61658448812E-09
        15   1   2   3   4   5   6   7  10  12  13   5.79390355677E-08
        16   1   2   3   4   5   6   7  10  13  14  -6.21295875389E-08
        17   1   2   3   4   5   6   7  11  12  14  -2.11611847273E-16
        18   1   2   3   4   5   6   7  12  13  14  -3.56652321728E-15
        19   1   2   3   4   5   6   8   9  10  11   2.34582979599E-01
        20   1   2   3   4   5   6   8   9  10  13   2.35144464137E-01
        21   1   2   3   4   5   6   8   9  11  12  -1.34815043868E-08
        22   1   2   3   4   5   6   8   9  11  14   5.79390355677E-08
        23   1   2   3   4   5   6   8   9  12  13   8.61658448812E-09
        24   1   2   3   4   5   6   8   9  13  14   6.21295875389E-08
        25   1   2   3   4   5   6   8  10  11  13  -5.88473319822E-10
        26   1   2   3   4   5   6   8  11  12  13   2.11611847273E-16
        27   1   2   3   4   5   6   8  11  13  14   3.56652321728E-15
        28   1   2   3   4   5   6   9  10  11  12   3.13013476131E-19
        29   1   2   3   4   5   6   9  10  11  14   2.34854346159E-27
        30   1   2   3   4   5   6   9  10  12  13  -2.34854346159E-27
        31   1   2   3   4   5   6   9  10  13  14   2.66073385591E-32
        32   1   2   3   4   5   6   9  11  12  14  -1.94952402583E-22
        33   1   2   3   4   5   6   9  12  13  14   1.96990399457E-35
        34   1   2   3   4   5   6  10  11  12  13   1.94952402583E-22
        35   1   2   3   4   5   6  10  11  13  14  -1.96990399457E-35
        36   1   2   3   4   5   6  11  12  13  14   1.13676735696E-38
        37   1   2   3   4   5   7   8   9  10  12   1.09509491433E-01
        38   1   2   3   4   5   7   8   9  10  14  -8.22404613203E-02
        39   1   2   3   4   5   7   8   9  12  14  -1.18314253808E-07
        40   1   2   3   4   5   7   8  10  11  12  -5.40075601916E-10
        41   1   2   3   4   5   7   8  10  11  14   2.60744097018E-10
        42   1   2   3   4   5   7   8  10  12  13  -2.29237992237E-09
        43   1   2   3   4   5   7   8  10  13  14  -1.85251787770E-09
        44   1   2   3   4   5   7   8  11  12  14  -1.39029220382E-05
        45   1   2   3   4   5   7   8  12  13  14  -2.32789499112E-04
        46   1   2   3   4   5   7   9  10  12  14   5.44049457249E-03
        47   1   2   3   4   5   7  10  11  12  14  -1.25239875947E-16
        48   1   2   3   4   5   7  10  12  13  14  -9.76230179264E-16
        49   1   2   3   4   5   8   9  10  11  12   1.57152559283E-03
        50   1   2   3   4   5   8   9  10  11  14  -1.20096697744E-03
        51   1   2   3   4   5   8   9  10  12  13  -1.57024372194E-03
        52   1   2   3   4   5   8   9  10  13  14  -1.16223782222E-03
        53   1   2   3   4   5   8   9  11  12  14   1.25446311747E-14
        54   1   2   3   4   5   8   9  12  13  14  -1.45422426396E-14
        55   1   2   3   4   5   8  10  11  12  13   2.46866943466E-18
        56   1   2   3   4   5   8  10  11  13  14   2.18877152294E-18
        57   1   2   3   4   5   8  11  12  13  14  -1.15776239159E-13
        58   1   2   3   4   5   9  10  11  12  14  -2.14976273259E-22
        59   1   2   3   4   5   9  10  12  13  14   1.81837958360E-35
        60   1   2   3   4   5  10  11  12  13  14  -1.14096176044E-36
        61   1   2   3   4   6   7   8   9  10  11  -1.09509491433E-01
        62   1   2   3   4   6   7   8   9  10  13   8.22404613203E-02
        63   1   2   3   4   6   7   8   9  11  12   5.40075601916E-10
        64   1   2   3   4   6   7   8   9  11  14  -2.29237992237E-09
        65   1   2   3   4   6   7   8   9  12  13   2.60744097018E-10
        66   1   2   3   4   6   7   8   9  13  14   1.85251787770E-09
        67   1   2   3   4   6   7   8  10  11  13  -1.18314253808E-07
        68   1   2   3   4   6   7   8  11  12  13   1.39029220382E-05
        69   1   2   3   4   6   7   8  11  13  14   2.32789499112E-04
        70   1   2   3   4   6   7   9  10  11  12  -1.57152559283E-03
        71   1   2   3   4   6   7   9  10  11  14  -1.57024372194E-03
        72   1   2   3   4   6   7   9  10  12  13  -1.20096697744E-03
        73   1   2   3   4   6   7   9  10  13  14   1.16223782222E-03
        74   1   2   3   4   6   7   9  11  12  14   2.46866943466E-18
        75   1   2   3   4   6   7   9  12  13  14   2.18877152294E-18
        76   1   2   3   4   6   7  10  11  12  13   1.25446311747E-14
        77   1   2   3   4   6   7  10  11  13  14  -1.45422426396E-14
        78   1   2   3   4   6   7  11  12  13  14   1.15776239159E-13
        79   1   2   3   4   6   8   9  10  11  13   5.44049457249E-03
        80   1   2   3   4   6   8   9  11  12  13  -1.25239875947E-16
        81   1   2   3   4   6   8   9  11  13  14  -9.76230179264E-16
        82   1   2   3   4   6   9  10  11  12  13   2.14976273259E-22
        83   1   2   3   4   6   9  10  11  13  14  -1.81837958360E-35
        84   1   2   3   4   6   9  11  12  13  14   1.14096176044E-36
        85   1   2   3   4   7   8   9  10  11  12   2.82931083731E-04
        86   1   2   3   4   7   8   9  10  11  14  -9.68754576156E-09
        87   1   2   3   4   7   8   9  10  12  13   9.68754576156E-09
        88   1   2   3   4   7   8   9  10  13  14   2.19843319114E-09
        89   1   2   3   4   7   8   9  11  12  14   2.27897308152E-04
        90   1   2   3   4   7   8   9  12  13  14   2.82814802831E-09
        91   1   2   3   4   7   8  10  11  12  13  -2.27897308152E-04
        92   1   2   3   4   7   8  10  11  13  14  -2.82814802831E-09
        93   1   2   3   4   7   8  11  12  13  14   5.00027855770E-05
        94   1   2   3   4   7   9  10  11  12  14  -4.13528184592E-07
        95   1   2   3   4   7   9  10  12  13  14  -4.32407664074E-12
        96   1   2   3   4   7  10  11  12  13  14   8.96013238914E-13
        97   1   2   3   4   8   9  10  11  12  13   4.13528184592E-07
        98   1   2   3   4   8   9  10  11  13  14   4.32407664074E-12
        99   1   2   3   4   8   9  11  12  13  14  -8.96013238914E-13
       100   1   2   3   4   9  10  11  12  13  14   6.01851649039E-33
       101   1   2   3   5   6   7   8   9  10  12  -5.09712247927E-01
       102   1   2   3   5   6   7   8   9  10  14  -6.97694244165E-01
       103   1   2   3   5   6   7   8   9  12  14  -1.20593339302E-02
       104   1   2   3   5   6   7   8  10  11  12   2.68841772131E-03
       105   1   2   3   5   6   7   8  10  11  14   2.40619935306E-03
       106   1   2   3   5   6   7   8  10  12  13   1.19983793790E-02
       107   1   2   3   5   6   7   8  10  13  14  -1.76464025560E-02
       108   1   2   3   5   6   7   8  11  12  14  -8.58778565656E-10
       109   1   2   3   5   6   7   8  12  13  14  -1.50967611152E-08
       110   1   2   3   5   6   7   9  10  12  14   8.67131134142E-02
       111   1   2   3   5   6   7  10  11  12  14  -2.13480352357E-09
       112   1   2   3   5   6   7  10  12  13  14  -1.74708003109E-08
       113   1   2   3   5   6   8   9  10  11  12  -2.38280423854E-01
       114   1   2   3   5   6   8   9  10  11  14  -3.37577040267E-01
       115   1   2   3   5   6   8   9  10  12  13   2.50338574124E-01
       116   1   2   3   5   6   8   9  10  13  14  -3.37220131656E-01
       117   1   2   3   5   6   8   9  11  12  14   4.16521810873E-08
       118   1   2   3   5   6   8   9  12  13  14  -5.06939959338E-08
       119   1   2   3   5   6   8  10  11  12  13  -4.20913187110E-10
       120   1   2   3   5   6   8  10  11  13  14   6.90806534486E-10
       121   1   2   3   5   6   8  11  12  13  14  -2.44587035753E-16
       122   1   2   3   5   6   9  10  11  12  14  -4.73343562458E-15
       123   1   2   3   5   6   9  10  12  13  14   4.20354576471E-28
       124   1   2   3   5   6  10  11  12  13  14  -2.82079293007E-23
       125   1   2   3   5   7   8   9  10  12  14  -2.51418900117E-01
       126   1   2   3   5   7   8  10  11  12  14   5.31168106703E-10
       127   1   2   3   5   7   8  10  12  13  14   4.31856141999E-09
       128   1   2   3   5   8   9  10  11  12  14  -3.44746983619E-03
       129   1   2   3   5   8   9  10  12  13  14   3.51234202795E-03
       130   1   2   3   5   8  10  11  12  13  14  -4.46393755628E-18
       131   1   2   3   6   7   8   9  10  11  12   1.15264289524E-01
       132   1   2   3   6   7   8   9  10  11  14   1.61279232545E-01
       133   1   2   3   6   7   8   9  10  12  13   9.14739264979E-02
       134   1   2   3   6   7   8   9  10  13  14  -1.21413685906E-01
       135   1   2   3   6   7   8   9  11  12  14  -1.70767111326E-09
       136   1   2   3   6   7   8   9  12  13  14  -1.57920762159E-09
       137   1   2   3   6   7   8  10  11  12  13  -8.76907881853E-08
       138   1   2   3   6   7   8  10  11  13  14   1.42978290319E-07
       139   1   2   3   6   7   8  11  12  13  14  -1.65425674432E-05
       140   1   2   3   6   7   9  10  11  12  14   5.68058260513E-04
       141   1   2   3   6   7   9  10  12  13  14   4.42642596995E-04
       142   1   2   3   6   7  10  11  12  13  14  -3.73770888253E-15
       143   1   2   3   6   8   9  10  11  12  13   5.68207798185E-03
       144   1   2   3   6   8   9  10  11  13  14  -7.80636119798E-03
       145   1   2   3   6   8   9  11  12  13  14   7.28064811092E-16
       146   1   2   3   6   9  10  11  12  13  14  -3.80201429883E-23
       147   1   2   3   7   8   9  10  11  12  14  -1.70994901320E-03
       148   1   2   3   7   8   9  10  12  13  14  -1.86495749687E-08
       149   1   2   3   7   8  10  11  12  13  14   3.54666201119E-04
       150   1   2   3   8   9  10  11  12  13  14  -7.64122437978E-07
       151   1   2   4   5   6   7   8   9  10  11   5.09712247927E-01
       152   1   2   4   5   6   7   8   9  10  13   6.97694244165E-01
       153   1   2   4   5   6   7   8   9  11  12  -2.68841772131E-03
       154   1   2   4   5   6   7   8   9  11  14   1.19983793790E-02
       155   1   2   4   5   6   7   8   9  12  13   2.40619935306E-03
       156   1   2   4   5   6   7   8   9  13  14   1.76464025560E-02
       157   1   2   4   5   6   7   8  10  11  13  -1.20593339302E-02
       158   1   2   4   5   6   7   8  11  12  13   8.58778565656E-10
       159   1   2   4   5   6   7   8  11  13  14   1.50967611152E-08
       160   1   2   4   5   6   7   9  10  11  12   2.38280423854E-01
       161   1   2   4   5   6   7   9  10  11  14   2.50338574124E-01
       162   1   2   4   5   6   7   9  10  12  13  -3.37577040267E-01
       163   1   2   4   5   6   7   9  10  13  14   3.37220131656E-01
       164   1   2   4   5   6   7   9  11  12  14  -4.20913187110E-10
       165   1   2   4   5   6   7   9  12  13  14   6.90806534486E-10
       166   1   2   4   5   6   7  10  11  12  13   4.16521810873E-08
       167   1   2   4   5   6   7  10  11  13  14  -5.06939959338E-08
       168   1   2   4   5   6   7  11  12  13  14   2.44587035753E-16
       169   1   2   4   5   6   8   9  10  11  13   8.67131134142E-02
       170   1   2   4   5   6   8   9  11  12  13  -2.13480352357E-09
       171   1   2   4   5   6   8   9  11  13  14  -1.74708003109E-08
       172   1   2   4   5   6   9  10  11  12  13   4.73343562458E-15
       173   1   2   4   5   6   9  10  11  13  14  -4.20354576471E-28
       174   1   2   4   5   6   9  11  12  13  14   2.82079293007E-23
       175   1   2   4   5   7   8   9  10  11  12  -1.15264289524E-01
       176   1   2   4   5   7   8   9  10  11  14   9.14739264979E-02
       177   1   2   4   5   7   8   9  10  12  13   1.61279232545E-01
       178   1   2   4   5   7   8   9  10  13  14   1.21413685906E-01
       179   1   2   4   5   7   8   9  11  12  14  -8.76907881853E-08
       180   1   2   4   5   7   8   9  12  13  14   1.42978290319E-07
       181   1   2   4   5   7   8  10  11  12  13  -1.70767111326E-09
       182   1   2   4   5   7   8  10  11  13  14  -1.57920762159E-09
       183   1   2   4   5   7   8  11  12  13  14   1.65425674432E-05
       184   1   2   4   5   7   9  10  11  12  14   5.68207798185E-03
       185   1   2   4   5   7   9  10  12  13  14  -7.80636119798E-03
       186   1   2   4   5   7  10  11  12  13  14   7.28064811092E-16
       187   1   2   4   5   8   9  10  11  12  13   5.68058260513E-04
       188   1   2   4   5   8   9  10  11  13  14   4.42642596995E-04
       189   1   2   4   5   8   9  11  12  13  14  -3.73770888253E-15
       190   1   2   4   5   9  10  11  12  13  14   3.80201429883E-23
       191   1   2   4   6   7   8   9  10  11  13  -2.51418900117E-01
       192   1   2   4   6   7   8   9  11  12  13   5.31168106703E-10
       193   1   2   4   6   7   8   9  11  13  14   4.31856141999E-09
       194   1   2   4   6   7   9  10  11  12  13  -3.44746983619E-03
       195   1   2   4   6   7   9  10  11  13  14   3.51234202795E-03
       196   1   2   4   6   7   9  11  12  13  14  -4.46393755628E-18
       197   1   2   4   7   8   9  10  11  12  13   1.70994901320E-03
       198   1   2   4   7   8   9  10  11  13  14   1.86495749687E-08
       199   1   2   4   7   8   9  11  12  13  14  -3.54666201119E-04
       200   1   2   4   7   9  10  11  12  13  14   7.64122437978E-07
       201   1   2   5   6   7   8   9  10  11  12   4.78378952640E-01
       202   1   2   5   6   7   8   9  10  11  14   7.08094866799E-01
       203   1   2   5   6   7   8   9  10  12  13  -7.08094866799E-01
       204   1   2   5   6   7   8   9  10  13  14   9.61782527025E-01
       205   1   2   5   6   7   8   9  11  12  14  -8.49329821008E-03
       206   1   2   5   6   7   8   9  12  13  14   1.42514791380E-02
       207   1   2   5   6   7   8  10  11  12  13   8.49329821008E-03
       208   1   2   5   6   7   8  10  11  13  14  -1.42514791380E-02
       209   1   2   5   6   7   8  11  12  13  14   8.12106178196E-08
       210   1   2   5   6   7   9  10  11  12  14   8.39891526311E-02
       211   1   2   5   6   7   9  10  12  13  14  -1.18749583331E-01
       212   1   2   5   6   7  10  11  12  13  14   1.25462124284E-08
       213   1   2   5   6   8   9  10  11  12  13  -8.39891526311E-02
       214   1   2   5   6   8   9  10  11  13  14   1.18749583331E-01
       215   1   2   5   6   8   9  11  12  13  14  -1.25462124284E-08
       216   1   2   5   6   9  10  11  12  13  14   1.89889002886E-20
       217   1   2   5   7   8   9  10  11  12  14  -2.47889485655E-01
       218   1   2   5   7   8   9  10  12  13  14   3.48192347807E-01
       219   1   2   5   7   8  10  11  12  13  14  -3.15689910306E-09
       220   1   2   5   8   9  10  11  12  13  14   1.21691443800E-03
       221   1   2   6   7   8   9  10  11  12  13   2.47889485655E-01
       222   1   2   6   7   8   9  10  11  13  14  -3.48192347807E-01
       223   1   2   6   7   8   9  11  12  13  14   3.15689910306E-09
       224   1   2   6   7   9  10  11  12  13  14  -1.21691443800E-03
       225   1   2   7   8   9  10  11  12  13  14   1.15954417539E-03
       226   1   3   4   5   6   7   8   9  10  12   7.07468571046E-01
       227   1   3   4   5   6   7   8   9  10  14   4.62037553775E-01
       228   1   3   4   5   6   7   8   9  12  14   1.77287559028E-02
       229   1   3   4   5   6   7   8  10  11  12  -4.25028936957E-03
       230   1   3   4   5   6   7   8  10  11  14  -1.78398747163E-03
       231   1   3   4   5   6   7   8  10  12  13  -1.80305372038E-02
       232   1   3   4   5   6   7   8  10  13  14   1.23979412680E-02
       233   1   3   4   5   6   7   8  11  12  14   4.24527737845E-09
       234   1   3   4   5   6   7   8  12  13  14   6.95104735838E-08
       235   1   3   4   5   6   7   9  10  12  14   1.11866337065E-01
       236   1   3   4   5   6   7  10  11  12  14  -3.13698337086E-09
       237   1   3   4   5   6   7  10  12  13  14  -2.39116031658E-08
       238   1   3   4   5   6   8   9  10  11  12   3.43585440616E-01
       239   1   3   4   5   6   8   9  10  11  14   2.28274675812E-01
       240   1   3   4   5   6   8   9  10  12  13  -3.43114040275E-01
       241   1   3   4   5   6   8   9  10  13  14   2.16088435450E-01
       242   1   3   4   5   6   8   9  11  12  14  -6.36146282670E-08
       243   1   3   4   5   6   8   9  12  13  14   7.21136305715E-08
       244   1   3   4   5   6   8  10  11  12  13   6.57117321593E-10
       245   1   3   4   5   6   8  10  11  13  14  -4.95589991563E-10
       246   1   3   4   5   6   8  11  12  13  14   1.16994165672E-15
       247   1   3   4   5   6   9  10  11  12  14  -9.69986300533E-05
       248   1   3   4   5   6   9  10  12  13  14   8.02317924473E-18
       249   1   3   4   5   6  10  11  12  13  14  -6.13255693245E-13
       250   1   3   4   5   7   8   9  10  12  14   2.31139973197E-01
       251   1   3   4   5   7   8  10  11  12  14  -5.56222809524E-10
       252   1   3   4   5   7   8  10  12  13  14  -4.21208856034E-09
       253   1   3   4   5   8   9  10  11  12  14   3.29262232086E-03
       254   1   3   4   5   8   9  10  12  13  14  -3.12449498984E-03
       255   1   3   4   5   8  10  11  12  13  14   4.52314812681E-18
       256   1   3   4   6   7   8   9  10  11  12  -1.64900713132E-01
       257   1   3   4   6   7   8   9  10  11  14  -1.08204332281E-01
       258   1   3   4   6   7   8   9  10  12  13  -1.24391127610E-01
       259   1   3   4   6   7   8   9  10  13  14   7.71910667750E-02
       260   1   3   4   6   7   8   9  11  12  14   2.58764589674E-09
       261   1   3   4   6   7   8   9  12  13  14   2.22885303994E-09
       262   1   3   4   6   7   8  10  11  12  13   1.35826879836E-07
       263   1   3   4   6   7   8  10  11  13  14  -1.01769480488E-07
       264   1   3   4   6   7   8  11  12  13  14   7.85082058584E-05
       265   1   3   4   6   7   9  10  11  12  14   7.55358623950E-04
       266   1   3   4   6   7   9  10  12  13  14   5.48220292220E-04
       267   1   3   4   6   7  10  11  12  13  14  -5.27286972698E-15
       268   1   3   4   6   8   9  10  11  12  13  -8.02719068230E-03
       269   1   3   4   6   8   9  10  11  13  14   5.06781484192E-03
       270   1   3   4   6   8   9  11  12  13  14  -1.06752130332E-15
       271   1   3   4   6   9  10  11  12  13  14  -7.47980257220E-13
       272   1   3   4   7   8   9  10  11  12  14   1.22277194246E-05
       273   1   3   4   7   8   9  10  12  13  14   1.24214653360E-10
       274   1   3   4   7   8  10  11  12  13  14  -2.69068813628E-06
       275   1   3   4   8   9  10  11  12  13  14   5.28726590643E-09
       276   1   3   5   6   7   8   9  10  12  14   5.05902735403E-01
       277   1   3   5   6   7   8  10  11  12  14  -1.30199599182E-03
       278   1   3   5   6   7   8  10  12  13  14  -1.03515083057E-02
       279   1   3   5   6   8   9  10  11  12  14   2.34761829649E-01
       280   1   3   5   6   8   9  10  12  13  14  -2.33889480099E-01
       281   1   3   5   6   8  10  11  12  13  14   3.62110026529E-10
       282   1   3   6   7   8   9  10  11  12  14  -1.15309622458E-01
       283   1   3   6   7   8   9  10  12  13  14  -8.72900967061E-02
       284   1   3   6   7   8  10  11  12  13  14   7.70524993468E-08
       285   1   3   6   8   9  10  11  12  13  14  -5.40681880725E-03
       286   1   4   5   6   7   8   9  10  11  12   7.15085875315E-01
       287   1   4   5   6   7   8   9  10  11  14   4.93371567552E-01
       288   1   4   5   6   7   8   9  10  12  13  -1.00000000000E+00
       289   1   4   5   6   7   8   9  10  13  14   6.40551853416E-01
       290   1   4   5   6   7   8   9  11  12  14  -1.26183682620E-02
       291   1   4   5   6   7   8   9  12  13  14   2.01189912363E-02
       292   1   4   5   6   7   8  10  11  12  13   1.28983552772E-02
       293   1   4   5   6   7   8  10  11  13  14  -1.01463877850E-02
       294   1   4   5   6   7   8  11  12  13  14   4.74348802291E-09
       295   1   4   5   6   7   9  10  11  12  14  -1.12195712030E-01
       296   1   4   5   6   7   9  10  12  13  14   1.50731697092E-01
       297   1   4   5   6   7  10  11  12  13  14  -1.71251561162E-08
       298   1   4   5   6   8   9  10  11  12  13  -1.19198924404E-01
       299   1   4   5   6   8   9  10  11  13  14   7.90086760449E-02
       300   1   4   5   6   8   9  11  12  13  14  -1.77991588753E-08
       301   1   4   5   6   9  10  11  12  13  14  -1.61095617899E-05
       302   1   4   5   7   8   9  10  11  12  14  -2.40216618808E-01
       303   1   4   5   7   8   9  10  12  13  14   3.20614825664E-01
       304   1   4   5   7   8  10  11  12  13  14  -3.12589573823E-09
       305   1   4   5   8   9  10  11  12  13  14   1.12606900615E-03
       306   1   4   6   7   8   9  10  11  12  13   3.55318644411E-01
       307   1   4   6   7   8   9  10  11  13  14  -2.33976729221E-01
       308   1   4   6   7   8   9  11  12  13  14   4.52333026170E-09
       309   1   4   6   7   9  10  11  12  13  14   1.56777550419E-03
       310   1   4   7   8   9  10  11  12  13  14   2.18424617715E-05
       311   1   5   6   7   8   9  10  11  12  14  -4.82573056135E-01
       312   1   5   6   7   8   9  10  12  13  14   6.62843594155E-01
       313   1   5   6   7   8  10  11  12  13  14  -7.32084301465E-03
       314   1   5   6   8   9  10  11  12  13  14   7.83988676492E-02
       315   1   6   7   8   9  10  11  12  13  14  -2.36335757729E-01
       316   2   3   4   5   6   7   8   9  10  11  -7.07468571046E-01
       317   2   3   4   5   6   7   8   9  10  13  -4.62037553775E-01
       318   2   3   4   5   6   7   8   9  11  12   4.25028936957E-03
       319   2   3   4   5   6   7   8   9  11  14  -1.80305372038E-02
       320   2   3   4   5   6   7   8   9  12  13  -1.78398747163E-03
       321   2   3   4   5   6   7   8   9  13  14  -1.23979412680E-02
       322   2   3   4   5   6   7   8  10  11  13   1.77287559028E-02
       323   2   3   4   5   6   7   8  11  12  13  -4.24527737845E-09
       324   2   3   4   5   6   7   8  11  13  14  -6.95104735838E-08
       325   2   3   4   5   6   7   9  10  11  12  -3.43585440616E-01
       326   2   3   4   5   6   7   9  10  11  14  -3.43114040275E-01
       327   2   3   4   5   6   7   9  10  12  13   2.28274675812E-01
       328   2   3   4   5   6   7   9  10  13  14  -2.16088435450E-01
       329   2   3   4   5   6   7   9  11  12  14   6.57117321593E-10
       330   2   3   4   5   6   7   9  12  13  14  -4.95589991563E-10
       331   2   3   4   5   6   7  10  11  12  13  -6.36146282670E-08
       332   2   3   4   5   6   7  10  11  13  14   7.21136305715E-08
       333   2   3   4   5   6   7  11  12  13  14  -1.16994165672E-15
       334   2   3   4   5   6   8   9  10  11  13   1.11866337065E-01
       335   2   3   4   5   6   8   9  11  12  13  -3.13698337086E-09
       336   2   3   4   5   6   8   9  11  13  14  -2.39116031658E-08
       337   2   3   4   5   6   9  10  11  12  13   9.69986300533E-05
       338   2   3   4   5   6   9  10  11  13  14  -8.02317924473E-18
       339   2   3   4   5   6   9  11  12  13  14   6.13255693245E-13
       340   2   3   4   5   7   8   9  10  11  12   1.64900713132E-01
       341   2   3   4   5   7   8   9  10  11  14  -1.24391127610E-01
       342   2   3   4   5   7   8   9  10  12  13  -1.08204332281E-01
       343   2   3   4   5   7   8   9  10  13  14  -7.71910667750E-02
       344   2   3   4   5   7   8   9  11  12  14   1.35826879836E-07
       345   2   3   4   5   7   8   9  12  13  14  -1.01769480488E-07
       346   2   3   4   5   7   8  10  11  12  13   2.58764589674E-09
       347   2   3   4   5   7   8  10  11  13  14   2.22885303994E-09
       348   2   3   4   5   7   8  11  12  13  14  -7.85082058584E-05
       349   2   3   4   5   7   9  10  11  12  14  -8.02719068230E-03
       350   2   3   4   5   7   9  10  12  13  14   5.06781484192E-03
       351   2   3   4   5   7  10  11  12  13  14  -1.06752130332E-15
       352   2   3   4   5   8   9  10  11  12  13   7.55358623950E-04
       353   2   3   4   5   8   9  10  11  13  14   5.48220292220E-04
       354   2   3   4   5   8   9  11  12  13  14  -5.27286972698E-15
       355   2   3   4   5   9  10  11  12  13  14   7.47980257220E-13
       356   2   3   4   6   7   8   9  10  11  13   2.31139973197E-01
       357   2   3   4   6   7   8   9  11  12  13  -5.56222809524E-10
       358   2   3   4   6   7   8   9  11  13  14  -4.21208856034E-09
       359   2   3   4   6   7   9  10  11  12  13   3.29262232086E-03
       360   2   3   4   6   7   9  10  11  13  14  -3.12449498984E-03
       361   2   3   4   6   7   9  11  12  13  14   4.52314812681E-18
       362   2   3   4   7   8   9  10  11  12  13  -1.22277194246E-05
       363   2   3   4   7   8   9  10  11  13  14  -1.24214653360E-10
       364   2   3   4   7   8   9  11  12  13  14   2.69068813628E-06
       365   2   3   4   7   9  10  11  12  13  14  -5.28726590643E-09
       366   2   3   5   6   7   8   9  10  11  12  -7.15085875315E-01
       367   2   3   5   6   7   8   9  10  11  14  -1.00000000000E+00
       368   2   3   5   6   7   8   9  10  12  13   4.93371567552E-01
       369   2   3   5   6   7   8   9  10  13  14  -6.40551853416E-01
       370   2   3   5   6   7   8   9  11  12  14   1.28983552772E-02
       371   2   3   5   6   7   8   9  12  13  14  -1.01463877850E-02
       372   2   3   5   6   7   8  10  11  12  13  -1.26183682620E-02
       373   2   3   5   6   7   8  10  11  13  14   2.01189912363E-02
       374   2   3   5   6   7   8  11  12  13  14  -4.74348802291E-09
       375   2   3   5   6   7   9  10  11  12  14  -1.19198924404E-01
       376   2   3   5   6   7   9  10  12  13  14   7.90086760449E-02
       377   2   3   5   6   7  10  11  12  13  14  -1.77991588753E-08
       378   2   3   5   6   8   9  10  11  12  13  -1.12195712030E-01
       379   2   3   5   6   8   9  10  11  13  14   1.50731697092E-01
       380   2   3   5   6   8   9  11  12  13  14  -1.71251561162E-08
       381   2   3   5   6   9  10  11  12  13  14   1.61095617899E-05
       382   2   3   5   7   8   9  10  11  12  14   3.55318644411E-01
       383   2   3   5   7   8   9  10  12  13  14  -2.33976729221E-01
       384   2   3   5   7   8  10  11  12  13  14   4.52333026170E-09
       385   2   3   5   8   9  10  11  12  13  14   1.56777550419E-03
       386   2   3   6   7   8   9  10  11  12  13  -2.40216618808E-01
       387   2   3   6   7   8   9  10  11  13  14   3.20614825664E-01
       388   2   3   6   7   8   9  11  12  13  14  -3.12589573823E-09
       389   2   3   6   7   9  10  11  12  13  14   1.12606900615E-03
       390   2   3   7   8   9  10  11  12  13  14  -2.18424617715E-05
       391   2   4   5   6   7   8   9  10  11  13   5.05902735403E-01
       392   2   4   5   6   7   8   9  11  12  13  -1.30199599182E-03
       393   2   4   5   6   7   8   9  11  13  14  -1.03515083057E-02
       394   2   4   5   6   7   9  10  11  12  13   2.34761829649E-01
       395   2   4   5   6   7   9  10  11  13  14  -2.33889480099E-01
       396   2   4   5   6   7   9  11  12  13  14   3.62110026529E-10
       397   2   4   5   7   8   9  10  11  12  13  -1.15309622458E-01
       398   2   4   5   7   8   9  10  11  13  14  -8.72900967061E-02
       399   2   4   5   7   8   9  11  12  13  14   7.70524993468E-08
       400   2   4   5   7   9  10  11  12  13  14  -5.40681880725E-03
       401   2   5   6   7   8   9  10  11  12  13   4.82573056135E-01
       402   2   5   6   7   8   9  10  11  13  14  -6.62843594155E-01
       403   2   5   6   7   8   9  11  12  13  14   7.32084301465E-03
       404   2   5   6   7   9  10  11  12  13  14  -7.83988676492E-02
       405   2   5   7   8   9  10  11  12  13  14   2.36335757729E-01
       406   3   4   5   6   7   8   9  10  11  12   9.96809883738E-01
       407   3   4   5   6   7   8   9  10  11  14   6.56038723934E-01
       408   3   4   5   6   7   8   9  10  12  13  -6.56038723934E-01
       409   3   4   5   6   7   8   9  10  13  14   3.95588433914E-01
       410   3   4   5   6   7   8   9  11  12  14  -2.03864161063E-02
       411   3   4   5   6   7   8   9  12  13  14   1.51942490383E-02
       412   3   4   5   6   7   8  10  11  12  13   2.03864161063E-02
       413   3   4   5   6   7   8  10  11  13  14  -1.51942490383E-02
       414   3   4   5   6   7   8  11  12  13  14   6.45979504011E-07
       415   3   4   5   6   7   9  10  11  12  14  -1.55961292835E-01
       416   3   4   5   6   7   9  10  12  13  14   9.79446027051E-02
       417   3   4   5   6   7  10  11  12  13  14  -2.68094270899E-08
       418   3   4   5   6   8   9  10  11  12  13   1.55961292835E-01
       419   3   4   5   6   8   9  10  11  13  14  -9.79446027051E-02
       420   3   4   5   6   8   9  11  12  13  14   2.68094270899E-08
       421   3   4   5   6   9  10  11  12  13  14   4.84394389388E-10
       422   3   4   5   7   8   9  10  11  12  14  -3.29860474540E-01
       423   3   4   5   7   8   9  10  12  13  14   2.05800385084E-01
       424   3   4   5   7   8  10  11  12  13  14  -4.83408346448E-09
       425   3   4   5   8   9  10  11  12  13  14  -1.44159279219E-03
       426   3   4   6   7   8   9  10  11  12  13   3.29860474540E-01
       427   3   4   6   7   8   9  10  11  13  14  -2.05800385084E-01
       428   3   4   6   7   8   9  11  12  13  14   4.83408346448E-09
       429   3   4   6   7   9  10  11  12  13  14   1.44159279219E-03
       430   3   4   7   8   9  10  11  12  13  14   7.39670525854E-06
       431   3   5   6   7   8   9  10  11  12  14  -6.76271825192E-01
       432   3   5   6   7   8   9  10  12  13  14   4.42978334712E-01
       433   3   5   6   7   8  10  11  12  13  14  -1.11280567434E-02
       434   3   5   6   8   9  10  11  12  13  14  -1.01081692222E-01
       435   3   6   7   8   9  10  11  12  13  14  -2.20084434402E-01
       436   4   5   6   7   8   9  10  11  12  13   6.76271825192E-01
       437   4   5   6   7   8   9  10  11  13  14  -4.42978334712E-01
       438   4   5   6   7   8   9  11  12  13  14   1.11280567434E-02
       439   4   5   6   7   9  10  11  12  13  14   1.01081692222E-01
       440   4   5   7   8   9  10  11  12  13  14   2.20084434402E-01
       441   5   6   7   8   9  10  11  12  13  14   4.22234059271E-01
