# FIXED-NODE: TRIAL WAVE FUNCTION DUMP FILE [ nI | twfn amp. ]
 # Size of Hilbert Space:          441
 # Type of Trial Wave Function |  Slater =           3  |  Jastrow = T  |  Backflow = F
 
         1   1   2   3   4   5   6   7   8   9  10   4.69932414439E-01
         2   1   2   3   4   5   6   7   8   9  12   6.90065863632E-05
         3   1   2   3   4   5   6   7   8   9  14  -1.17387844296E-02
         4   1   2   3   4   5   6   7   8  10  11  -6.90065863632E-05
         5   1   2   3   4   5   6   7   8  10  13   1.17387844296E-02
         6   1   2   3   4   5   6   7   8  11  12  -1.20147540992E-03
         7   1   2   3   4   5   6   7   8  11  14  -8.67961533878E-04
         8   1   2   3   4   5   6   7   8  12  13   8.67961533878E-04
         9   1   2   3   4   5   6   7   8  13  14  -1.59128375663E-03
        10   1   2   3   4   5   6   7   9  10  12  -2.28966045986E-01
        11   1   2   3   4   5   6   7   9  10  14  -2.25157444804E-01
        12   1   2   3   4   5   6   7   9  12  14  -1.19414374386E-53
        13   1   2   3   4   5   6   7  10  11  12  -3.05976394092E-03
        14   1   2   3   4   5   6   7  10  11  14   1.59663000240E-04
        15   1   2   3   4   5   6   7  10  12  13   6.03930290931E-04
        16   1   2   3   4   5   6   7  10  13  14   4.33355889863E-03
        17   1   2   3   4   5   6   7  11  12  14   6.86054972274E-05
        18   1   2   3   4   5   6   7  12  13  14   5.18003599690E-06
        19   1   2   3   4   5   6   8   9  10  11   2.28966045986E-01
        20   1   2   3   4   5   6   8   9  10  13   2.25157444804E-01
        21   1   2   3   4   5   6   8   9  11  12   3.05976394092E-03
        22   1   2   3   4   5   6   8   9  11  14   6.03930290931E-04
        23   1   2   3   4   5   6   8   9  12  13   1.59663000240E-04
        24   1   2   3   4   5   6   8   9  13  14  -4.33355889863E-03
        25   1   2   3   4   5   6   8  10  11  13  -1.19414374386E-53
        26   1   2   3   4   5   6   8  11  12  13  -6.86054972274E-05
        27   1   2   3   4   5   6   8  11  13  14  -5.18003599690E-06
        28   1   2   3   4   5   6   9  10  11  12  -4.46498285419E-02
        29   1   2   3   4   5   6   9  10  11  14  -3.33354958692E-02
        30   1   2   3   4   5   6   9  10  12  13   3.33354958692E-02
        31   1   2   3   4   5   6   9  10  13  14  -3.10399905328E-02
        32   1   2   3   4   5   6   9  11  12  14   1.39833988344E-12
        33   1   2   3   4   5   6   9  12  13  14  -6.87310581211E-13
        34   1   2   3   4   5   6  10  11  12  13  -1.39833988344E-12
        35   1   2   3   4   5   6  10  11  13  14   6.87310581211E-13
        36   1   2   3   4   5   6  11  12  13  14  -3.39326408836E-15
        37   1   2   3   4   5   7   8   9  10  12   1.06297837764E-01
        38   1   2   3   4   5   7   8   9  10  14  -7.94537105138E-02
        39   1   2   3   4   5   7   8   9  12  14   2.46250310886E-03
        40   1   2   3   4   5   7   8  10  11  12   5.40846446262E-03
        41   1   2   3   4   5   7   8  10  11  14   3.23201294190E-03
        42   1   2   3   4   5   7   8  10  12  13  -5.32590895595E-03
        43   1   2   3   4   5   7   8  10  13  14   7.41374498487E-03
        44   1   2   3   4   5   7   8  11  12  14   1.65749946805E-04
        45   1   2   3   4   5   7   8  12  13  14  -2.22052693274E-04
        46   1   2   3   4   5   7   9  10  12  14   5.66988941684E-08
        47   1   2   3   4   5   7  10  11  12  14   1.47059789275E-10
        48   1   2   3   4   5   7  10  12  13  14   1.53195052766E-10
        49   1   2   3   4   5   8   9  10  11  12  -1.29941047816E-02
        50   1   2   3   4   5   8   9  10  11  14  -1.96119190695E-03
        51   1   2   3   4   5   8   9  10  12  13  -5.51279531191E-03
        52   1   2   3   4   5   8   9  10  13  14   1.50510309344E-02
        53   1   2   3   4   5   8   9  11  12  14  -3.04471538915E-06
        54   1   2   3   4   5   8   9  12  13  14  -8.07785971629E-05
        55   1   2   3   4   5   8  10  11  12  13  -4.00145282904E-55
        56   1   2   3   4   5   8  10  11  13  14  -4.33959308919E-56
        57   1   2   3   4   5   8  11  12  13  14  -2.63630597575E-07
        58   1   2   3   4   5   9  10  11  12  14   1.73011088498E-09
        59   1   2   3   4   5   9  10  12  13  14  -1.06360701325E-09
        60   1   2   3   4   5  10  11  12  13  14   5.96073282525E-21
        61   1   2   3   4   6   7   8   9  10  11  -1.06297837764E-01
        62   1   2   3   4   6   7   8   9  10  13   7.94537105138E-02
        63   1   2   3   4   6   7   8   9  11  12  -5.40846446262E-03
        64   1   2   3   4   6   7   8   9  11  14  -5.32590895595E-03
        65   1   2   3   4   6   7   8   9  12  13   3.23201294190E-03
        66   1   2   3   4   6   7   8   9  13  14  -7.41374498487E-03
        67   1   2   3   4   6   7   8  10  11  13   2.46250310886E-03
        68   1   2   3   4   6   7   8  11  12  13  -1.65749946805E-04
        69   1   2   3   4   6   7   8  11  13  14   2.22052693274E-04
        70   1   2   3   4   6   7   9  10  11  12   1.29941047816E-02
        71   1   2   3   4   6   7   9  10  11  14  -5.51279531191E-03
        72   1   2   3   4   6   7   9  10  12  13  -1.96119190695E-03
        73   1   2   3   4   6   7   9  10  13  14  -1.50510309344E-02
        74   1   2   3   4   6   7   9  11  12  14  -4.00145282904E-55
        75   1   2   3   4   6   7   9  12  13  14  -4.33959308919E-56
        76   1   2   3   4   6   7  10  11  12  13  -3.04471538915E-06
        77   1   2   3   4   6   7  10  11  13  14  -8.07785971629E-05
        78   1   2   3   4   6   7  11  12  13  14   2.63630597575E-07
        79   1   2   3   4   6   8   9  10  11  13   5.66988941684E-08
        80   1   2   3   4   6   8   9  11  12  13   1.47059789275E-10
        81   1   2   3   4   6   8   9  11  13  14   1.53195052766E-10
        82   1   2   3   4   6   9  10  11  12  13  -1.73011088498E-09
        83   1   2   3   4   6   9  10  11  13  14   1.06360701325E-09
        84   1   2   3   4   6   9  11  12  13  14  -5.96073282525E-21
        85   1   2   3   4   7   8   9  10  11  12  -2.29491363579E-02
        86   1   2   3   4   7   8   9  10  11  14  -1.51912799816E-02
        87   1   2   3   4   7   8   9  10  12  13   1.51912799816E-02
        88   1   2   3   4   7   8   9  10  13  14  -2.73075312156E-02
        89   1   2   3   4   7   8   9  11  12  14  -7.53728919272E-18
        90   1   2   3   4   7   8   9  12  13  14   1.34973766627E-17
        91   1   2   3   4   7   8  10  11  12  13   7.53728919272E-18
        92   1   2   3   4   7   8  10  11  13  14  -1.34973766627E-17
        93   1   2   3   4   7   8  11  12  13  14  -1.72690303054E-19
        94   1   2   3   4   7   9  10  11  12  14   2.38710572313E-10
        95   1   2   3   4   7   9  10  12  13  14   3.26502599355E-10
        96   1   2   3   4   7  10  11  12  13  14   4.41438472082E-26
        97   1   2   3   4   8   9  10  11  12  13  -2.38710572313E-10
        98   1   2   3   4   8   9  10  11  13  14  -3.26502599355E-10
        99   1   2   3   4   8   9  11  12  13  14  -4.41438472082E-26
       100   1   2   3   4   9  10  11  12  13  14  -4.93521534734E-18
       101   1   2   3   5   6   7   8   9  10  12  -5.13522705087E-01
       102   1   2   3   5   6   7   8   9  10  14  -7.01145651579E-01
       103   1   2   3   5   6   7   8   9  12  14  -1.20170780447E-02
       104   1   2   3   5   6   7   8  10  11  12   6.01669139394E-04
       105   1   2   3   5   6   7   8  10  11  14   1.82595696295E-04
       106   1   2   3   5   6   7   8  10  12  13   8.93266037336E-03
       107   1   2   3   5   6   7   8  10  13  14  -1.54908883539E-02
       108   1   2   3   5   6   7   8  11  12  14   1.25661746144E-03
       109   1   2   3   5   6   7   8  12  13  14  -1.36531662919E-04
       110   1   2   3   5   6   7   9  10  12  14   8.76102813715E-02
       111   1   2   3   5   6   7  10  11  12  14   3.55699528336E-03
       112   1   2   3   5   6   7  10  12  13  14  -4.14638817576E-03
       113   1   2   3   5   6   8   9  10  11  12  -2.36987954258E-01
       114   1   2   3   5   6   8   9  10  11  14  -3.32935358339E-01
       115   1   2   3   5   6   8   9  10  12  13   2.44393061264E-01
       116   1   2   3   5   6   8   9  10  13  14  -3.24483331242E-01
       117   1   2   3   5   6   8   9  11  12  14  -5.71734439380E-03
       118   1   2   3   5   6   8   9  12  13  14   3.85792977507E-03
       119   1   2   3   5   6   8  10  11  12  13  -1.09242657145E-53
       120   1   2   3   5   6   8  10  11  13  14   1.54303457526E-53
       121   1   2   3   5   6   8  11  12  13  14   1.20750605190E-04
       122   1   2   3   5   6   9  10  11  12  14   2.12793448637E-02
       123   1   2   3   5   6   9  10  12  13  14   6.44904239532E-03
       124   1   2   3   5   6  10  11  12  13  14   2.22182113021E-13
       125   1   2   3   5   7   8   9  10  12  14  -2.46562877457E-01
       126   1   2   3   5   7   8  10  11  12  14  -3.28187549597E-03
       127   1   2   3   5   7   8  10  12  13  14   1.19583611787E-03
       128   1   2   3   5   8   9  10  11  12  14   1.64787929627E-02
       129   1   2   3   5   8   9  10  12  13  14  -7.98838603006E-03
       130   1   2   3   5   8  10  11  12  13  14   5.30772164197E-55
       131   1   2   3   6   7   8   9  10  11  12   1.17395791789E-01
       132   1   2   3   6   7   8   9  10  11  14   1.58994589803E-01
       133   1   2   3   6   7   8   9  10  12  13   8.35445132620E-02
       134   1   2   3   6   7   8   9  10  13  14  -1.19138739520E-01
       135   1   2   3   6   7   8   9  11  12  14   5.64416533009E-03
       136   1   2   3   6   7   8   9  12  13  14  -6.38582314538E-04
       137   1   2   3   6   7   8  10  11  12  13   2.12046814815E-03
       138   1   2   3   6   7   8  10  11  13  14  -3.23757992330E-03
       139   1   2   3   6   7   8  11  12  13  14  -5.51379923208E-07
       140   1   2   3   6   7   9  10  11  12  14  -2.48888473509E-02
       141   1   2   3   6   7   9  10  12  13  14   1.90705397166E-02
       142   1   2   3   6   7  10  11  12  13  14   7.58085883748E-05
       143   1   2   3   6   8   9  10  11  12  13   6.14860118205E-08
       144   1   2   3   6   8   9  10  11  13  14  -8.20810094965E-08
       145   1   2   3   6   8   9  11  12  13  14  -5.16999155994E-10
       146   1   2   3   6   9  10  11  12  13  14   1.74985295711E-10
       147   1   2   3   7   8   9  10  11  12  14   1.48352529757E-02
       148   1   2   3   7   8   9  10  12  13  14  -5.49108615858E-03
       149   1   2   3   7   8  10  11  12  13  14  -1.64387765808E-18
       150   1   2   3   8   9  10  11  12  13  14   9.20468883179E-10
       151   1   2   4   5   6   7   8   9  10  11   5.13522705087E-01
       152   1   2   4   5   6   7   8   9  10  13   7.01145651579E-01
       153   1   2   4   5   6   7   8   9  11  12  -6.01669139394E-04
       154   1   2   4   5   6   7   8   9  11  14   8.93266037336E-03
       155   1   2   4   5   6   7   8   9  12  13   1.82595696295E-04
       156   1   2   4   5   6   7   8   9  13  14   1.54908883539E-02
       157   1   2   4   5   6   7   8  10  11  13  -1.20170780447E-02
       158   1   2   4   5   6   7   8  11  12  13  -1.25661746144E-03
       159   1   2   4   5   6   7   8  11  13  14   1.36531662919E-04
       160   1   2   4   5   6   7   9  10  11  12   2.36987954258E-01
       161   1   2   4   5   6   7   9  10  11  14   2.44393061264E-01
       162   1   2   4   5   6   7   9  10  12  13  -3.32935358339E-01
       163   1   2   4   5   6   7   9  10  13  14   3.24483331242E-01
       164   1   2   4   5   6   7   9  11  12  14  -1.09242657145E-53
       165   1   2   4   5   6   7   9  12  13  14   1.54303457526E-53
       166   1   2   4   5   6   7  10  11  12  13  -5.71734439380E-03
       167   1   2   4   5   6   7  10  11  13  14   3.85792977507E-03
       168   1   2   4   5   6   7  11  12  13  14  -1.20750605190E-04
       169   1   2   4   5   6   8   9  10  11  13   8.76102813715E-02
       170   1   2   4   5   6   8   9  11  12  13   3.55699528336E-03
       171   1   2   4   5   6   8   9  11  13  14  -4.14638817576E-03
       172   1   2   4   5   6   9  10  11  12  13  -2.12793448637E-02
       173   1   2   4   5   6   9  10  11  13  14  -6.44904239532E-03
       174   1   2   4   5   6   9  11  12  13  14  -2.22182113021E-13
       175   1   2   4   5   7   8   9  10  11  12  -1.17395791789E-01
       176   1   2   4   5   7   8   9  10  11  14   8.35445132620E-02
       177   1   2   4   5   7   8   9  10  12  13   1.58994589803E-01
       178   1   2   4   5   7   8   9  10  13  14   1.19138739520E-01
       179   1   2   4   5   7   8   9  11  12  14   2.12046814815E-03
       180   1   2   4   5   7   8   9  12  13  14  -3.23757992330E-03
       181   1   2   4   5   7   8  10  11  12  13   5.64416533009E-03
       182   1   2   4   5   7   8  10  11  13  14  -6.38582314538E-04
       183   1   2   4   5   7   8  11  12  13  14   5.51379923208E-07
       184   1   2   4   5   7   9  10  11  12  14   6.14860118205E-08
       185   1   2   4   5   7   9  10  12  13  14  -8.20810094965E-08
       186   1   2   4   5   7  10  11  12  13  14  -5.16999155994E-10
       187   1   2   4   5   8   9  10  11  12  13  -2.48888473509E-02
       188   1   2   4   5   8   9  10  11  13  14   1.90705397166E-02
       189   1   2   4   5   8   9  11  12  13  14   7.58085883748E-05
       190   1   2   4   5   9  10  11  12  13  14  -1.74985295711E-10
       191   1   2   4   6   7   8   9  10  11  13  -2.46562877457E-01
       192   1   2   4   6   7   8   9  11  12  13  -3.28187549597E-03
       193   1   2   4   6   7   8   9  11  13  14   1.19583611787E-03
       194   1   2   4   6   7   9  10  11  12  13   1.64787929627E-02
       195   1   2   4   6   7   9  10  11  13  14  -7.98838603006E-03
       196   1   2   4   6   7   9  11  12  13  14   5.30772164197E-55
       197   1   2   4   7   8   9  10  11  12  13  -1.48352529757E-02
       198   1   2   4   7   8   9  10  11  13  14   5.49108615858E-03
       199   1   2   4   7   8   9  11  12  13  14   1.64387765808E-18
       200   1   2   4   7   9  10  11  12  13  14  -9.20468883179E-10
       201   1   2   5   6   7   8   9  10  11  12   4.76659262649E-01
       202   1   2   5   6   7   8   9  10  11  14   7.06866261071E-01
       203   1   2   5   6   7   8   9  10  12  13  -7.06866261071E-01
       204   1   2   5   6   7   8   9  10  13  14   9.62431589391E-01
       205   1   2   5   6   7   8   9  11  12  14  -9.94462525402E-03
       206   1   2   5   6   7   8   9  12  13  14   1.44694002194E-02
       207   1   2   5   6   7   8  10  11  12  13   9.94462525402E-03
       208   1   2   5   6   7   8  10  11  13  14  -1.44694002194E-02
       209   1   2   5   6   7   8  11  12  13  14  -1.76229620181E-03
       210   1   2   5   6   7   9  10  11  12  14   9.21588845734E-02
       211   1   2   5   6   7   9  10  12  13  14  -1.21539332462E-01
       212   1   2   5   6   7  10  11  12  13  14  -3.68224018111E-03
       213   1   2   5   6   8   9  10  11  12  13  -9.21588845734E-02
       214   1   2   5   6   8   9  10  11  13  14   1.21539332462E-01
       215   1   2   5   6   8   9  11  12  13  14   3.68224018111E-03
       216   1   2   5   6   9  10  11  12  13  14  -1.93057480124E-02
       217   1   2   5   7   8   9  10  11  12  14  -2.49060330977E-01
       218   1   2   5   7   8   9  10  12  13  14   3.45463077766E-01
       219   1   2   5   7   8  10  11  12  13  14   6.11060184484E-03
       220   1   2   5   8   9  10  11  12  13  14  -1.50432705861E-02
       221   1   2   6   7   8   9  10  11  12  13   2.49060330977E-01
       222   1   2   6   7   8   9  10  11  13  14  -3.45463077766E-01
       223   1   2   6   7   8   9  11  12  13  14  -6.11060184484E-03
       224   1   2   6   7   9  10  11  12  13  14   1.50432705861E-02
       225   1   2   7   8   9  10  11  12  13  14  -2.66518659765E-02
       226   1   3   4   5   6   7   8   9  10  12   7.11325226562E-01
       227   1   3   4   5   6   7   8   9  10  14   4.66017549466E-01
       228   1   3   4   5   6   7   8   9  12  14   1.57618888089E-02
       229   1   3   4   5   6   7   8  10  11  12   4.48625119718E-04
       230   1   3   4   5   6   7   8  10  11  14   1.32652797403E-04
       231   1   3   4   5   6   7   8  10  12  13  -1.43697052686E-02
       232   1   3   4   5   6   7   8  10  13  14   1.14186017691E-02
       233   1   3   4   5   6   7   8  11  12  14  -1.38922331253E-04
       234   1   3   4   5   6   7   8  12  13  14  -1.00962784041E-03
       235   1   3   4   5   6   7   9  10  12  14   1.10899468310E-01
       236   1   3   4   5   6   7  10  11  12  14  -2.99922026775E-03
       237   1   3   4   5   6   7  10  12  13  14   5.73007757036E-03
       238   1   3   4   5   6   8   9  10  11  12   3.37698807868E-01
       239   1   3   4   5   6   8   9  10  11  14   2.25380905101E-01
       240   1   3   4   5   6   8   9  10  12  13  -3.32692348275E-01
       241   1   3   4   5   6   8   9  10  13  14   2.13754354816E-01
       242   1   3   4   5   6   8   9  11  12  14   3.63950158371E-03
       243   1   3   4   5   6   8   9  12  13  14  -5.42653702383E-03
       244   1   3   4   5   6   8  10  11  12  13   1.62370874017E-53
       245   1   3   4   5   6   8  10  11  13  14  -1.13084680128E-53
       246   1   3   4   5   6   8  11  12  13  14  -1.12451904973E-04
       247   1   3   4   5   6   9  10  11  12  14  -3.24917842527E-03
       248   1   3   4   5   6   9  10  12  13  14  -1.68807496095E-02
       249   1   3   4   5   6  10  11  12  13  14   4.40247427581E-14
       250   1   3   4   5   7   8   9  10  12  14   2.23067762666E-01
       251   1   3   4   5   7   8  10  11  12  14   3.38117880813E-04
       252   1   3   4   5   7   8  10  12  13  14   3.43789777986E-03
       253   1   3   4   5   8   9  10  11  12  14  -1.06770288732E-02
       254   1   3   4   5   8   9  10  12  13  14   1.64383381568E-02
       255   1   3   4   5   8  10  11  12  13  14  -4.70546955198E-55
       256   1   3   4   6   7   8   9  10  11  12  -1.57675062862E-01
       257   1   3   4   6   7   8   9  10  11  14  -1.06574624209E-01
       258   1   3   4   6   7   8   9  10  12  13  -1.21879012290E-01
       259   1   3   4   6   7   8   9  10  13  14   7.91052043665E-02
       260   1   3   4   6   7   8   9  11  12  14   2.94087349350E-04
       261   1   3   4   6   7   8   9  12  13  14  -4.47955714930E-03
       262   1   3   4   6   7   8  10  11  12  13  -3.66364336537E-03
       263   1   3   4   6   7   8  10  11  13  14   2.48420800747E-03
       264   1   3   4   6   7   8  11  12  13  14   2.53526530551E-04
       265   1   3   4   6   7   9  10  11  12  14   2.26086023256E-02
       266   1   3   4   6   7   9  10  12  13  14  -2.42737849561E-02
       267   1   3   4   6   7  10  11  12  13  14  -1.22907876500E-04
       268   1   3   4   6   8   9  10  11  12  13  -8.72427412571E-08
       269   1   3   4   6   8   9  10  11  13  14   5.55051183363E-08
       270   1   3   4   6   8   9  11  12  13  14   5.02597600496E-10
       271   1   3   4   6   9  10  11  12  13  14   2.43877866631E-10
       272   1   3   4   7   8   9  10  11  12  14   4.34767572313E-03
       273   1   3   4   7   8   9  10  12  13  14  -2.69353084261E-02
       274   1   3   4   7   8  10  11  12  13  14  -1.59894689545E-17
       275   1   3   4   8   9  10  11  12  13  14  -1.57272288979E-09
       276   1   3   5   6   7   8   9  10  12  14   5.08595288630E-01
       277   1   3   5   6   7   8  10  11  12  14   7.16295845582E-04
       278   1   3   5   6   7   8  10  12  13  14  -9.47385656851E-03
       279   1   3   5   6   8   9  10  11  12  14   2.27977057512E-01
       280   1   3   5   6   8   9  10  12  13  14  -2.27765567123E-01
       281   1   3   5   6   8  10  11  12  13  14   9.26240092534E-54
       282   1   3   6   7   8   9  10  11  12  14  -1.03562207102E-01
       283   1   3   6   7   8   9  10  12  13  14  -9.18267137841E-02
       284   1   3   6   7   8  10  11  12  13  14  -2.36033915875E-03
       285   1   3   6   8   9  10  11  12  13  14  -5.78252471403E-08
       286   1   4   5   6   7   8   9  10  11  12   7.18085710418E-01
       287   1   4   5   6   7   8   9  10  11  14   4.95942109514E-01
       288   1   4   5   6   7   8   9  10  12  13  -1.00000000000E+00
       289   1   4   5   6   7   8   9  10  13  14   6.43005253854E-01
       290   1   4   5   6   7   8   9  11  12  14  -1.39918658163E-02
       291   1   4   5   6   7   8   9  12  13  14   1.97265530160E-02
       292   1   4   5   6   7   8  10  11  12  13   1.50653243543E-02
       293   1   4   5   6   7   8  10  11  13  14  -1.09045553253E-02
       294   1   4   5   6   7   8  11  12  13  14  -1.50107680078E-03
       295   1   4   5   6   7   9  10  11  12  14  -1.10766875925E-01
       296   1   4   5   6   7   9  10  12  13  14   1.51128780717E-01
       297   1   4   5   6   7  10  11  12  13  14  -3.66646570501E-04
       298   1   4   5   6   8   9  10  11  12  13  -1.17461616175E-01
       299   1   4   5   6   8   9  10  11  13  14   7.85689503908E-02
       300   1   4   5   6   8   9  11  12  13  14  -4.15259686723E-04
       301   1   4   5   6   9  10  11  12  13  14  -9.32346939253E-03
       302   1   4   5   7   8   9  10  11  12  14  -2.39123703484E-01
       303   1   4   5   7   8   9  10  12  13  14   3.12213024831E-01
       304   1   4   5   7   8  10  11  12  13  14   4.67960236875E-03
       305   1   4   5   8   9  10  11  12  13  14   3.25644282432E-03
       306   1   4   6   7   8   9  10  11  12  13   3.53389142741E-01
       307   1   4   6   7   8   9  10  11  13  14  -2.32540476032E-01
       308   1   4   6   7   8   9  11  12  13  14  -3.59478271844E-03
       309   1   4   6   7   9  10  11  12  13  14   4.40461999236E-03
       310   1   4   7   8   9  10  11  12  13  14  -2.32457787797E-02
       311   1   5   6   7   8   9  10  11  12  14  -4.85192737698E-01
       312   1   5   6   7   8   9  10  12  13  14   6.63819223579E-01
       313   1   5   6   7   8  10  11  12  13  14  -8.06944165698E-03
       314   1   5   6   8   9  10  11  12  13  14   7.06111653926E-02
       315   1   6   7   8   9  10  11  12  13  14  -2.31891564093E-01
       316   2   3   4   5   6   7   8   9  10  11  -7.11325226562E-01
       317   2   3   4   5   6   7   8   9  10  13  -4.66017549466E-01
       318   2   3   4   5   6   7   8   9  11  12  -4.48625119718E-04
       319   2   3   4   5   6   7   8   9  11  14  -1.43697052686E-02
       320   2   3   4   5   6   7   8   9  12  13   1.32652797403E-04
       321   2   3   4   5   6   7   8   9  13  14  -1.14186017691E-02
       322   2   3   4   5   6   7   8  10  11  13   1.57618888089E-02
       323   2   3   4   5   6   7   8  11  12  13   1.38922331253E-04
       324   2   3   4   5   6   7   8  11  13  14   1.00962784041E-03
       325   2   3   4   5   6   7   9  10  11  12  -3.37698807868E-01
       326   2   3   4   5   6   7   9  10  11  14  -3.32692348275E-01
       327   2   3   4   5   6   7   9  10  12  13   2.25380905101E-01
       328   2   3   4   5   6   7   9  10  13  14  -2.13754354816E-01
       329   2   3   4   5   6   7   9  11  12  14   1.62370874017E-53
       330   2   3   4   5   6   7   9  12  13  14  -1.13084680128E-53
       331   2   3   4   5   6   7  10  11  12  13   3.63950158371E-03
       332   2   3   4   5   6   7  10  11  13  14  -5.42653702383E-03
       333   2   3   4   5   6   7  11  12  13  14   1.12451904973E-04
       334   2   3   4   5   6   8   9  10  11  13   1.10899468310E-01
       335   2   3   4   5   6   8   9  11  12  13  -2.99922026775E-03
       336   2   3   4   5   6   8   9  11  13  14   5.73007757036E-03
       337   2   3   4   5   6   9  10  11  12  13   3.24917842527E-03
       338   2   3   4   5   6   9  10  11  13  14   1.68807496095E-02
       339   2   3   4   5   6   9  11  12  13  14  -4.40247427581E-14
       340   2   3   4   5   7   8   9  10  11  12   1.57675062862E-01
       341   2   3   4   5   7   8   9  10  11  14  -1.21879012290E-01
       342   2   3   4   5   7   8   9  10  12  13  -1.06574624209E-01
       343   2   3   4   5   7   8   9  10  13  14  -7.91052043665E-02
       344   2   3   4   5   7   8   9  11  12  14  -3.66364336537E-03
       345   2   3   4   5   7   8   9  12  13  14   2.48420800747E-03
       346   2   3   4   5   7   8  10  11  12  13   2.94087349350E-04
       347   2   3   4   5   7   8  10  11  13  14  -4.47955714930E-03
       348   2   3   4   5   7   8  11  12  13  14  -2.53526530551E-04
       349   2   3   4   5   7   9  10  11  12  14  -8.72427412571E-08
       350   2   3   4   5   7   9  10  12  13  14   5.55051183363E-08
       351   2   3   4   5   7  10  11  12  13  14   5.02597600496E-10
       352   2   3   4   5   8   9  10  11  12  13   2.26086023256E-02
       353   2   3   4   5   8   9  10  11  13  14  -2.42737849561E-02
       354   2   3   4   5   8   9  11  12  13  14  -1.22907876500E-04
       355   2   3   4   5   9  10  11  12  13  14  -2.43877866631E-10
       356   2   3   4   6   7   8   9  10  11  13   2.23067762666E-01
       357   2   3   4   6   7   8   9  11  12  13   3.38117880813E-04
       358   2   3   4   6   7   8   9  11  13  14   3.43789777986E-03
       359   2   3   4   6   7   9  10  11  12  13  -1.06770288732E-02
       360   2   3   4   6   7   9  10  11  13  14   1.64383381568E-02
       361   2   3   4   6   7   9  11  12  13  14  -4.70546955198E-55
       362   2   3   4   7   8   9  10  11  12  13  -4.34767572313E-03
       363   2   3   4   7   8   9  10  11  13  14   2.69353084261E-02
       364   2   3   4   7   8   9  11  12  13  14   1.59894689545E-17
       365   2   3   4   7   9  10  11  12  13  14   1.57272288979E-09
       366   2   3   5   6   7   8   9  10  11  12  -7.18085710418E-01
       367   2   3   5   6   7   8   9  10  11  14  -1.00000000000E+00
       368   2   3   5   6   7   8   9  10  12  13   4.95942109514E-01
       369   2   3   5   6   7   8   9  10  13  14  -6.43005253854E-01
       370   2   3   5   6   7   8   9  11  12  14   1.50653243543E-02
       371   2   3   5   6   7   8   9  12  13  14  -1.09045553253E-02
       372   2   3   5   6   7   8  10  11  12  13  -1.39918658163E-02
       373   2   3   5   6   7   8  10  11  13  14   1.97265530160E-02
       374   2   3   5   6   7   8  11  12  13  14   1.50107680078E-03
       375   2   3   5   6   7   9  10  11  12  14  -1.17461616175E-01
       376   2   3   5   6   7   9  10  12  13  14   7.85689503908E-02
       377   2   3   5   6   7  10  11  12  13  14  -4.15259686723E-04
       378   2   3   5   6   8   9  10  11  12  13  -1.10766875925E-01
       379   2   3   5   6   8   9  10  11  13  14   1.51128780717E-01
       380   2   3   5   6   8   9  11  12  13  14  -3.66646570501E-04
       381   2   3   5   6   9  10  11  12  13  14   9.32346939253E-03
       382   2   3   5   7   8   9  10  11  12  14   3.53389142741E-01
       383   2   3   5   7   8   9  10  12  13  14  -2.32540476032E-01
       384   2   3   5   7   8  10  11  12  13  14  -3.59478271844E-03
       385   2   3   5   8   9  10  11  12  13  14   4.40461999236E-03
       386   2   3   6   7   8   9  10  11  12  13  -2.39123703484E-01
       387   2   3   6   7   8   9  10  11  13  14   3.12213024831E-01
       388   2   3   6   7   8   9  11  12  13  14   4.67960236875E-03
       389   2   3   6   7   9  10  11  12  13  14   3.25644282432E-03
       390   2   3   7   8   9  10  11  12  13  14   2.32457787797E-02
       391   2   4   5   6   7   8   9  10  11  13   5.08595288630E-01
       392   2   4   5   6   7   8   9  11  12  13   7.16295845582E-04
       393   2   4   5   6   7   8   9  11  13  14  -9.47385656851E-03
       394   2   4   5   6   7   9  10  11  12  13   2.27977057512E-01
       395   2   4   5   6   7   9  10  11  13  14  -2.27765567123E-01
       396   2   4   5   6   7   9  11  12  13  14   9.26240092534E-54
       397   2   4   5   7   8   9  10  11  12  13  -1.03562207102E-01
       398   2   4   5   7   8   9  10  11  13  14  -9.18267137841E-02
       399   2   4   5   7   8   9  11  12  13  14  -2.36033915875E-03
       400   2   4   5   7   9  10  11  12  13  14  -5.78252471403E-08
       401   2   5   6   7   8   9  10  11  12  13   4.85192737698E-01
       402   2   5   6   7   8   9  10  11  13  14  -6.63819223579E-01
       403   2   5   6   7   8   9  11  12  13  14   8.06944165698E-03
       404   2   5   6   7   9  10  11  12  13  14  -7.06111653926E-02
       405   2   5   7   8   9  10  11  12  13  14   2.31891564093E-01
       406   3   4   5   6   7   8   9  10  11  12   1.00082682227E+00
       407   3   4   5   6   7   8   9  10  11  14   6.60969595709E-01
       408   3   4   5   6   7   8   9  10  12  13  -6.60969595709E-01
       409   3   4   5   6   7   8   9  10  13  14   3.99333189283E-01
       410   3   4   5   6   7   8   9  11  12  14  -1.98979666319E-02
       411   3   4   5   6   7   8   9  12  13  14   1.37129646565E-02
       412   3   4   5   6   7   8  10  11  12  13   1.98979666319E-02
       413   3   4   5   6   7   8  10  11  13  14  -1.37129646565E-02
       414   3   4   5   6   7   8  11  12  13  14  -1.95688892102E-03
       415   3   4   5   6   7   9  10  11  12  14  -1.59428187745E-01
       416   3   4   5   6   7   9  10  12  13  14   9.99893889908E-02
       417   3   4   5   6   7  10  11  12  13  14   3.86813508531E-03
       418   3   4   5   6   8   9  10  11  12  13   1.59428187745E-01
       419   3   4   5   6   8   9  10  11  13  14  -9.99893889908E-02
       420   3   4   5   6   8   9  11  12  13  14  -3.86813508531E-03
       421   3   4   5   6   9  10  11  12  13  14  -2.03885153940E-02
       422   3   4   5   7   8   9  10  11  12  14  -3.21794652997E-01
       423   3   4   5   7   8   9  10  12  13  14   2.03886193394E-01
       424   3   4   5   7   8  10  11  12  13  14   5.57182133538E-03
       425   3   4   5   8   9  10  11  12  13  14   1.44862699781E-02
       426   3   4   6   7   8   9  10  11  12  13   3.21794652997E-01
       427   3   4   6   7   8   9  10  11  13  14  -2.03886193394E-01
       428   3   4   6   7   8   9  11  12  13  14  -5.57182133538E-03
       429   3   4   6   7   9  10  11  12  13  14  -1.44862699781E-02
       430   3   4   7   8   9  10  11  12  13  14  -3.93323678077E-02
       431   3   5   6   7   8   9  10  11  12  14  -6.80031735236E-01
       432   3   5   6   7   8   9  10  12  13  14   4.44826360272E-01
       433   3   5   6   7   8  10  11  12  13  14  -1.18123939406E-02
       434   3   5   6   8   9  10  11  12  13  14  -1.09156076889E-01
       435   3   6   7   8   9  10  11  12  13  14  -2.15139054773E-01
       436   4   5   6   7   8   9  10  11  12  13   6.80031735236E-01
       437   4   5   6   7   8   9  10  11  13  14  -4.44826360272E-01
       438   4   5   6   7   8   9  11  12  13  14   1.18123939406E-02
       439   4   5   6   7   9  10  11  12  13  14   1.09156076889E-01
       440   4   5   7   8   9  10  11  12  13  14   2.15139054773E-01
       441   5   6   7   8   9  10  11  12  13  14   4.25319509273E-01
