General:
   Random seed: timer
Plan:
  VMC-optimization:
    Minimum cycles: 7
    Convergence cycles: 3
System:
  Read Hamiltonian: FCIDUMP_loc
  Read orbitals: LTSC.mat
  Complex orbitals: F
  Geometry:
    r_14: [   2.30715201389900, -1.36612962809100 ]
    r_19: [  -2.30715201389900, -1.36612962809100 ]
    r_9:  [   2.30715201389900,  1.36612962809100 ]
    r_1:  [  -2.30715201389900,  1.36612962809100 ]
    r_11: [   0.00000000000000, -2.64819012780300 ]
    r_5:  [   0.00000000000000,  2.64819012780300 ]
    r_21: [   6.92052984475300,  1.36731216695600 ]
    r_20: [  -6.92052984475300,  1.36731216695600 ]
    r_22: [   6.92052984475300, -1.36731216695600 ]
    r_2:  [  -6.92052984475300, -1.36731216695600 ]
    r_17: [   4.65052830966800,  2.64933873056800 ]
    r_18: [  -4.65052830966800,  2.64933873056800 ]
    r_12: [   4.65052830966800, -2.64933873056800 ]
    r_6:  [  -4.65052830966800, -2.64933873056800 ]
    r_7:  [  11.51783390367000,  1.35551508476500 ]
    r_16: [ -11.51783390367000,  1.35551508476500 ]
    r_4:  [  11.51783390367000, -1.35551508476500 ]
    r_3:  [ -11.51783390367000, -1.35551508476500 ]
    r_15: [   9.31130451375400,  2.65735609478700 ]
    r_8:  [  -9.31130451375400,  2.65735609478700 ]
    r_13: [   9.31130451375400, -2.65735609478700 ]
    r_10: [  -9.31130451375400, -2.65735609478700 ]
    Tolerance: 0.05
VMC:
  nstep: 500000
  nconfig: 100000
Jastrow: wfn.casl
Backflow: wfn.casl
