# Block_length   Mean       Error        Error_in_Error
        2270  -1.6772422386010093        1.1362578090057288E-003   1.6867263719877007E-005
        1135  -1.6772422386010120        1.5636942308859679E-003   3.2834492551354654E-005
         567  -1.6772701054087633        2.0972581709499394E-003   6.2334528909430891E-005
         283  -1.6771951015641111        2.7320250059901219E-003   1.1503900535981746E-004
         141  -1.6771284322705764        3.3158989438104264E-003   1.9816286416519602E-004
          70  -1.6776536971290281        4.1002387943610058E-003   3.4903550513701840E-004
          35  -1.6776536971290270        4.8132292127453149E-003   5.8368977777816097E-004
          17  -1.6775045362044643        5.3927594422021798E-003   9.5331419272223620E-004
           8  -1.6763249266397220        6.2941953105026547E-003   1.6821944555242970E-003
           4  -1.6763249266397215        6.2462887972567242E-003   2.5500367232236371E-003
           2  -1.6763249266397215        8.2466761391727771E-003   5.8312806202583667E-003
