-3.350579849600056059e-01 3.835475483303930205e-02 7.991497203496135404e-02 2.611361746048827537e-01 1.603587000748969982e-01 -3.798869919543586965e-03 1.724376457424357523e-01 1.812006294109146654e-01 -1.861194235695494414e-01 2.174678123525543294e-03 2.148349813836159319e-02 7.732305867942468325e-02 -1.221623264501620065e-01 3.838020387248544663e-01 1.250873157151520532e-01 1.523303806401266058e-01 1.043580235205521234e-01 6.697862843053786763e-02 -3.795643936815545905e-01 -5.884958190315244496e-03 5.911975267441274724e-03 -1.856470376978858472e-01 2.010561022382425511e-01 -1.949698012801936720e-01 7.234072858148817009e-02 1.078922215041814292e-01 -2.660707957103097265e-01 1.240480707478680139e-01 8.320033622704139931e-02 3.143713821804579034e-01
-7.185750559929938996e-02 3.354195402044770624e-01 -3.317499878450176354e-01 5.861227801528092266e-11 -1.259340627817752065e-02 7.471460299792452575e-02 -1.827681796952519977e-01 -2.451185724443716851e-01 1.746780372365204503e-09 -1.413617215090370750e-08 1.404828266754392448e-08 2.651694422417876784e-01 -3.155680931898061647e-01 2.870352665607415164e-10 9.825849970983129011e-02 9.077043091503957106e-02 3.341445593513788781e-01 2.665052914166858300e-01 3.251837134526751327e-10 -1.007767697502050762e-08 1.008386105913001830e-08 1.602622491094982116e-10 -2.376937333870741687e-01 1.236088064524131502e-01 -3.463531833568299356e-02 -1.273661311437223331e-01 1.945164737290373813e-10 -3.285613362454042341e-01 3.069592153582705873e-01 1.058233300979772307e-01
-7.185750590406621285e-02 -3.354195398255313543e-01 -3.317499869158795356e-01 2.188780465805562937e-10 1.259340166336374474e-02 7.471460804106819231e-02 -1.827681865465993760e-01 2.451185789571569684e-01 -1.182749397255150950e-09 -1.542627043296704058e-09 -1.413632431791989269e-09 -2.651694438649756513e-01 -3.155680934642305369e-01 1.701937920673204929e-09 -9.825849570977344960e-02 9.077043504484635927e-02 -3.341445601425331868e-01 2.665052912424308307e-01 2.808611078490520427e-10 -3.710380266984388096e-09 -3.605791568657894057e-09 -1.733501300783726190e-09 -2.376937291709481370e-01 -1.236088020036952284e-01 3.463531092138640022e-02 -1.273661381760592126e-01 1.045332286144862524e-09 3.285613353388229241e-01 3.069592098982144024e-01 -1.058233245834580422e-01
1.334924208698090309e-01 -7.337473389020406772e-03 -5.176139380526954825e-02 -3.082740897548270076e-01 -4.220844035371892206e-02 2.637352551947070856e-01 2.808985855563149725e-01 -9.697774417259592827e-02 2.276297094573132007e-01 2.112132208845604077e-03 -2.670109580882232270e-02 -1.572448594243668063e-01 -8.264182945180902073e-02 3.204102805609332361e-01 1.893310479541650548e-01 1.877125435340672166e-01 6.418205172589429297e-02 -1.611169971864941097e-01 -3.252910301072926003e-01 6.845661597693901597e-03 3.261725130115696470e-03 2.285891790006309432e-01 -1.090879481097714321e-01 -3.382235661089782464e-01 -2.021372754769312496e-01 -2.795048758930056276e-02 3.027323479376449189e-01 -8.029037718854221961e-02 -1.828832194582358239e-02 -1.112078964573902790e-01
1.865821937065116343e-01 1.742549089709489185e-01 8.489380584228886639e-02 5.276102757814649102e-10 3.582142799799619137e-01 -3.135114756395614988e-01 1.384906262125701615e-01 -8.704847157900436061e-02 8.752478277904152115e-08 -1.577391400494915913e-09 -1.119656574519092146e-08 -2.579018527571179109e-01 -3.154661539660319480e-01 -9.265456807870664502e-08 -1.359433771645206512e-01 1.355285900693085632e-01 -2.605575529092331033e-01 2.169226437502330962e-01 8.975406771971616848e-09 3.337573899212995226e-09 -8.500387819034092157e-10 1.345084502657727804e-07 5.958091009208250216e-02 1.067804133044671505e-01 -3.059563759633264213e-01 -2.623383255439030726e-01 -6.319749589964174241e-08 -1.349293223341136716e-01 -3.212435532751259371e-01 2.400808830438171393e-01
-1.865821221214112313e-01 1.742548885388160440e-01 -8.489382151625189665e-02 1.205788900584398027e-08 3.582142050734415939e-01 3.135115266442471404e-01 -1.384905627482316270e-01 -8.704856014096434835e-02 1.261885666271889139e-08 -6.060705855164363366e-10 -7.744290855295210552e-10 -2.579019416672851395e-01 3.154661294401323590e-01 2.050007164456496556e-08 -1.359433086366101107e-01 -1.355286123552802424e-01 -2.605575412740910868e-01 -2.169225330829626930e-01 1.943536612550311737e-08 -4.551984351180093057e-10 -3.074605473647393228e-10 -1.232459360435422813e-08 -5.958074731007440700e-02 1.067804221906220596e-01 -3.059563129619564115e-01 2.623384082631235459e-01 1.267516763466328134e-08 -1.349292570675557912e-01 3.212436172367551523e-01 2.400810506243365172e-01
-1.334922849118228283e-01 7.337489341765368600e-03 5.176136074420594618e-02 -3.082739779813791214e-01 4.220850414821254726e-02 -2.637352335573013851e-01 -2.808986222522508736e-01 9.697780899407876243e-02 2.276297581162533001e-01 2.112132782046937697e-03 -2.670110151206735866e-02 1.572448774088799073e-01 8.264186290304335880e-02 3.204103736625206200e-01 -1.893309894197544030e-01 -1.877125849014617820e-01 -6.418201916170683530e-02 1.611169824264346850e-01 -3.252909294730867429e-01 6.845660363063862767e-03 3.261723369789899882e-03 2.285891403672932753e-01 1.090879002010780169e-01 3.382235349405215974e-01 2.021373220284611305e-01 2.795046224648202807e-02 3.027324634871358389e-01 8.029042556489689175e-02 1.828830257007868151e-02 1.112080033722052663e-01
-2.283244831382190421e-02 -2.124981609905560176e-01 -2.307877294708616800e-01 6.949526476407084062e-11 1.862897147711957413e-01 -1.900195862982078376e-01 2.231044097938563453e-01 -2.757845242221430015e-01 2.128352685472302205e-10 1.221340517510221598e-09 1.203628882483091854e-09 2.689572347152892617e-01 3.241343335606169385e-01 5.590610748185077458e-11 1.443274452111288630e-01 1.551837755647479944e-01 -3.599079210349840907e-01 2.850659113521965549e-01 3.786738022995073723e-11 -4.408430486869661279e-09 -4.424727009510010051e-09 1.612568004813659008e-10 -2.517971962283840903e-01 -1.524170768159416600e-01 2.392715281320425269e-01 2.688912414629166525e-01 1.308441291376699275e-11 -2.016241708231958363e-01 -1.192506201945889438e-01 1.572631652149124662e-02
-1.851132067949848581e-01 -2.377271840866133912e-02 5.664474440691760065e-02 2.945761699324904170e-01 -1.141716654221137800e-01 -1.694564077454407680e-01 -1.236542225569735726e-01 -1.998560901466042983e-01 4.002710662548583653e-01 3.260375957418423006e-05 -4.640018765520743244e-02 -2.527714490299933225e-01 6.896028890622551630e-03 -4.921651770974619193e-03 2.248040036546384290e-01 2.035228278750157160e-01 7.344192400915449531e-03 -2.563725656057622149e-01 8.534030002126710007e-03 1.222861190846578384e-02 6.310829965708666684e-04 4.037958735056050852e-01 -2.290807260070534535e-01 1.468171096047282687e-01 1.570371429844422684e-01 -7.681279030083312809e-02 -2.959001190313661489e-01 9.182439638344608301e-02 -5.426295083343584541e-02 1.653039359927894469e-01
-4.189503984034479572e-02 2.663176978606126011e-01 -2.758743113094270782e-01 -1.676447272053907902e-04 -1.016364431264588919e-01 -4.913825075792891545e-02 -2.299735707181029681e-02 -5.352709498977999136e-02 4.099111482597749684e-02 -3.540160089060778170e-01 3.516436258424217587e-01 1.589156371278723501e-01 -1.976944388046139034e-01 1.962877577914962438e-03 1.224231438214180151e-01 -1.285796003033667922e-01 -2.155280888152731888e-01 -1.704291289405565069e-01 4.467917440145998710e-03 -3.529175401294603609e-01 3.530511468078044168e-01 1.086261397401920570e-02 6.084764011099781655e-02 -5.469966103548881860e-03 -1.075259829131233053e-01 2.084539121016680541e-01 1.190134777693903660e-03 2.559423411717521302e-01 -1.933322536390883195e-01 -4.568985445795162997e-02
-4.189503844497254742e-02 -2.663177023818077416e-01 -2.758743167707337629e-01 1.676451972239353288e-04 1.016364450852377532e-01 -4.913824971866693342e-02 -2.299736255381327685e-02 5.352710194116021281e-02 4.099111487159933648e-02 3.540160080502590123e-01 3.516436249677994397e-01 -1.589156414543497209e-01 -1.976944434195679334e-01 -1.962875877287857153e-03 -1.224231422068134401e-01 -1.285795936503815184e-01 2.155280699760768748e-01 -1.704291139675747635e-01 4.467918455826395269e-03 3.529175389977234900e-01 3.530511457124381747e-01 -1.086261461328753668e-02 6.084762349850385277e-02 5.469955028871873078e-03 1.075259982209690462e-01 2.084539257002129831e-01 1.190134925253113303e-03 -2.559423449389414684e-01 -1.933322528003008633e-01 4.568985319095668352e-02
-2.283244785611871636e-02 2.124981567074854250e-01 -2.307877248916677115e-01 -3.734848703839332117e-11 -1.862897117158610338e-01 -1.900195831489346621e-01 2.231044057123188207e-01 2.757845189431248345e-01 -1.427652218293558751e-09 1.263808355293964744e-08 -1.255952792717235508e-08 -2.689572281164309131e-01 3.241343255368532295e-01 -1.463035557028942620e-10 -1.443274410906727201e-01 1.551837723607083497e-01 3.599079177638871974e-01 2.850659087434935235e-01 2.819353217192380320e-10 -2.233162584612326758e-08 2.233605390951727007e-08 7.036791975595867686e-10 -2.517971984039070188e-01 1.524170796087361557e-01 -2.392715384823560221e-01 2.688912576012099653e-01 2.537990291155223579e-11 2.016241883655316425e-01 -1.192506329985017627e-01 -1.572631948895196821e-02
4.189504327052397809e-02 -2.663177103672350610e-01 2.758743235022187434e-01 -1.676448978408113784e-04 1.016364429995124108e-01 4.913824696202077902e-02 2.299736409755924124e-02 5.352710497449814087e-02 4.099111413930398018e-02 -3.540160003395400046e-01 3.516436172919615299e-01 -1.589156453893043608e-01 1.976944491690116046e-01 1.962877182329419382e-03 -1.224231460527984150e-01 1.285795946866458983e-01 2.155280713334621900e-01 1.704291146523350953e-01 4.467918070661391211e-03 -3.529175428856368146e-01 3.530511495318610082e-01 1.086261423297625595e-02 -6.084762651819303203e-02 5.469957124596161631e-03 1.075259923635550618e-01 -2.084539184723938898e-01 1.190135031596537170e-03 -2.559423391412702364e-01 1.933322494248103096e-01 4.568985335947040732e-02
-3.350577378262811767e-01 3.835480109229752466e-02 7.991491117803775635e-02 -2.611361977036166793e-01 1.603589246605890695e-01 -3.798909668909649512e-03 1.724374451097674954e-01 1.812009384610919760e-01 1.861194993296825528e-01 -2.174678153048755728e-03 -2.148350731400501534e-02 7.732325737614396954e-02 -1.221622133308881142e-01 -3.838020681882230445e-01 1.250874097134216933e-01 1.523304666836035326e-01 1.043581333267652733e-01 6.697841135818306812e-02 3.795643382148486955e-01 5.884955661837338280e-03 -5.911975055197919889e-03 1.856469389031001338e-01 2.010559254976716503e-01 -1.949699438386119921e-01 7.234079888488803567e-02 1.078922187340572714e-01 2.660707481199987012e-01 1.240481386907140299e-01 8.320036249802165162e-02 3.143714387019341805e-01
3.341379854317955145e-01 9.891038333737947608e-02 -4.324444935852843341e-02 -2.596317464804986930e-07 3.424206904057445211e-01 -1.600719058000666661e-01 -1.905924654061175727e-01 2.357234743837674507e-01 -1.918862495321749240e-07 -1.943791035953230245e-09 2.176926987024901949e-08 -7.342447705850006778e-02 -1.612058994453751531e-03 -2.865942000315757632e-07 3.796926222729951061e-01 3.872235011365137147e-01 2.365423409056800416e-02 -8.854116941838428845e-02 -4.676309608014905805e-07 5.552701577401022992e-09 8.425233640092788523e-09 1.721771796733828630e-07 2.528121637931539656e-01 2.060416005865338129e-01 9.286464360782981098e-02 2.397824925219209091e-01 -5.022091818102092375e-07 -5.051556858278069551e-02 2.129306152807923236e-01 -3.371249677947947831e-01
-3.341379227746744118e-01 9.891035904436373816e-02 4.324442562046323935e-02 -1.420591804607296282e-08 3.424205374028110871e-01 1.600719004996600803e-01 1.905923503547721498e-01 2.357231888725516422e-01 7.657025510171555638e-09 -5.717041136289388592e-11 -6.470663900526307799e-10 -7.342472329318869284e-02 1.612143123315645798e-03 -5.002068199921883007e-08 3.796926114162986754e-01 -3.872234925077110423e-01 2.365410002996777561e-02 8.854105795714883875e-02 -3.696937468655736581e-08 1.434465720685784706e-09 9.658510323994062841e-10 4.716107739749508809e-08 -2.528122674307143325e-01 2.060419234248422882e-01 9.286463493939159375e-02 -2.397824915286212999e-01 -5.342161850385718225e-08 -5.051566387184057427e-02 -2.129305926990195941e-01 -3.371251975086085317e-01
4.189504101301725486e-02 2.663177005059911284e-01 2.758743138758580349e-01 1.676450775081180997e-04 -1.016364424124260174e-01 4.913824765574663356e-02 2.299735989753813256e-02 -5.352710071715643947e-02 4.099111429160488818e-02 3.540160078424919310e-01 3.516436248325697789e-01 1.589156402660688305e-01 1.976944436033450103e-01 -1.962874938713684344e-03 1.224231440589246822e-01 1.285795945544822294e-01 -2.155280741998663319e-01 1.704291173101129542e-01 4.467918976606297977e-03 3.529175372627371132e-01 3.530511439977986887e-01 -1.086261520512563257e-02 -6.084762855432929163e-02 -5.469958870964121596e-03 -1.075259973697209881e-01 -2.084539275817056669e-01 1.190135342041167242e-03 2.559423479888983666e-01 1.933322533952573641e-01 -4.568984990622015907e-02
-1.851132008535229245e-01 2.377269178933779509e-02 5.664472079518628744e-02 -2.945759935653383677e-01 1.141715368403270897e-01 -1.694563500493848351e-01 -1.236542766736174193e-01 1.998559362063619116e-01 4.002708520189118269e-01 -3.260190165509183882e-05 -4.640016291189127257e-02 2.527714074950717094e-01 6.896121023489274610e-03 4.922022342132907798e-03 -2.248041772571651720e-01 2.035226211335814939e-01 -7.344274971734910881e-03 -2.563725878890592003e-01 8.533652975533302654e-03 -1.222861809338505329e-02 6.310886325023178003e-04 -4.037960662512757315e-01 -2.290808977522911516e-01 -1.468170553285310931e-01 -1.570372230751221898e-01 -7.681288277786151031e-02 -2.959003254579459785e-01 -9.182444535852832268e-02 -5.426301704905697743e-02 -1.653039378508814605e-01
-3.350571187832157571e-01 -3.835470839286184153e-02 7.991479658952421739e-02 2.611357258003883519e-01 -1.603585508886841704e-01 -3.798970319028208836e-03 1.724372520786277563e-01 -1.812005423912801116e-01 1.861195996643958406e-01 2.174676164251381980e-03 -2.148351775519504944e-02 -7.732308158470554971e-02 -1.221621636417124374e-01 3.838015676084008398e-01 -1.250872366432361771e-01 1.523305537769277795e-01 -1.043580876970512800e-01 6.697852619582160549e-02 3.795650680396176480e-01 -5.884955837120921934e-03 -5.911985726885548957e-03 -1.856469840533467031e-01 2.010562261939915218e-01 1.949700264010107431e-01 -7.234077332647774472e-02 1.078924100308871759e-01 2.660713788080438236e-01 -1.240482212086788660e-01 8.320052055613177955e-02 -3.143718664218508319e-01
2.702242863509307647e-02 -2.263344496111681925e-01 2.428198062558603598e-01 4.043349653927325737e-05 1.654646668590182279e-01 1.523756593278426108e-01 -1.508042503163069536e-01 -1.762775995204202972e-01 -4.058503820974563442e-02 3.530771530720964724e-01 -3.507410678132114046e-01 1.203150777316590037e-01 -1.409201839892267605e-01 -2.312082298329962322e-03 3.542471160263459262e-02 3.723277424724597690e-02 1.544068796313491365e-01 1.228064518737079780e-01 4.865106758675778569e-03 -3.538618066831062392e-01 3.539899748123040979e-01 1.063021491876310967e-02 -1.556452842049158847e-01 1.074559978346853878e-01 -2.068514018544928834e-01 2.561357748552390290e-01 9.947638042803147278e-04 2.144604282962965791e-01 -1.348735388626544351e-01 -2.051058155179434628e-02
2.702242852579166826e-02 2.263344501199742731e-01 2.428198068492183059e-01 4.043372910995293165e-05 -1.654646659155936950e-01 1.523756564385382317e-01 -1.508042433075982292e-01 1.762775891700710251e-01 4.058503830190142436e-02 3.530771514686941726e-01 3.507410661698210919e-01 -1.203150606839639286e-01 -1.409201629007520162e-01 -2.312082039125519690e-03 -3.542469971056658867e-02 3.723278618557032682e-02 -1.544069007621835798e-01 1.228064686305193887e-01 -4.865106421884044310e-03 -3.538618044749234359e-01 -3.539899726500440047e-01 1.063021499696351416e-02 -1.556452934728775050e-01 -1.074560023368466427e-01 2.068514055202969604e-01 2.561357790040236226e-01 -9.947639036110768763e-04 -2.144604335345242363e-01 -1.348735437795706704e-01 2.051058417195236738e-02
1.851132116062535471e-01 -2.377271378171939842e-02 -5.664472533789597503e-02 -2.945760504958005455e-01 -1.141716167540644117e-01 1.694563432373052958e-01 1.236542398349971955e-01 -1.998560020956313410e-01 4.002709563061692677e-01 -3.260309199666611667e-05 -4.640017467412398816e-02 -2.527714104660787608e-01 -6.896089925611660447e-03 4.921843889486010419e-03 2.248041037212172855e-01 -2.035227108043262123e-01 7.344254714190913587e-03 2.563725859607403068e-01 8.533829500112210045e-03 -1.222861496950431066e-02 6.310859699423301003e-04 -4.037959714350988771e-01 2.290808157426682812e-01 1.468170752699189674e-01 1.570372177643346301e-01 7.681282233773617518e-02 -2.959002540159899608e-01 9.182444429581289314e-02 5.426296591188804752e-02 1.653039561275275737e-01
1.851131463156170942e-01 2.377266578817261236e-02 -5.664476229124117829e-02 2.945761201824499964e-01 1.141715369105777561e-01 1.694565414043688878e-01 1.236542889495235165e-01 1.998560948909157142e-01 4.002710469195620568e-01 3.260296208967540060e-05 -4.640018472442065944e-02 2.527715788127592456e-01 -6.895995670011224703e-03 -4.921930734845522681e-03 -2.248041309359889717e-01 -2.035227999315515068e-01 -7.344164442464397834e-03 2.563724593336165203e-01 8.533732749351000124e-03 1.222861294502188174e-02 6.310879999904021268e-04 4.037958737759222427e-01 2.290806592754722204e-01 -1.468170837122163841e-01 -1.570370544746133579e-01 7.681283004941484582e-02 -2.959001909368250693e-01 -9.182434821878082687e-02 5.426301204560905755e-02 -1.653039334196391708e-01
1.334924220919005977e-01 7.337472328872747009e-03 -5.176138796651592877e-02 3.082740457990909011e-01 4.220842302436249999e-02 2.637352048134180005e-01 2.808985361566280758e-01 9.697768748308674414e-02 2.276295660987959213e-01 -2.112131146856658943e-03 -2.670107822243479936e-02 1.572447665910799708e-01 -8.264182404315600916e-02 -3.204102576427744209e-01 -1.893309540344052799e-01 1.877126379912696374e-01 -6.418205565018025860e-02 -1.611170966946911254e-01 -3.252910647287974300e-01 -6.845665548946800252e-03 3.261726307836161024e-03 -2.285893324525663517e-01 -1.090880186839667948e-01 3.382236267542584329e-01 2.021373067796709277e-01 -2.795050169986867256e-02 3.027323732946823331e-01 8.029037939981302496e-02 -1.828832884957387953e-02 1.112078700746068349e-01
1.190873714203711242e-01 2.317440226039190754e-01 1.814310343630263778e-01 4.924801082293716464e-09 2.511729807141969695e-01 -2.942101723787516332e-01 2.586800886487420903e-01 -2.616816530651117079e-01 -2.814289472795848679e-09 -6.568880964795354506e-10 -4.310298774124572338e-10 -1.295622872099333467e-01 -1.853304752342766759e-01 1.392709823942045455e-08 -2.651851154038399327e-01 -2.525995995567523744e-01 1.401730759551894079e-01 -1.105395528324244897e-01 6.037369932790749918e-09 3.291263428346891378e-10 5.975830054376992759e-10 -1.215490745163846920e-08 -2.172020826372902391e-01 -1.911903854416634463e-01 2.985147164702587896e-01 1.743467338803771360e-01 8.835887345089773331e-09 2.170379143533725241e-01 3.338854596552891518e-01 -1.876200296959057157e-01
-2.702242786490927084e-02 2.263344457841994783e-01 -2.428198023195283772e-01 4.043369352571089673e-05 -1.654646637690793121e-01 -1.523756548273893507e-01 1.508042424008433358e-01 1.762775882659936288e-01 -4.058503870298599270e-02 3.530771560813945609e-01 -3.507410707798547245e-01 -1.203150607917322507e-01 1.409201630653743598e-01 -2.312082228175336724e-03 -3.542469979551198661e-02 -3.723278677646280760e-02 -1.544069025331961664e-01 -1.228064699021053224e-01 4.865106587321977628e-03 -3.538617949951868846e-01 3.539899631579327410e-01 1.063021458781441067e-02 1.556452959941273251e-01 -1.074560041903997870e-01 2.068514109582645089e-01 -2.561357866530938332e-01 9.947638680309616333e-04 -2.144604409392870392e-01 1.348735488053304232e-01 2.051058512242018295e-02
-1.334924028830614950e-01 -7.337468596131821626e-03 5.176139224975528225e-02 3.082740890390204824e-01 -4.220842513240456034e-02 -2.637352658851100928e-01 -2.808985943600294521e-01 -9.697773664547700012e-02 2.276297072523527365e-01 -2.112132182309811416e-03 -2.670109553417289450e-02 -1.572448666304303855e-01 8.264182672864285595e-02 -3.204102795943184478e-01 1.893310657479999326e-01 -1.877125202131247894e-01 6.418205010803254562e-02 1.611169959948993702e-01 -3.252910353553055134e-01 -6.845661730453583317e-03 3.261725254257707811e-03 -2.285891846706022690e-01 1.090879677507304163e-01 -3.382235493438067175e-01 -2.021372711847968795e-01 2.795050265387255192e-02 3.027323412974924910e-01 -8.029038171327129714e-02 1.828833474429343228e-02 -1.112079181787025139e-01
1.190873655400406378e-01 -2.317440248714340290e-01 1.814310374876424714e-01 1.475917808541754583e-09 -2.511729839936456266e-01 -2.942101732678221726e-01 2.586801045259993215e-01 2.616816608583766857e-01 1.592138877334892122e-11 -2.829741226629587340e-09 2.850159746750754661e-09 1.295622824823567942e-01 -1.853304776116530828e-01 2.629184647546281258e-09 2.651851254748081033e-01 -2.525996051651457908e-01 -1.401730785609769658e-01 -1.105395484135387740e-01 3.611173902766905142e-10 4.420708361247332801e-09 -4.493869505904471624e-09 -1.823391829777580575e-09 -2.172020664008448565e-01 1.911903782500898874e-01 -2.985147044153361184e-01 1.743467341314970109e-01 7.450894230483055825e-10 -2.170379020580546769e-01 3.338854532135880904e-01 1.876200396072492116e-01
-2.702242734745756783e-02 -2.263344476990271636e-01 -2.428198046947332711e-01 4.043359827383159603e-05 1.654646659039135936e-01 -1.523756564625988741e-01 1.508042423767667062e-01 -1.762775880726840105e-01 4.058503818608465846e-02 3.530771510482341169e-01 3.507410657628111661e-01 1.203150587760235535e-01 1.409201606810976670e-01 -2.312082328296273439e-03 3.542469857266806327e-02 -3.723278822238057506e-02 1.544069056490415814e-01 -1.228064725128274470e-01 -4.865106692986493828e-03 -3.538618037974092800e-01 -3.539899719824943225e-01 1.063021507334217623e-02 1.556452963130488809e-01 1.074560036366687815e-01 -2.068514070301635255e-01 -2.561357802421023733e-01 -9.947640431152043102e-04 2.144604343816211844e-01 1.348735443940594636e-01 -2.051058435823555418e-02
-3.350577982760722384e-01 -3.835487026429264951e-02 7.991491887817596396e-02 -2.611359054745990282e-01 -1.603591363637373590e-01 -3.798935545087312338e-03 1.724373718037515713e-01 -1.812010213284189764e-01 -1.861193010178031348e-01 -2.174672778284049077e-03 2.148348771140857344e-02 -7.732311258641212659e-02 -1.221621535401560127e-01 -3.838015046516995432e-01 -1.250877175922926465e-01 1.523302655740319256e-01 -1.043581786652406779e-01 6.697853403970208119e-02 -3.795646661942769784e-01 5.884959987949878527e-03 5.911983039362958200e-03 1.856470479591709188e-01 2.010559859049194653e-01 1.949700579623138696e-01 -7.234076645387799154e-02 1.078922488614880298e-01 -2.660709313707896317e-01 -1.240481512999967867e-01 8.320039731954674556e-02 -3.143715479461474116e-01
