# of blocks mean (X_1)     std.err. (X_1)  std.err.err. (X_1)  
# from 50000 to 0
2049        -1.18892435774 1.30536352e-05  2.03963051e-07       
1024        -1.18892422656 1.69050416e-05  3.73734706e-07       
512         -1.18892422656 1.96675984e-05  6.15213539e-07       
256         -1.18892422656 2.04580801e-05  9.05899014e-07       
128         -1.18892422656 2.07396672e-05  1.30132246e-06       
64          -1.18892422656 2.13532933e-05  1.90230256e-06       
32          -1.18892422656 2.14618744e-05  2.72566077e-06       
16          -1.18892422656 2.00935154e-05  3.66855722e-06       
8           -1.18892422656 2.34879140e-05  6.27740906e-06       
4           -1.18892422656 2.81086107e-05  1.14752923e-05       
2           -1.18892422656 1.19912109e-05  8.47906657e-06       
