# of blocks mean (X_1)     std.err. (X_1)  std.err.err. (X_1)  
# from 50000 to 0
2049        -1.18881623280 1.34943570e-05  2.10849328e-07       
1024        -1.18881583643 1.76088702e-05  3.89294866e-07       
512         -1.18881583643 2.09459847e-05  6.55202179e-07       
256         -1.18881583643 2.22096373e-05  9.83459269e-07       
128         -1.18881583643 2.46610856e-05  1.54737413e-06       
64          -1.18881583643 2.59219102e-05  2.30930730e-06       
32          -1.18881583643 2.02307130e-05  2.56930312e-06       
16          -1.18881583643 2.31531482e-05  4.22716718e-06       
8           -1.18881583643 1.71527898e-05  4.58427591e-06       
4           -1.18881583643 2.46824599e-05  1.00765721e-05       
2           -1.18881583643 3.47006836e-05  2.45370887e-05       
