# of blocks mean (X_5)     std.err. (X_5)  std.err.err. (X_5)  mean (X_6)     std.err. (X_6)  std.err.err. (X_6)  cov(X_5,X_6)   mean (X_5/X_6)   std.err. (X_5/X_6) 
# from 50000 to 0
2049        -34794297.6236 2.53098384e+02  3.95466224e+00       90763.9218513  6.60226908e-01  1.03160454e-02       -3.42393e+05   -383.349429089478 1.812274496988e-07 
1024        -34794298.6173 3.53368737e+02  7.81223520e+00       90763.9244442  9.21789873e-01  2.03788240e-02       -3.33549e+05   -383.349429086029 2.521605509800e-07 
512         -34794298.6173 4.88163399e+02  1.52700257e+01       90763.9244442  1.27341198e+00  3.98330428e-02       -3.18276e+05   -383.349429086029 3.453375710650e-07 
256         -34794298.6173 6.64455077e+02  2.94225653e+01       90763.9244442  1.73328162e+00  7.67510004e-02       -2.94832e+05   -383.349429086029 4.578907265449e-07 
128         -34794298.6173 8.79605551e+02  5.51913609e+01       90763.9244442  2.29451701e+00  1.43970802e-01       -2.58339e+05   -383.349429086029 5.872121577306e-07 
64          -34794298.6173 1.15440328e+03  1.02842418e+02       90763.9244442  3.01133721e+00  2.68271241e-01       -2.22483e+05   -383.349429086029 6.994581761298e-07 
32          -34794298.6173 1.36384743e+03  1.73208797e+02       90763.9244442  3.55771905e+00  4.51830772e-01       -1.55270e+05   -383.349429086030 5.869648301361e-07 
16          -34794298.6173 1.47586280e+03  2.69454449e+02       90763.9244442  3.84991603e+00  7.02895284e-01       -9.09112e+04   -383.349429086029 6.436382662159e-07 
8           -34794298.6173 1.22223142e+03  3.26655087e+02       90763.9244442  3.18833443e+00  8.52118220e-01       -3.11751e+04   -383.349429086029 7.306743899570e-07 
4           -34794298.6173 1.55914612e+03  6.36518739e+02       90763.9244442  4.06725735e+00  1.66045086e+00       -2.53658e+04   -383.349429086029 1.081532697223e-06 
2           -34794298.6173 1.47149086e+03  1.04050116e+03       90763.9244442  3.83839854e+00  2.71415763e+00       -1.12963e+04   -383.349429086029 4.734124238119e-07 
