5.901012215178745857e-01 3.494916167675056751e-01 2.775446863120319130e-02 -1.143740940555272867e-01 2.333254205959620631e-01 -6.482594491917924584e-01 -2.027396085859971830e-01
2.830343540162121863e-01 6.047591271631693743e-01 -1.285443378463431152e-01 8.286982606342822855e-02 -1.183161268603642458e-01 6.295221083461628453e-01 -3.470880391536048659e-01
-5.697353160777600400e-02 3.521765049113188828e-02 7.180076485752165949e-01 6.634264301283530063e-01 7.154225648966727746e-02 -3.627003197986879146e-02 -1.827848803955841872e-01
8.787814351248136174e-03 2.256487947554130721e-02 6.664196628619970530e-01 -7.208035351586025152e-01 -2.290784508947520115e-03 1.858528297442805788e-01 -3.455683968984316762e-02
5.199448678318394634e-01 -3.896595196698301455e-01 7.164517276566170767e-02 6.184020394352950090e-02 -7.537838067997486569e-01 -8.213812588957800087e-03 -2.465882054841894364e-02
5.321161644324304829e-01 -1.954504288835151871e-01 6.078376914626144878e-02 1.173251359881432310e-01 4.609633502259667392e-01 3.477743445038546932e-01 5.725010553056546492e-01
1.218959219574596020e-01 -5.659833388096719986e-01 -1.192819971529452128e-01 -5.262504811240867331e-02 3.817849688320882895e-01 1.630654797339139706e-01 -6.895335675363515326e-01
