# No.Blocks      Mean       Error        Error_in_Error
        2278  -30400.029238361771       0.66408965531066455        9.8407953899365165E-003
        1139  -30400.029238361785       0.88859438120529644        1.8625907160054890E-002
         569  -30400.025260642506        1.1443513290951008        3.3952379197495594E-002
         284  -30400.011292478772        1.3936918497869286        5.8581237908703308E-002
         142  -30400.011292478746        1.6027965142525138        9.5445143468393195E-002
          71  -30400.011292478739        1.6958320413647028       0.14332396650643242     
          35  -30400.092204264503        1.6009690384393604       0.19414601320085365     
          17  -30399.684530147930        1.4400301735883045       0.25456377521438284     
           8  -30399.860160362648        1.8016831531999045       0.48152007705689925     
           4  -30399.860160362645        2.1428384064449060       0.87481011617144144     
           2  -30399.860160362645        2.5249629490713952        1.7854184235331667     
