# of blocks mean (X_1)     std.err. (X_1)  std.err.err. (X_1)  
# from 50000 to 0
2049        -1.67739909126 6.46597968e-05  1.01030932e-06       
1024        -1.67739926611 8.40181959e-05  1.85746456e-06       
512         -1.67739926611 9.68420933e-05  3.02927514e-06       
256         -1.67739926611 9.12701821e-05  4.04151159e-06       
128         -1.67739926611 8.93824521e-05  5.60835384e-06       
64          -1.67739926611 8.73412660e-05  7.78097841e-06       
32          -1.67739926611 7.76566998e-05  9.86241074e-06       
16          -1.67739926611 6.51819316e-05  1.19005381e-05       
8           -1.67739926611 7.47930218e-05  1.99892759e-05       
4           -1.67739926611 9.88251900e-05  4.03452149e-05       
2           -1.67739926611 1.43745605e-04  1.01643492e-04       
