# of blocks mean (X_5)     std.err. (X_5)  std.err.err. (X_5)  mean (X_6)     std.err. (X_6)  std.err.err. (X_6)  cov(X_5,X_6)   mean (X_5/X_6)   std.err. (X_5/X_6) 
# from 50000 to 0
2049        -16077804.9799 4.26926418e+02  6.67072529e+00       29996.2811089  7.96507600e-01  1.24454312e-02       -6.96763e+05   -535.993276017233 8.757906959228e-07 
1024        -16077803.1234 5.96939271e+02  1.31970644e+01       29996.2776470  1.11369672e+00  2.46214784e-02       -6.80765e+05   -535.993275985800 1.215744402250e-06 
512         -16077803.1234 8.21588716e+02  2.56997571e+01       29996.2776470  1.53282020e+00  4.79474780e-02       -6.44786e+05   -535.993275985800 1.654936300001e-06 
256         -16077803.1234 1.10189529e+03  4.87927434e+01       29996.2776470  2.05578096e+00  9.10315109e-02       -5.79905e+05   -535.993275985800 2.193956964653e-06 
128         -16077803.1234 1.45223687e+03  9.11214456e+01       29996.2776470  2.70940471e+00  1.70003171e-01       -5.03641e+05   -535.993275985800 2.755776274554e-06 
64          -16077803.1234 1.79333413e+03  1.59762902e+02       29996.2776470  3.34577722e+00  2.98065525e-01       -3.84006e+05   -535.993275985800 3.217322210240e-06 
32          -16077803.1234 2.23797539e+03  2.84223159e+02       29996.2776470  4.17530739e+00  5.30264569e-01       -2.99016e+05   -535.993275985800 3.874618769732e-06 
16          -16077803.1234 1.91874200e+03  3.50312759e+02       29996.2776470  3.57966840e+00  6.53555044e-01       -1.09895e+05   -535.993275985800 4.677954251672e-06 
8           -16077803.1234 1.94078369e+03  5.18696259e+02       29996.2776470  3.62077315e+00  9.67692329e-01       -5.62171e+04   -535.993275985800 4.702622878192e-06 
4           -16077803.1234 2.34552975e+03  9.57558512e+02       29996.2776470  4.37586630e+00  1.78643994e+00       -4.10549e+04   -535.993275985800 6.814473992312e-06 
2           -16077803.1234 2.73592290e+03  1.93458963e+03       29996.2776470  5.10376887e+00  3.60890958e+00       -2.79270e+04   -535.993275985800 1.123813574868e-05 
