# Block_length   Mean       Error        Error_in_Error
        2257  -1.1914785112695032        1.0444198921844004E-004   1.5548574875905759E-006
        1128  -1.1914802113425162        1.4410826831009519E-004   3.0353721396764579E-006
         564  -1.1914802113425174        1.9478637031171688E-004   5.8048281841902246E-006
         282  -1.1914802113425162        2.5274330576819417E-004   1.0661332884781963E-005
         141  -1.1914802113425176        3.1989893441352723E-004   1.9117617925331729E-005
          70  -1.1915047481982608        3.7898001654998226E-004   3.2260921411523103E-005
          35  -1.1915047481982610        4.0284269882965348E-004   4.8851852875986621E-005
          17  -1.1916041264676553        4.2619156388835536E-004   7.5340736227488947E-005
           8  -1.1915431580125264        4.1994794586223624E-004   1.1223580954971281E-004
           4  -1.1915431580125264        4.5823946027886807E-004   1.8707547628193116E-004
           2  -1.1915431580125264        4.5637394260845780E-004   3.2270510957528077E-004
