# No.Blocks      Mean       Error        Error_in_Error
        2257  -795.48015200841178        8.2875056051113921E-002   1.2337844424435006E-003
        1128  -795.47917257426286       0.11547122126476311        2.4321861061245183E-003
         564  -795.47917257426218       0.15880281869118645        4.7324824431619868E-003
         282  -795.47917257426218       0.21272046702376804        8.9730713280560051E-003
         141  -795.47917257426218       0.27788680566448259        1.6606913014336821E-002
          70  -795.47234887879233       0.34638532921328002        2.9486277365182379E-002
          35  -795.47234887879256       0.34368951884366161        4.1678476135592002E-002
          17  -795.39837646001797       0.38234774389099396        6.7590170619174786E-002
           8  -795.44350801685016       0.37259014583674871        9.9578905100660781E-002
           4  -795.44350801685005       0.36803257526219246       0.15024866968580308     
           2  -795.44350801685005       0.34790005969633730       0.24600249138648478     
