# No.Blocks      Mean       Error        Error_in_Error
        2257   947.79750725942051        4.9217204796514612E-002   7.3271047371652642E-004
        1128   947.79769265735263        6.8811220342873083E-002   1.4493801332512654E-003
         564   947.79769265735274        9.5150169908445076E-002   2.8355699997445181E-003
         282   947.79769265735194       0.12915481660633307        5.4480671182483304E-003
         141   947.79769265735297       0.17017953364985208        1.0170172367074418E-002
          70   947.80908074950457       0.21977416685864207        1.8708419483048199E-002
          35   947.80908074950503       0.24020153127190166        2.9128714260857475E-002
          17   947.79998757543103       0.24043583763557794        4.2503452808096219E-002
           8   947.80526956296001       0.28406700748655400        7.5920101207202384E-002
           4   947.80526956295989       0.38147292120793352       0.15573566794139479     
           2   947.80526956295989       0.15339856844162700       0.10846916796938316     
